   8.767746E+01   2.643572E+01
   8.769844E+01   2.642847E+01
   8.770991E+01   2.642722E+01
   8.771154E+01   2.642679E+01
   8.771262E+01   2.642645E+01
   8.771414E+01   2.642439E+01
   8.771481E+01   2.642263E+01
   8.771620E+01   2.642234E+01
   8.771847E+01   2.642228E+01
   8.771955E+01   2.642091E+01
   8.772260E+01   2.641699E+01
   8.772340E+01   2.641468E+01
   8.772732E+01   2.641063E+01
   8.773715E+01   2.641399E+01
   8.774840E+01   2.641792E+01
   8.775301E+01   2.641084E+01
   8.775885E+01   2.640884E+01
   8.776721E+01   2.641838E+01
   8.777470E+01   2.642688E+01
   8.777693E+01   2.643079E+01
   8.777556E+01   2.643264E+01
   8.777815E+01   2.643481E+01
   8.777454E+01   2.643466E+01
   8.777281E+01   2.644029E+01
   8.777588E+01   2.644141E+01
   8.777661E+01   2.644582E+01
   8.777754E+01   2.644905E+01
   8.777520E+01   2.644862E+01
   8.777342E+01   2.644755E+01
   8.777402E+01   2.645031E+01
   8.777654E+01   2.645150E+01
   8.777793E+01   2.645366E+01
   8.778031E+01   2.645396E+01
   8.778310E+01   2.645799E+01
   8.778496E+01   2.645882E+01
   8.778919E+01   2.645932E+01
   8.778948E+01   2.646223E+01
   8.778592E+01   2.646314E+01
   8.778784E+01   2.646717E+01
   8.780077E+01   2.646632E+01
   8.780861E+01   2.645500E+01
   8.782250E+01   2.644722E+01
   8.783667E+01   2.643944E+01
   8.785194E+01   2.644528E+01
   8.786139E+01   2.645722E+01
   8.787639E+01   2.646583E+01
   8.789056E+01   2.647333E+01
   8.789944E+01   2.645917E+01
   8.790806E+01   2.644639E+01
   8.792556E+01   2.644500E+01
   8.792358E+01   2.642870E+01
   8.792643E+01   2.642538E+01
   8.792757E+01   2.641740E+01
   8.793435E+01   2.641679E+01
   8.794395E+01   2.641118E+01
   8.795294E+01   2.640590E+01
   8.796886E+01   2.639677E+01
   8.799180E+01   2.638410E+01
   8.799177E+01   2.637355E+01
   8.799625E+01   2.636557E+01
   8.800169E+01   2.636618E+01
   8.800462E+01   2.636461E+01
   8.800730E+01   2.636104E+01
   8.801861E+01   2.636294E+01
   8.802586E+01   2.636423E+01
   8.802956E+01   2.636660E+01
   8.802780E+01   2.636798E+01
   8.802690E+01   2.636948E+01
   8.802616E+01   2.637149E+01
   8.802690E+01   2.637319E+01
   8.802847E+01   2.637536E+01
   8.802963E+01   2.637623E+01
   8.803088E+01   2.637637E+01
   8.803160E+01   2.637769E+01
   8.803076E+01   2.637863E+01
   8.802980E+01   2.637872E+01
   8.802893E+01   2.637830E+01
   8.802813E+01   2.637876E+01
   8.802839E+01   2.637948E+01
   8.802831E+01   2.637987E+01
   8.802757E+01   2.638001E+01
   8.802720E+01   2.638052E+01
   8.802716E+01   2.638180E+01
   8.802671E+01   2.638244E+01
   8.802671E+01   2.638296E+01
   8.802786E+01   2.638302E+01
   8.802905E+01   2.638308E+01
   8.802956E+01   2.638357E+01
   8.803005E+01   2.638352E+01
   8.803020E+01   2.638311E+01
   8.803030E+01   2.638235E+01
   8.803064E+01   2.638223E+01
   8.803091E+01   2.638267E+01
   8.803114E+01   2.638373E+01
   8.803158E+01   2.638504E+01
   8.803151E+01   2.638600E+01
   8.803109E+01   2.638674E+01
   8.803099E+01   2.638788E+01
   8.803152E+01   2.638879E+01
   8.803239E+01   2.638885E+01
   8.803311E+01   2.638793E+01
   8.803350E+01   2.638749E+01
   8.803407E+01   2.638795E+01
   8.803407E+01   2.638884E+01
   8.803410E+01   2.639038E+01
   8.803443E+01   2.639122E+01
   8.803444E+01   2.639167E+01
   8.803470E+01   2.639222E+01
   8.803517E+01   2.639242E+01
   8.803560E+01   2.639215E+01
   8.803526E+01   2.639147E+01
   8.803561E+01   2.639108E+01
   8.803615E+01   2.639123E+01
   8.803669E+01   2.639156E+01
   8.803734E+01   2.639163E+01
   8.803792E+01   2.639192E+01
   8.803797E+01   2.639262E+01
   8.803754E+01   2.639346E+01
   8.803799E+01   2.639390E+01
   8.803872E+01   2.639426E+01
   8.803984E+01   2.639415E+01
   8.804032E+01   2.639442E+01
   8.804086E+01   2.639514E+01
   8.804159E+01   2.639542E+01
   8.804226E+01   2.639577E+01
   8.804271E+01   2.639572E+01
   8.804347E+01   2.639578E+01
   8.804381E+01   2.639630E+01
   8.804378E+01   2.639688E+01
   8.804412E+01   2.639745E+01
   8.804498E+01   2.639792E+01
   8.804558E+01   2.639740E+01
   8.804593E+01   2.639724E+01
   8.804648E+01   2.639724E+01
   8.804691E+01   2.639740E+01
   8.804736E+01   2.639775E+01
   8.804717E+01   2.639811E+01
   8.804657E+01   2.639857E+01
   8.804581E+01   2.639874E+01
   8.804524E+01   2.639912E+01
   8.804506E+01   2.639974E+01
   8.804530E+01   2.640001E+01
   8.804609E+01   2.639997E+01
   8.804657E+01   2.640014E+01
   8.804659E+01   2.640067E+01
   8.804707E+01   2.640094E+01
   8.804729E+01   2.640152E+01
   8.804776E+01   2.640146E+01
   8.804789E+01   2.640089E+01
   8.804790E+01   2.640043E+01
   8.804814E+01   2.640008E+01
   8.804869E+01   2.640012E+01
   8.804945E+01   2.640019E+01
   8.805074E+01   2.640014E+01
   8.805115E+01   2.639964E+01
   8.805264E+01   2.640138E+01
   8.805572E+01   2.640488E+01
   8.805569E+01   2.640584E+01
   8.805667E+01   2.640586E+01
   8.805742E+01   2.640673E+01
   8.805875E+01   2.640764E+01
   8.805962E+01   2.640956E+01
   8.806245E+01   2.641036E+01
   8.806484E+01   2.641260E+01
   8.806713E+01   2.641489E+01
   8.806997E+01   2.641888E+01
   8.807852E+01   2.642053E+01
   8.808606E+01   2.642464E+01
   8.809221E+01   2.642915E+01
   8.809127E+01   2.643254E+01
   8.809343E+01   2.643678E+01
   8.809265E+01   2.644035E+01
   8.809324E+01   2.644890E+01
   8.810042E+01   2.645546E+01
   8.810327E+01   2.646448E+01
   8.810453E+01   2.647133E+01
   8.809711E+01   2.647806E+01
   8.808956E+01   2.650126E+01
   8.809352E+01   2.651005E+01
   8.810535E+01   2.652060E+01
   8.810003E+01   2.652799E+01
   8.810005E+01   2.654491E+01
   8.810167E+01   2.655233E+01
   8.810548E+01   2.656000E+01
   8.810730E+01   2.656543E+01
   8.811066E+01   2.656982E+01
   8.811482E+01   2.656684E+01
   8.811715E+01   2.657037E+01
   8.811927E+01   2.657373E+01
   8.811834E+01   2.657738E+01
   8.812131E+01   2.658015E+01
   8.812602E+01   2.658344E+01
   8.812335E+01   2.658818E+01
   8.812414E+01   2.659182E+01
   8.812828E+01   2.659521E+01
   8.812759E+01   2.660141E+01
   8.813212E+01   2.660331E+01
   8.813328E+01   2.660807E+01
   8.813519E+01   2.661190E+01
   8.813929E+01   2.661257E+01
   8.813908E+01   2.661621E+01
   8.814093E+01   2.662095E+01
   8.814401E+01   2.662168E+01
   8.814602E+01   2.662402E+01
   8.815044E+01   2.662227E+01
   8.815582E+01   2.662481E+01
   8.815587E+01   2.663016E+01
   8.815799E+01   2.663416E+01
   8.816265E+01   2.663851E+01
   8.816442E+01   2.664086E+01
   8.816506E+01   2.664443E+01
   8.816287E+01   2.664767E+01
   8.816378E+01   2.664931E+01
   8.816477E+01   2.665068E+01
   8.816469E+01   2.665174E+01
   8.816413E+01   2.665286E+01
   8.816413E+01   2.665500E+01
   8.816295E+01   2.665655E+01
   8.816480E+01   2.666022E+01
   8.816186E+01   2.666651E+01
   8.816525E+01   2.667352E+01
   8.816750E+01   2.668052E+01
   8.816996E+01   2.668547E+01
   8.817324E+01   2.669048E+01
   8.817592E+01   2.669732E+01
   8.817740E+01   2.670212E+01
   8.817679E+01   2.670631E+01
   8.817806E+01   2.671050E+01
   8.817925E+01   2.671234E+01
   8.818074E+01   2.671660E+01
   8.818272E+01   2.672201E+01
   8.818382E+01   2.672740E+01
   8.818608E+01   2.673303E+01
   8.818924E+01   2.674468E+01
   8.818931E+01   2.675414E+01
   8.818829E+01   2.676610E+01
   8.818177E+01   2.678536E+01
   8.818100E+01   2.678997E+01
   8.818110E+01   2.679310E+01
   8.818038E+01   2.679502E+01
   8.818019E+01   2.679761E+01
   8.817844E+01   2.680015E+01
   8.817753E+01   2.680361E+01
   8.817728E+01   2.680717E+01
   8.817777E+01   2.681024E+01
   8.817801E+01   2.681231E+01
   8.817868E+01   2.681485E+01
   8.817753E+01   2.681774E+01
   8.817512E+01   2.682084E+01
   8.817224E+01   2.682435E+01
   8.817075E+01   2.682704E+01
   8.817214E+01   2.683079E+01
   8.817339E+01   2.683324E+01
   8.817123E+01   2.683611E+01
   8.816806E+01   2.683736E+01
   8.816859E+01   2.684091E+01
   8.816993E+01   2.684475E+01
   8.816739E+01   2.684778E+01
   8.816945E+01   2.685066E+01
   8.817368E+01   2.685228E+01
   8.817407E+01   2.685464E+01
   8.817315E+01   2.685709E+01
   8.817262E+01   2.686098E+01
   8.817315E+01   2.686530E+01
   8.817243E+01   2.686812E+01
   8.817017E+01   2.686923E+01
   8.816777E+01   2.686985E+01
   8.816486E+01   2.687307E+01
   8.816385E+01   2.687783E+01
   8.816107E+01   2.688162E+01
   8.815540E+01   2.688482E+01
   8.815035E+01   2.688770E+01
   8.814513E+01   2.689082E+01
   8.814172E+01   2.689428E+01
   8.813792E+01   2.689782E+01
   8.813627E+01   2.689904E+01
   8.813884E+01   2.690176E+01
   8.813859E+01   2.690493E+01
   8.814027E+01   2.690800E+01
   8.814197E+01   2.691044E+01
   8.814199E+01   2.691135E+01
   8.814426E+01   2.691454E+01
   8.814467E+01   2.691555E+01
   8.814437E+01   2.691607E+01
   8.814436E+01   2.691663E+01
   8.814398E+01   2.691725E+01
   8.814418E+01   2.691815E+01
   8.814462E+01   2.691926E+01
   8.814560E+01   2.692034E+01
   8.814590E+01   2.692118E+01
   8.814416E+01   2.692339E+01
   8.814310E+01   2.692415E+01
   8.814212E+01   2.692625E+01
   8.814132E+01   2.692686E+01
   8.813982E+01   2.692829E+01
   8.813917E+01   2.692914E+01
   8.813866E+01   2.693095E+01
   8.813792E+01   2.693271E+01
   8.813607E+01   2.693449E+01
   8.813483E+01   2.693524E+01
   8.813360E+01   2.693667E+01
   8.813245E+01   2.693787E+01
   8.813153E+01   2.693830E+01
   8.813012E+01   2.693912E+01
   8.812828E+01   2.694067E+01
   8.812771E+01   2.694162E+01
   8.812651E+01   2.694280E+01
   8.812496E+01   2.694460E+01
   8.812401E+01   2.694598E+01
   8.812323E+01   2.694725E+01
   8.812226E+01   2.694855E+01
   8.812129E+01   2.694961E+01
   8.812039E+01   2.695049E+01
   8.812069E+01   2.695160E+01
   8.812089E+01   2.695250E+01
   8.812081E+01   2.695337E+01
   8.812107E+01   2.695546E+01
   8.812159E+01   2.695716E+01
   8.812273E+01   2.695978E+01
   8.812255E+01   2.696087E+01
   8.812226E+01   2.696246E+01
   8.812249E+01   2.696319E+01
   8.812210E+01   2.696397E+01
   8.812200E+01   2.696627E+01
   8.812226E+01   2.696761E+01
   8.812311E+01   2.697010E+01
   8.812431E+01   2.697180E+01
   8.812532E+01   2.697329E+01
   8.812614E+01   2.697451E+01
   8.812825E+01   2.697746E+01
   8.812967E+01   2.697935E+01
   8.813042E+01   2.698076E+01
   8.813150E+01   2.698151E+01
   8.813266E+01   2.698278E+01
   8.813424E+01   2.698373E+01
   8.813472E+01   2.698456E+01
   8.813543E+01   2.698494E+01
   8.813453E+01   2.698581E+01
   8.813377E+01   2.698682E+01
   8.813103E+01   2.698703E+01
   8.812919E+01   2.698783E+01
   8.812439E+01   2.698782E+01
   8.812234E+01   2.698754E+01
   8.811960E+01   2.698747E+01
   8.811600E+01   2.698858E+01
   8.811386E+01   2.698977E+01
   8.811204E+01   2.699123E+01
   8.810928E+01   2.699269E+01
   8.810917E+01   2.699366E+01
   8.810867E+01   2.699527E+01
   8.810737E+01   2.699555E+01
   8.810674E+01   2.699676E+01
   8.810425E+01   2.699765E+01
   8.810220E+01   2.699988E+01
   8.810033E+01   2.700217E+01
   8.809846E+01   2.700413E+01
   8.809621E+01   2.700412E+01
   8.809530E+01   2.700442E+01
   8.809335E+01   2.700462E+01
   8.809161E+01   2.700514E+01
   8.809030E+01   2.700692E+01
   8.808888E+01   2.700778E+01
   8.808859E+01   2.700923E+01
   8.808801E+01   2.701063E+01
   8.808758E+01   2.701145E+01
   8.808853E+01   2.701464E+01
   8.808786E+01   2.701695E+01
   8.808712E+01   2.701807E+01
   8.808474E+01   2.702095E+01
   8.808417E+01   2.702190E+01
   8.808350E+01   2.702453E+01
   8.808322E+01   2.702642E+01
   8.808288E+01   2.702915E+01
   8.808187E+01   2.703094E+01
   8.807961E+01   2.703355E+01
   8.807916E+01   2.703414E+01
   8.807749E+01   2.703551E+01
   8.807634E+01   2.703579E+01
   8.807490E+01   2.703480E+01
   8.807284E+01   2.703408E+01
   8.807139E+01   2.703299E+01
   8.806916E+01   2.703148E+01
   8.806752E+01   2.703140E+01
   8.806613E+01   2.703137E+01
   8.806400E+01   2.703117E+01
   8.806225E+01   2.703012E+01
   8.805956E+01   2.702927E+01
   8.805905E+01   2.703016E+01
   8.805653E+01   2.703232E+01
   8.805575E+01   2.703262E+01
   8.805426E+01   2.703297E+01
   8.805267E+01   2.703334E+01
   8.805088E+01   2.703451E+01
   8.804563E+01   2.703686E+01
   8.804319E+01   2.703672E+01
   8.804220E+01   2.703633E+01
   8.804096E+01   2.703662E+01
   8.803953E+01   2.703623E+01
   8.803787E+01   2.703652E+01
   8.803751E+01   2.703745E+01
   8.803679E+01   2.703806E+01
   8.803649E+01   2.703886E+01
   8.803653E+01   2.704032E+01
   8.803585E+01   2.704162E+01
   8.803496E+01   2.704311E+01
   8.803382E+01   2.704357E+01
   8.803301E+01   2.704404E+01
   8.803243E+01   2.704522E+01
   8.803111E+01   2.704675E+01
   8.803022E+01   2.704705E+01
   8.803009E+01   2.704836E+01
   8.802918E+01   2.704911E+01
   8.802879E+01   2.704962E+01
   8.802862E+01   2.705032E+01
   8.802743E+01   2.705119E+01
   8.802655E+01   2.705334E+01
   8.802575E+01   2.705485E+01
   8.802593E+01   2.705688E+01
   8.802540E+01   2.705874E+01
   8.802402E+01   2.706000E+01
   8.802319E+01   2.706144E+01
   8.802245E+01   2.706331E+01
   8.802256E+01   2.706418E+01
   8.802281E+01   2.706509E+01
   8.802133E+01   2.706878E+01
   8.802092E+01   2.706966E+01
   8.801841E+01   2.707043E+01
   8.801624E+01   2.707374E+01
   8.801626E+01   2.707603E+01
   8.801744E+01   2.707812E+01
   8.801803E+01   2.707969E+01
   8.801925E+01   2.708111E+01
   8.802079E+01   2.708260E+01
   8.802073E+01   2.708532E+01
   8.802097E+01   2.708788E+01
   8.801905E+01   2.708758E+01
   8.801718E+01   2.708864E+01
   8.801603E+01   2.708852E+01
   8.801547E+01   2.708945E+01
   8.801516E+01   2.709019E+01
   8.801370E+01   2.709146E+01
   8.801249E+01   2.709378E+01
   8.801230E+01   2.709600E+01
   8.801174E+01   2.709757E+01
   8.801091E+01   2.709782E+01
   8.800906E+01   2.709851E+01
   8.800854E+01   2.709880E+01
   8.800795E+01   2.709948E+01
   8.800832E+01   2.710048E+01
   8.800753E+01   2.710150E+01
   8.800576E+01   2.710252E+01
   8.800327E+01   2.710461E+01
   8.800149E+01   2.710510E+01
   8.799949E+01   2.710407E+01
   8.799808E+01   2.710372E+01
   8.799488E+01   2.710368E+01
   8.799308E+01   2.710498E+01
   8.799081E+01   2.710656E+01
   8.799095E+01   2.710916E+01
   8.799091E+01   2.711077E+01
   8.798965E+01   2.711181E+01
   8.798979E+01   2.711378E+01
   8.798907E+01   2.711557E+01
   8.798927E+01   2.711651E+01
   8.798847E+01   2.711780E+01
   8.798845E+01   2.711904E+01
   8.798729E+01   2.711951E+01
   8.798849E+01   2.712074E+01
   8.798873E+01   2.712163E+01
   8.798888E+01   2.712267E+01
   8.798867E+01   2.712375E+01
   8.798988E+01   2.712468E+01
   8.799044E+01   2.712549E+01
   8.799096E+01   2.712755E+01
   8.799101E+01   2.713046E+01
   8.799203E+01   2.713147E+01
   8.799343E+01   2.713218E+01
   8.799453E+01   2.713255E+01
   8.799587E+01   2.713279E+01
   8.799708E+01   2.713315E+01
   8.799851E+01   2.713382E+01
   8.799958E+01   2.713493E+01
   8.799948E+01   2.713604E+01
   8.799939E+01   2.713721E+01
   8.800024E+01   2.713805E+01
   8.800070E+01   2.713955E+01
   8.800092E+01   2.714072E+01
   8.800327E+01   2.714156E+01
   8.800415E+01   2.714139E+01
   8.800440E+01   2.714279E+01
   8.800571E+01   2.714350E+01
   8.800721E+01   2.714376E+01
   8.800775E+01   2.714492E+01
   8.800792E+01   2.714719E+01
   8.800859E+01   2.714886E+01
   8.800829E+01   2.714971E+01
   8.800869E+01   2.715071E+01
   8.800919E+01   2.715167E+01
   8.800948E+01   2.715368E+01
   8.801019E+01   2.715514E+01
   8.800948E+01   2.715783E+01
   8.801089E+01   2.715920E+01
   8.801077E+01   2.716005E+01
   8.801111E+01   2.716147E+01
   8.801141E+01   2.716331E+01
   8.801137E+01   2.716516E+01
   8.801084E+01   2.716596E+01
   8.801189E+01   2.716649E+01
   8.801224E+01   2.716712E+01
   8.801373E+01   2.716719E+01
   8.801481E+01   2.716806E+01
   8.801634E+01   2.716947E+01
   8.801761E+01   2.717026E+01
   8.801922E+01   2.717119E+01
   8.801811E+01   2.717317E+01
   8.801741E+01   2.717408E+01
   8.801603E+01   2.717493E+01
   8.801420E+01   2.717667E+01
   8.801233E+01   2.717773E+01
   8.801341E+01   2.717961E+01
   8.801341E+01   2.718114E+01
   8.801283E+01   2.718293E+01
   8.801333E+01   2.718374E+01
   8.801309E+01   2.718462E+01
   8.801355E+01   2.718628E+01
   8.801331E+01   2.718764E+01
   8.801384E+01   2.718877E+01
   8.801377E+01   2.719096E+01
   8.801528E+01   2.719265E+01
   8.801575E+01   2.719437E+01
   8.801586E+01   2.719634E+01
   8.801538E+01   2.719804E+01
   8.801477E+01   2.720059E+01
   8.801337E+01   2.720158E+01
   8.801166E+01   2.720370E+01
   8.801231E+01   2.720486E+01
   8.801451E+01   2.720858E+01
   8.801523E+01   2.720987E+01
   8.801550E+01   2.721102E+01
   8.801440E+01   2.721199E+01
   8.801356E+01   2.721299E+01
   8.801204E+01   2.721595E+01
   8.801293E+01   2.721774E+01
   8.801438E+01   2.722034E+01
   8.801599E+01   2.722248E+01
   8.801750E+01   2.722304E+01
   8.801793E+01   2.722399E+01
   8.801874E+01   2.722522E+01
   8.801886E+01   2.722776E+01
   8.801898E+01   2.722934E+01
   8.801960E+01   2.723148E+01
   8.801889E+01   2.723408E+01
   8.801932E+01   2.723640E+01
   8.802050E+01   2.723746E+01
   8.802263E+01   2.723803E+01
   8.802468E+01   2.723743E+01
   8.802435E+01   2.723993E+01
   8.802408E+01   2.724222E+01
   8.802509E+01   2.724426E+01
   8.802626E+01   2.724588E+01
   8.802699E+01   2.724776E+01
   8.802748E+01   2.724934E+01
   8.802810E+01   2.724989E+01
   8.803033E+01   2.725017E+01
   8.803085E+01   2.725185E+01
   8.803047E+01   2.725395E+01
   8.803013E+01   2.725553E+01
   8.803083E+01   2.725815E+01
   8.803064E+01   2.725931E+01
   8.803098E+01   2.726134E+01
   8.803055E+01   2.726309E+01
   8.803091E+01   2.726419E+01
   8.803175E+01   2.726557E+01
   8.803114E+01   2.726749E+01
   8.803112E+01   2.726942E+01
   8.803083E+01   2.727129E+01
   8.803013E+01   2.727224E+01
   8.803111E+01   2.727542E+01
   8.803199E+01   2.727848E+01
   8.803245E+01   2.728078E+01
   8.803162E+01   2.728454E+01
   8.803158E+01   2.728641E+01
   8.803344E+01   2.728742E+01
   8.803462E+01   2.728872E+01
   8.803516E+01   2.728983E+01
   8.803661E+01   2.729005E+01
   8.803798E+01   2.729190E+01
   8.803962E+01   2.729190E+01
   8.804174E+01   2.729165E+01
   8.804442E+01   2.729357E+01
   8.804412E+01   2.729428E+01
   8.804370E+01   2.729605E+01
   8.804304E+01   2.729762E+01
   8.804155E+01   2.730073E+01
   8.804138E+01   2.730454E+01
   8.804276E+01   2.730704E+01
   8.804422E+01   2.730897E+01
   8.804493E+01   2.731027E+01
   8.804839E+01   2.731286E+01
   8.804864E+01   2.731460E+01
   8.804943E+01   2.731514E+01
   8.804930E+01   2.731803E+01
   8.805051E+01   2.732078E+01
   8.805190E+01   2.732278E+01
   8.805220E+01   2.732403E+01
   8.805315E+01   2.732507E+01
   8.805551E+01   2.732610E+01
   8.805677E+01   2.732713E+01
   8.805824E+01   2.732802E+01
   8.806000E+01   2.732866E+01
   8.806005E+01   2.733018E+01
   8.806192E+01   2.733261E+01
   8.806338E+01   2.733453E+01
   8.806456E+01   2.733530E+01
   8.806587E+01   2.733604E+01
   8.806634E+01   2.733643E+01
   8.806472E+01   2.734044E+01
   8.806395E+01   2.734210E+01
   8.806283E+01   2.734364E+01
   8.806165E+01   2.734435E+01
   8.806117E+01   2.734601E+01
   8.806151E+01   2.734680E+01
   8.805957E+01   2.735048E+01
   8.805868E+01   2.735166E+01
   8.805787E+01   2.735478E+01
   8.805681E+01   2.735633E+01
   8.805463E+01   2.735768E+01
   8.805125E+01   2.735833E+01
   8.804930E+01   2.735957E+01
   8.804714E+01   2.736236E+01
   8.804652E+01   2.736458E+01
   8.804470E+01   2.736633E+01
   8.804308E+01   2.736907E+01
   8.804167E+01   2.737037E+01
   8.804185E+01   2.737365E+01
   8.804285E+01   2.737537E+01
   8.804403E+01   2.737863E+01
   8.804487E+01   2.738022E+01
   8.804493E+01   2.738259E+01
   8.804396E+01   2.738478E+01
   8.804469E+01   2.738649E+01
   8.804502E+01   2.738843E+01
   8.804486E+01   2.739057E+01
   8.804549E+01   2.739207E+01
   8.804562E+01   2.739556E+01
   8.804670E+01   2.739774E+01
   8.804736E+01   2.739929E+01
   8.804829E+01   2.740101E+01
   8.804739E+01   2.740339E+01
   8.804683E+01   2.740534E+01
   8.804926E+01   2.740706E+01
   8.804996E+01   2.740998E+01
   8.805055E+01   2.741187E+01
   8.805028E+01   2.741289E+01
   8.805146E+01   2.741394E+01
   8.805383E+01   2.741647E+01
   8.805524E+01   2.741833E+01
   8.805676E+01   2.741879E+01
   8.805799E+01   2.741865E+01
   8.806030E+01   2.742130E+01
   8.806294E+01   2.742231E+01
   8.806644E+01   2.742463E+01
   8.806766E+01   2.742551E+01
   8.806938E+01   2.742583E+01
   8.807072E+01   2.742621E+01
   8.807222E+01   2.742619E+01
   8.807334E+01   2.742638E+01
   8.807442E+01   2.742664E+01
   8.807643E+01   2.742691E+01
   8.807888E+01   2.742669E+01
   8.807999E+01   2.742707E+01
   8.807984E+01   2.742850E+01
   8.807998E+01   2.743018E+01
   8.807865E+01   2.743125E+01
   8.807805E+01   2.743261E+01
   8.807577E+01   2.743342E+01
   8.807170E+01   2.743485E+01
   8.806809E+01   2.743798E+01
   8.806794E+01   2.743959E+01
   8.806911E+01   2.744122E+01
   8.806989E+01   2.744237E+01
   8.807091E+01   2.744375E+01
   8.807176E+01   2.744451E+01
   8.807237E+01   2.744547E+01
   8.807126E+01   2.744634E+01
   8.807048E+01   2.744731E+01
   8.806983E+01   2.744833E+01
   8.806689E+01   2.745023E+01
   8.806552E+01   2.745308E+01
   8.806453E+01   2.745417E+01
   8.806595E+01   2.745507E+01
   8.806692E+01   2.745748E+01
   8.806647E+01   2.745851E+01
   8.806476E+01   2.745918E+01
   8.806280E+01   2.745949E+01
   8.806104E+01   2.746090E+01
   8.805927E+01   2.746307E+01
   8.805786E+01   2.746512E+01
   8.805709E+01   2.746655E+01
   8.805659E+01   2.746770E+01
   8.805469E+01   2.746879E+01
   8.805198E+01   2.747065E+01
   8.805033E+01   2.747235E+01
   8.804832E+01   2.747269E+01
   8.804712E+01   2.747479E+01
   8.804527E+01   2.747650E+01
   8.804382E+01   2.747868E+01
   8.804451E+01   2.748026E+01
   8.804513E+01   2.748186E+01
   8.804401E+01   2.748472E+01
   8.804366E+01   2.748842E+01
   8.804417E+01   2.749197E+01
   8.804435E+01   2.749408E+01
   8.804354E+01   2.749588E+01
   8.804426E+01   2.749752E+01
   8.804510E+01   2.749957E+01
   8.804562E+01   2.750045E+01
   8.804675E+01   2.750196E+01
   8.804879E+01   2.750243E+01
   8.804948E+01   2.750395E+01
   8.805069E+01   2.750460E+01
   8.805322E+01   2.750497E+01
   8.805470E+01   2.750485E+01
   8.805631E+01   2.750722E+01
   8.805744E+01   2.750965E+01
   8.805911E+01   2.751086E+01
   8.806075E+01   2.751130E+01
   8.806141E+01   2.751230E+01
   8.806072E+01   2.751363E+01
   8.805929E+01   2.751463E+01
   8.805717E+01   2.751628E+01
   8.805728E+01   2.751810E+01
   8.805947E+01   2.752279E+01
   8.806108E+01   2.752520E+01
   8.806255E+01   2.752630E+01
   8.806414E+01   2.752661E+01
   8.806650E+01   2.752647E+01
   8.806592E+01   2.752862E+01
   8.806461E+01   2.752999E+01
   8.806245E+01   2.753016E+01
   8.805970E+01   2.753168E+01
   8.805892E+01   2.753336E+01
   8.805909E+01   2.753602E+01
   8.805993E+01   2.753807E+01
   8.806103E+01   2.754050E+01
   8.806294E+01   2.754177E+01
   8.806501E+01   2.754488E+01
   8.806704E+01   2.754538E+01
   8.806850E+01   2.754692E+01
   8.806836E+01   2.755017E+01
   8.806823E+01   2.755157E+01
   8.806897E+01   2.755345E+01
   8.806875E+01   2.755540E+01
   8.807015E+01   2.755633E+01
   8.807263E+01   2.755702E+01
   8.807454E+01   2.755827E+01
   8.807668E+01   2.755957E+01
   8.807865E+01   2.756156E+01
   8.807979E+01   2.756410E+01
   8.808091E+01   2.756503E+01
   8.808041E+01   2.756648E+01
   8.807941E+01   2.756820E+01
   8.807774E+01   2.756944E+01
   8.807625E+01   2.757077E+01
   8.807506E+01   2.757225E+01
   8.807628E+01   2.757385E+01
   8.807683E+01   2.757510E+01
   8.807747E+01   2.757620E+01
   8.807830E+01   2.757766E+01
   8.807856E+01   2.757953E+01
   8.807986E+01   2.758086E+01
   8.808124E+01   2.758390E+01
   8.808265E+01   2.758630E+01
   8.808317E+01   2.758737E+01
   8.808397E+01   2.758863E+01
   8.808495E+01   2.759038E+01
   8.808759E+01   2.759310E+01
   8.808902E+01   2.759472E+01
   8.809144E+01   2.759639E+01
   8.809274E+01   2.759779E+01
   8.809471E+01   2.759861E+01
   8.809700E+01   2.759905E+01
   8.809820E+01   2.759965E+01
   8.810020E+01   2.760087E+01
   8.810219E+01   2.760168E+01
   8.810418E+01   2.760218E+01
   8.810612E+01   2.760323E+01
   8.810824E+01   2.760579E+01
   8.810950E+01   2.760686E+01
   8.811096E+01   2.760853E+01
   8.811350E+01   2.761085E+01
   8.811323E+01   2.761216E+01
   8.811417E+01   2.761519E+01
   8.811514E+01   2.761997E+01
   8.811542E+01   2.762163E+01
   8.811763E+01   2.762502E+01
   8.811904E+01   2.762693E+01
   8.811878E+01   2.762808E+01
   8.811744E+01   2.762888E+01
   8.811774E+01   2.763211E+01
   8.811876E+01   2.763534E+01
   8.812031E+01   2.763868E+01
   8.812016E+01   2.764099E+01
   8.812025E+01   2.764226E+01
   8.811990E+01   2.764391E+01
   8.811992E+01   2.764576E+01
   8.812203E+01   2.764674E+01
   8.812350E+01   2.764902E+01
   8.812565E+01   2.765097E+01
   8.812699E+01   2.765185E+01
   8.812785E+01   2.765255E+01
   8.812961E+01   2.765370E+01
   8.813090E+01   2.765525E+01
   8.813225E+01   2.765584E+01
   8.813401E+01   2.765656E+01
   8.813658E+01   2.765736E+01
   8.813848E+01   2.765913E+01
   8.813962E+01   2.766106E+01
   8.814148E+01   2.766277E+01
   8.814282E+01   2.766395E+01
   8.814480E+01   2.766689E+01
   8.814526E+01   2.767023E+01
   8.814576E+01   2.767225E+01
   8.814636E+01   2.767453E+01
   8.814743E+01   2.768076E+01
   8.814865E+01   2.768340E+01
   8.814891E+01   2.768460E+01
   8.815046E+01   2.768548E+01
   8.815200E+01   2.768852E+01
   8.815374E+01   2.769001E+01
   8.815439E+01   2.769131E+01
   8.815358E+01   2.769284E+01
   8.815209E+01   2.769532E+01
   8.815091E+01   2.769747E+01
   8.815064E+01   2.769900E+01
   8.814995E+01   2.769949E+01
   8.814924E+01   2.770078E+01
   8.814785E+01   2.770259E+01
   8.814769E+01   2.770360E+01
   8.814902E+01   2.770591E+01
   8.814926E+01   2.770834E+01
   8.815115E+01   2.771028E+01
   8.815338E+01   2.771375E+01
   8.815410E+01   2.771647E+01
   8.815533E+01   2.771802E+01
   8.815522E+01   2.772087E+01
   8.815441E+01   2.772225E+01
   8.815461E+01   2.772490E+01
   8.815435E+01   2.772748E+01
   8.815523E+01   2.773249E+01
   8.815584E+01   2.773526E+01
   8.815612E+01   2.773673E+01
   8.815720E+01   2.773784E+01
   8.815784E+01   2.773859E+01
   8.815862E+01   2.774098E+01
   8.815971E+01   2.774101E+01
   8.816283E+01   2.774060E+01
   8.816465E+01   2.774112E+01
   8.816590E+01   2.774161E+01
   8.816729E+01   2.774146E+01
   8.816864E+01   2.774151E+01
   8.817001E+01   2.774195E+01
   8.817197E+01   2.774276E+01
   8.817429E+01   2.774414E+01
   8.817611E+01   2.774635E+01
   8.817841E+01   2.774722E+01
   8.817862E+01   2.774914E+01
   8.817859E+01   2.775043E+01
   8.817749E+01   2.775347E+01
   8.817683E+01   2.775642E+01
   8.817654E+01   2.775813E+01
   8.817683E+01   2.775889E+01
   8.817868E+01   2.776028E+01
   8.818144E+01   2.776297E+01
   8.818216E+01   2.776464E+01
   8.818322E+01   2.776636E+01
   8.818311E+01   2.776732E+01
   8.818174E+01   2.776841E+01
   8.818131E+01   2.776951E+01
   8.818147E+01   2.777217E+01
   8.818208E+01   2.777321E+01
   8.818215E+01   2.777420E+01
   8.818109E+01   2.777590E+01
   8.818166E+01   2.777647E+01
   8.818342E+01   2.777688E+01
   8.818510E+01   2.777740E+01
   8.818587E+01   2.777847E+01
   8.818708E+01   2.777994E+01
   8.818781E+01   2.778093E+01
   8.819050E+01   2.778380E+01
   8.819464E+01   2.778633E+01
   8.819534E+01   2.778785E+01
   8.819553E+01   2.778887E+01
   8.819712E+01   2.779114E+01
   8.819665E+01   2.779267E+01
   8.819548E+01   2.779328E+01
   8.819469E+01   2.779466E+01
   8.819364E+01   2.779639E+01
   8.819180E+01   2.779684E+01
   8.819114E+01   2.779800E+01
   8.819000E+01   2.779818E+01
   8.818920E+01   2.779907E+01
   8.818799E+01   2.779965E+01
   8.818669E+01   2.780161E+01
   8.818602E+01   2.780322E+01
   8.818590E+01   2.780436E+01
   8.818607E+01   2.780652E+01
   8.818566E+01   2.780826E+01
   8.818512E+01   2.780992E+01
   8.818511E+01   2.781079E+01
   8.818257E+01   2.781255E+01
   8.818080E+01   2.781384E+01
   8.817910E+01   2.781569E+01
   8.817756E+01   2.781629E+01
   8.817509E+01   2.781744E+01
   8.817369E+01   2.781756E+01
   8.817330E+01   2.781791E+01
   8.817349E+01   2.781917E+01
   8.817302E+01   2.782076E+01
   8.817460E+01   2.782143E+01
   8.817913E+01   2.782305E+01
   8.818157E+01   2.782294E+01
   8.818274E+01   2.782343E+01
   8.818679E+01   2.782529E+01
   8.818916E+01   2.782792E+01
   8.818977E+01   2.782849E+01
   8.819077E+01   2.782993E+01
   8.819128E+01   2.783232E+01
   8.819342E+01   2.783416E+01
   8.819469E+01   2.783611E+01
   8.819616E+01   2.783664E+01
   8.819927E+01   2.783673E+01
   8.819989E+01   2.783664E+01
   8.820112E+01   2.783765E+01
   8.820153E+01   2.783960E+01
   8.820141E+01   2.784232E+01
   8.820085E+01   2.784369E+01
   8.819915E+01   2.784472E+01
   8.819786E+01   2.784588E+01
   8.819745E+01   2.784746E+01
   8.819686E+01   2.784892E+01
   8.819723E+01   2.785015E+01
   8.819673E+01   2.785207E+01
   8.819589E+01   2.785449E+01
   8.819265E+01   2.785493E+01
   8.818974E+01   2.785439E+01
   8.818824E+01   2.785406E+01
   8.818613E+01   2.785577E+01
   8.818510E+01   2.785697E+01
   8.818312E+01   2.785727E+01
   8.818148E+01   2.785712E+01
   8.817844E+01   2.785683E+01
   8.817765E+01   2.785762E+01
   8.817683E+01   2.785792E+01
   8.817609E+01   2.785898E+01
   8.817549E+01   2.786009E+01
   8.817392E+01   2.786200E+01
   8.817328E+01   2.786255E+01
   8.817128E+01   2.786376E+01
   8.817063E+01   2.786415E+01
   8.816934E+01   2.786468E+01
   8.816697E+01   2.786579E+01
   8.816614E+01   2.786673E+01
   8.816503E+01   2.786793E+01
   8.816308E+01   2.786899E+01
   8.816127E+01   2.786963E+01
   8.815818E+01   2.787064E+01
   8.815530E+01   2.787112E+01
   8.815360E+01   2.787109E+01
   8.815260E+01   2.787315E+01
   8.815094E+01   2.787475E+01
   8.815000E+01   2.787591E+01
   8.814812E+01   2.787703E+01
   8.814696E+01   2.787714E+01
   8.814564E+01   2.787754E+01
   8.814189E+01   2.787856E+01
   8.813985E+01   2.787831E+01
   8.813920E+01   2.787787E+01
   8.813880E+01   2.787824E+01
   8.813622E+01   2.788108E+01
   8.812836E+01   2.788037E+01
   8.810725E+01   2.786516E+01
   8.809078E+01   2.787445E+01
   8.808698E+01   2.789345E+01
   8.806798E+01   2.789134E+01
   8.805785E+01   2.789683E+01
   8.802913E+01   2.790528E+01
   8.801816E+01   2.789979E+01
   8.799651E+01   2.789195E+01
   8.795735E+01   2.790978E+01
   8.793188E+01   2.791806E+01
   8.791628E+01   2.791710E+01
   8.790004E+01   2.791169E+01
   8.788285E+01   2.791328E+01
   8.786725E+01   2.791105E+01
   8.786248E+01   2.792029E+01
   8.785770E+01   2.792793E+01
   8.785897E+01   2.793843E+01
   8.784751E+01   2.794480E+01
   8.782714E+01   2.794448E+01
   8.782555E+01   2.792411E+01
   8.782172E+01   2.791901E+01
   8.781377E+01   2.792188E+01
   8.780358E+01   2.790978E+01
   8.778225E+01   2.789259E+01
   8.777683E+01   2.787253E+01
   8.776728E+01   2.785979E+01
   8.775709E+01   2.783974E+01
   8.774627E+01   2.783687E+01
   8.773481E+01   2.782032E+01
   8.773353E+01   2.780949E+01
   8.772430E+01   2.780504E+01
   8.771093E+01   2.781140E+01
   8.769819E+01   2.781236E+01
   8.768705E+01   2.781332E+01
   8.760529E+01   2.767992E+01
   8.756301E+01   2.769252E+01
   8.749018E+01   2.757645E+01
   8.751233E+01   2.729896E+01
   8.761450E+01   2.728704E+01
   8.774133E+01   2.723011E+01
   8.771328E+01   2.718655E+01
   8.759985E+01   2.710237E+01
   8.753622E+01   2.701515E+01
   8.753526E+01   2.689769E+01
   8.762125E+01   2.683972E+01
   8.765999E+01   2.681162E+01
   8.767736E+01   2.678328E+01
   8.764284E+01   2.667574E+01
   8.764074E+01   2.658257E+01
   8.765707E+01   2.647846E+01
   8.764410E+01   2.639381E+01
   8.765088E+01   2.639984E+01
   8.765670E+01   2.640837E+01
   8.767012E+01   2.641308E+01
   8.767746E+01   2.643572E+01
   8.767746E+01   2.643572E+01
   8.769844E+01   2.642847E+01
   8.770991E+01   2.642722E+01
   8.771154E+01   2.642679E+01
   8.771262E+01   2.642645E+01
   8.771414E+01   2.642439E+01
   8.771481E+01   2.642263E+01
   8.771620E+01   2.642234E+01
   8.771847E+01   2.642228E+01
   8.771955E+01   2.642091E+01
   8.772260E+01   2.641699E+01
   8.772340E+01   2.641468E+01
   8.772732E+01   2.641063E+01
   8.773715E+01   2.641399E+01
   8.774840E+01   2.641792E+01
   8.775301E+01   2.641084E+01
   8.775885E+01   2.640884E+01
   8.776721E+01   2.641838E+01
   8.777470E+01   2.642688E+01
   8.777693E+01   2.643079E+01
   8.777556E+01   2.643264E+01
   8.777815E+01   2.643481E+01
   8.777454E+01   2.643466E+01
   8.777281E+01   2.644029E+01
   8.777588E+01   2.644141E+01
   8.777661E+01   2.644582E+01
   8.777754E+01   2.644905E+01
   8.777520E+01   2.644862E+01
   8.777342E+01   2.644755E+01
   8.777402E+01   2.645031E+01
   8.777654E+01   2.645150E+01
   8.777793E+01   2.645366E+01
   8.778031E+01   2.645396E+01
   8.778310E+01   2.645799E+01
   8.778496E+01   2.645882E+01
   8.778919E+01   2.645932E+01
   8.778948E+01   2.646223E+01
   8.778592E+01   2.646314E+01
   8.778784E+01   2.646717E+01
   8.780077E+01   2.646632E+01
   8.780861E+01   2.645500E+01
   8.782250E+01   2.644722E+01
   8.783667E+01   2.643944E+01
   8.785194E+01   2.644528E+01
   8.786139E+01   2.645722E+01
   8.787639E+01   2.646583E+01
   8.789056E+01   2.647333E+01
   8.789944E+01   2.645917E+01
   8.790806E+01   2.644639E+01
   8.792556E+01   2.644500E+01
   8.792358E+01   2.642870E+01
   8.792643E+01   2.642538E+01
   8.792757E+01   2.641740E+01
   8.793435E+01   2.641679E+01
   8.794395E+01   2.641118E+01
   8.795294E+01   2.640590E+01
   8.796886E+01   2.639677E+01
   8.799180E+01   2.638410E+01
   8.799177E+01   2.637355E+01
   8.799625E+01   2.636557E+01
   8.800169E+01   2.636618E+01
   8.800462E+01   2.636461E+01
   8.800730E+01   2.636104E+01
   8.801861E+01   2.636294E+01
   8.802586E+01   2.636423E+01
   8.802956E+01   2.636660E+01
   8.802780E+01   2.636798E+01
   8.802690E+01   2.636948E+01
   8.802616E+01   2.637149E+01
   8.802690E+01   2.637319E+01
   8.802847E+01   2.637536E+01
   8.802963E+01   2.637623E+01
   8.803088E+01   2.637637E+01
   8.803160E+01   2.637769E+01
   8.803076E+01   2.637863E+01
   8.802980E+01   2.637872E+01
   8.802893E+01   2.637830E+01
   8.802813E+01   2.637876E+01
   8.802839E+01   2.637948E+01
   8.802831E+01   2.637987E+01
   8.802757E+01   2.638001E+01
   8.802720E+01   2.638052E+01
   8.802716E+01   2.638180E+01
   8.802671E+01   2.638244E+01
   8.802671E+01   2.638296E+01
   8.802786E+01   2.638302E+01
   8.802905E+01   2.638308E+01
   8.802956E+01   2.638357E+01
   8.803005E+01   2.638352E+01
   8.803020E+01   2.638311E+01
   8.803030E+01   2.638235E+01
   8.803064E+01   2.638223E+01
   8.803091E+01   2.638267E+01
   8.803114E+01   2.638373E+01
   8.803158E+01   2.638504E+01
   8.803151E+01   2.638600E+01
   8.803109E+01   2.638674E+01
   8.803099E+01   2.638788E+01
   8.803152E+01   2.638879E+01
   8.803239E+01   2.638885E+01
   8.803311E+01   2.638793E+01
   8.803350E+01   2.638749E+01
   8.803407E+01   2.638795E+01
   8.803407E+01   2.638884E+01
   8.803410E+01   2.639038E+01
   8.803443E+01   2.639122E+01
   8.803444E+01   2.639167E+01
   8.803470E+01   2.639222E+01
   8.803517E+01   2.639242E+01
   8.803560E+01   2.639215E+01
   8.803526E+01   2.639147E+01
   8.803561E+01   2.639108E+01
   8.803615E+01   2.639123E+01
   8.803669E+01   2.639156E+01
   8.803734E+01   2.639163E+01
   8.803792E+01   2.639192E+01
   8.803797E+01   2.639262E+01
   8.803754E+01   2.639346E+01
   8.803799E+01   2.639390E+01
   8.803872E+01   2.639426E+01
   8.803984E+01   2.639415E+01
   8.804032E+01   2.639442E+01
   8.804086E+01   2.639514E+01
   8.804159E+01   2.639542E+01
   8.804226E+01   2.639577E+01
   8.804271E+01   2.639572E+01
   8.804347E+01   2.639578E+01
   8.804381E+01   2.639630E+01
   8.804378E+01   2.639688E+01
   8.804412E+01   2.639745E+01
   8.804498E+01   2.639792E+01
   8.804558E+01   2.639740E+01
   8.804593E+01   2.639724E+01
   8.804648E+01   2.639724E+01
   8.804691E+01   2.639740E+01
   8.804736E+01   2.639775E+01
   8.804717E+01   2.639811E+01
   8.804657E+01   2.639857E+01
   8.804581E+01   2.639874E+01
   8.804524E+01   2.639912E+01
   8.804506E+01   2.639974E+01
   8.804530E+01   2.640001E+01
   8.804609E+01   2.639997E+01
   8.804657E+01   2.640014E+01
   8.804659E+01   2.640067E+01
   8.804707E+01   2.640094E+01
   8.804729E+01   2.640152E+01
   8.804776E+01   2.640146E+01
   8.804789E+01   2.640089E+01
   8.804790E+01   2.640043E+01
   8.804814E+01   2.640008E+01
   8.804869E+01   2.640012E+01
   8.804945E+01   2.640019E+01
   8.805074E+01   2.640014E+01
   8.805115E+01   2.639964E+01
   8.805264E+01   2.640138E+01
   8.805572E+01   2.640488E+01
   8.805569E+01   2.640584E+01
   8.805667E+01   2.640586E+01
   8.805742E+01   2.640673E+01
   8.805875E+01   2.640764E+01
   8.805962E+01   2.640956E+01
   8.806245E+01   2.641036E+01
   8.806484E+01   2.641260E+01
   8.806713E+01   2.641489E+01
   8.806997E+01   2.641888E+01
   8.807852E+01   2.642053E+01
   8.808606E+01   2.642464E+01
   8.809221E+01   2.642915E+01
   8.809127E+01   2.643254E+01
   8.809343E+01   2.643678E+01
   8.809265E+01   2.644035E+01
   8.809324E+01   2.644890E+01
   8.810042E+01   2.645546E+01
   8.810327E+01   2.646448E+01
   8.810453E+01   2.647133E+01
   8.809711E+01   2.647806E+01
   8.808956E+01   2.650126E+01
   8.809352E+01   2.651005E+01
   8.810535E+01   2.652060E+01
   8.810003E+01   2.652799E+01
   8.810005E+01   2.654491E+01
   8.810167E+01   2.655233E+01
   8.810548E+01   2.656000E+01
   8.810730E+01   2.656543E+01
   8.811066E+01   2.656982E+01
   8.811482E+01   2.656684E+01
   8.811715E+01   2.657037E+01
   8.811927E+01   2.657373E+01
   8.811834E+01   2.657738E+01
   8.812131E+01   2.658015E+01
   8.812602E+01   2.658344E+01
   8.812335E+01   2.658818E+01
   8.812414E+01   2.659182E+01
   8.812828E+01   2.659521E+01
   8.812759E+01   2.660141E+01
   8.813212E+01   2.660331E+01
   8.813328E+01   2.660807E+01
   8.813519E+01   2.661190E+01
   8.813929E+01   2.661257E+01
   8.813908E+01   2.661621E+01
   8.814093E+01   2.662095E+01
   8.814401E+01   2.662168E+01
   8.814602E+01   2.662402E+01
   8.815044E+01   2.662227E+01
   8.815582E+01   2.662481E+01
   8.815587E+01   2.663016E+01
   8.815799E+01   2.663416E+01
   8.816265E+01   2.663851E+01
   8.816442E+01   2.664086E+01
   8.816506E+01   2.664443E+01
   8.816287E+01   2.664767E+01
   8.816378E+01   2.664931E+01
   8.816477E+01   2.665068E+01
   8.816469E+01   2.665174E+01
   8.816413E+01   2.665286E+01
   8.816413E+01   2.665500E+01
   8.816295E+01   2.665655E+01
   8.816480E+01   2.666022E+01
   8.816186E+01   2.666651E+01
   8.816525E+01   2.667352E+01
   8.816750E+01   2.668052E+01
   8.816996E+01   2.668547E+01
   8.817324E+01   2.669048E+01
   8.817592E+01   2.669732E+01
   8.817740E+01   2.670212E+01
   8.817679E+01   2.670631E+01
   8.817806E+01   2.671050E+01
   8.817925E+01   2.671234E+01
   8.818074E+01   2.671660E+01
   8.818272E+01   2.672201E+01
   8.818382E+01   2.672740E+01
   8.818608E+01   2.673303E+01
   8.818924E+01   2.674468E+01
   8.818931E+01   2.675414E+01
   8.818829E+01   2.676610E+01
   8.818177E+01   2.678536E+01
   8.818100E+01   2.678997E+01
   8.818110E+01   2.679310E+01
   8.818038E+01   2.679502E+01
   8.818019E+01   2.679761E+01
   8.817844E+01   2.680015E+01
   8.817753E+01   2.680361E+01
   8.817728E+01   2.680717E+01
   8.817777E+01   2.681024E+01
   8.817801E+01   2.681231E+01
   8.817868E+01   2.681485E+01
   8.817753E+01   2.681774E+01
   8.817512E+01   2.682084E+01
   8.817224E+01   2.682435E+01
   8.817075E+01   2.682704E+01
   8.817214E+01   2.683079E+01
   8.817339E+01   2.683324E+01
   8.817123E+01   2.683611E+01
   8.816806E+01   2.683736E+01
   8.816859E+01   2.684091E+01
   8.816993E+01   2.684475E+01
   8.816739E+01   2.684778E+01
   8.816945E+01   2.685066E+01
   8.817368E+01   2.685228E+01
   8.817407E+01   2.685464E+01
   8.817315E+01   2.685709E+01
   8.817262E+01   2.686098E+01
   8.817315E+01   2.686530E+01
   8.817243E+01   2.686812E+01
   8.817017E+01   2.686923E+01
   8.816777E+01   2.686985E+01
   8.816486E+01   2.687307E+01
   8.816385E+01   2.687783E+01
   8.816107E+01   2.688162E+01
   8.815540E+01   2.688482E+01
   8.815035E+01   2.688770E+01
   8.814513E+01   2.689082E+01
   8.814172E+01   2.689428E+01
   8.813792E+01   2.689782E+01
   8.813627E+01   2.689904E+01
   8.813884E+01   2.690176E+01
   8.813859E+01   2.690493E+01
   8.814027E+01   2.690800E+01
   8.814197E+01   2.691044E+01
   8.814199E+01   2.691135E+01
   8.814426E+01   2.691454E+01
   8.814467E+01   2.691555E+01
   8.814437E+01   2.691607E+01
   8.814436E+01   2.691663E+01
   8.814398E+01   2.691725E+01
   8.814418E+01   2.691815E+01
   8.814462E+01   2.691926E+01
   8.814560E+01   2.692034E+01
   8.814590E+01   2.692118E+01
   8.814416E+01   2.692339E+01
   8.814310E+01   2.692415E+01
   8.814212E+01   2.692625E+01
   8.814132E+01   2.692686E+01
   8.813982E+01   2.692829E+01
   8.813917E+01   2.692914E+01
   8.813866E+01   2.693095E+01
   8.813792E+01   2.693271E+01
   8.813607E+01   2.693449E+01
   8.813483E+01   2.693524E+01
   8.813360E+01   2.693667E+01
   8.813245E+01   2.693787E+01
   8.813153E+01   2.693830E+01
   8.813012E+01   2.693912E+01
   8.812828E+01   2.694067E+01
   8.812771E+01   2.694162E+01
   8.812651E+01   2.694280E+01
   8.812496E+01   2.694460E+01
   8.812401E+01   2.694598E+01
   8.812323E+01   2.694725E+01
   8.812226E+01   2.694855E+01
   8.812129E+01   2.694961E+01
   8.812039E+01   2.695049E+01
   8.812069E+01   2.695160E+01
   8.812089E+01   2.695250E+01
   8.812081E+01   2.695337E+01
   8.812107E+01   2.695546E+01
   8.812159E+01   2.695716E+01
   8.812273E+01   2.695978E+01
   8.812255E+01   2.696087E+01
   8.812226E+01   2.696246E+01
   8.812249E+01   2.696319E+01
   8.812210E+01   2.696397E+01
   8.812200E+01   2.696627E+01
   8.812226E+01   2.696761E+01
   8.812311E+01   2.697010E+01
   8.812431E+01   2.697180E+01
   8.812532E+01   2.697329E+01
   8.812614E+01   2.697451E+01
   8.812825E+01   2.697746E+01
   8.812967E+01   2.697935E+01
   8.813042E+01   2.698076E+01
   8.813150E+01   2.698151E+01
   8.813266E+01   2.698278E+01
   8.813424E+01   2.698373E+01
   8.813472E+01   2.698456E+01
   8.813543E+01   2.698494E+01
   8.813453E+01   2.698581E+01
   8.813377E+01   2.698682E+01
   8.813103E+01   2.698703E+01
   8.812919E+01   2.698783E+01
   8.812439E+01   2.698782E+01
   8.812234E+01   2.698754E+01
   8.811960E+01   2.698747E+01
   8.811600E+01   2.698858E+01
   8.811386E+01   2.698977E+01
   8.811204E+01   2.699123E+01
   8.810928E+01   2.699269E+01
   8.810917E+01   2.699366E+01
   8.810867E+01   2.699527E+01
   8.810737E+01   2.699555E+01
   8.810674E+01   2.699676E+01
   8.810425E+01   2.699765E+01
   8.810220E+01   2.699988E+01
   8.810033E+01   2.700217E+01
   8.809846E+01   2.700413E+01
   8.809621E+01   2.700412E+01
   8.809530E+01   2.700442E+01
   8.809335E+01   2.700462E+01
   8.809161E+01   2.700514E+01
   8.809030E+01   2.700692E+01
   8.808888E+01   2.700778E+01
   8.808859E+01   2.700923E+01
   8.808801E+01   2.701063E+01
   8.808758E+01   2.701145E+01
   8.808853E+01   2.701464E+01
   8.808786E+01   2.701695E+01
   8.808712E+01   2.701807E+01
   8.808474E+01   2.702095E+01
   8.808417E+01   2.702190E+01
   8.808350E+01   2.702453E+01
   8.808322E+01   2.702642E+01
   8.808288E+01   2.702915E+01
   8.808187E+01   2.703094E+01
   8.807961E+01   2.703355E+01
   8.807916E+01   2.703414E+01
   8.807749E+01   2.703551E+01
   8.807634E+01   2.703579E+01
   8.807490E+01   2.703480E+01
   8.807284E+01   2.703408E+01
   8.807139E+01   2.703299E+01
   8.806916E+01   2.703148E+01
   8.806752E+01   2.703140E+01
   8.806613E+01   2.703137E+01
   8.806400E+01   2.703117E+01
   8.806225E+01   2.703012E+01
   8.805956E+01   2.702927E+01
   8.805905E+01   2.703016E+01
   8.805653E+01   2.703232E+01
   8.805575E+01   2.703262E+01
   8.805426E+01   2.703297E+01
   8.805267E+01   2.703334E+01
   8.805088E+01   2.703451E+01
   8.804563E+01   2.703686E+01
   8.804319E+01   2.703672E+01
   8.804220E+01   2.703633E+01
   8.804096E+01   2.703662E+01
   8.803953E+01   2.703623E+01
   8.803787E+01   2.703652E+01
   8.803751E+01   2.703745E+01
   8.803679E+01   2.703806E+01
   8.803649E+01   2.703886E+01
   8.803653E+01   2.704032E+01
   8.803585E+01   2.704162E+01
   8.803496E+01   2.704311E+01
   8.803382E+01   2.704357E+01
   8.803301E+01   2.704404E+01
   8.803243E+01   2.704522E+01
   8.803111E+01   2.704675E+01
   8.803022E+01   2.704705E+01
   8.803009E+01   2.704836E+01
   8.802918E+01   2.704911E+01
   8.802879E+01   2.704962E+01
   8.802862E+01   2.705032E+01
   8.802743E+01   2.705119E+01
   8.802655E+01   2.705334E+01
   8.802575E+01   2.705485E+01
   8.802593E+01   2.705688E+01
   8.802540E+01   2.705874E+01
   8.802402E+01   2.706000E+01
   8.802319E+01   2.706144E+01
   8.802245E+01   2.706331E+01
   8.802256E+01   2.706418E+01
   8.802281E+01   2.706509E+01
   8.802133E+01   2.706878E+01
   8.802092E+01   2.706966E+01
   8.801841E+01   2.707043E+01
   8.801624E+01   2.707374E+01
   8.801626E+01   2.707603E+01
   8.801744E+01   2.707812E+01
   8.801803E+01   2.707969E+01
   8.801925E+01   2.708111E+01
   8.802079E+01   2.708260E+01
   8.802073E+01   2.708532E+01
   8.802097E+01   2.708788E+01
   8.801905E+01   2.708758E+01
   8.801718E+01   2.708864E+01
   8.801603E+01   2.708852E+01
   8.801547E+01   2.708945E+01
   8.801516E+01   2.709019E+01
   8.801370E+01   2.709146E+01
   8.801249E+01   2.709378E+01
   8.801230E+01   2.709600E+01
   8.801174E+01   2.709757E+01
   8.801091E+01   2.709782E+01
   8.800906E+01   2.709851E+01
   8.800854E+01   2.709880E+01
   8.800795E+01   2.709948E+01
   8.800832E+01   2.710048E+01
   8.800753E+01   2.710150E+01
   8.800576E+01   2.710252E+01
   8.800327E+01   2.710461E+01
   8.800149E+01   2.710510E+01
   8.799949E+01   2.710407E+01
   8.799808E+01   2.710372E+01
   8.799488E+01   2.710368E+01
   8.799308E+01   2.710498E+01
   8.799081E+01   2.710656E+01
   8.799095E+01   2.710916E+01
   8.799091E+01   2.711077E+01
   8.798965E+01   2.711181E+01
   8.798979E+01   2.711378E+01
   8.798907E+01   2.711557E+01
   8.798927E+01   2.711651E+01
   8.798847E+01   2.711780E+01
   8.798845E+01   2.711904E+01
   8.798729E+01   2.711951E+01
   8.798849E+01   2.712074E+01
   8.798873E+01   2.712163E+01
   8.798888E+01   2.712267E+01
   8.798867E+01   2.712375E+01
   8.798988E+01   2.712468E+01
   8.799044E+01   2.712549E+01
   8.799096E+01   2.712755E+01
   8.799101E+01   2.713046E+01
   8.799203E+01   2.713147E+01
   8.799343E+01   2.713218E+01
   8.799453E+01   2.713255E+01
   8.799587E+01   2.713279E+01
   8.799708E+01   2.713315E+01
   8.799851E+01   2.713382E+01
   8.799958E+01   2.713493E+01
   8.799948E+01   2.713604E+01
   8.799939E+01   2.713721E+01
   8.800024E+01   2.713805E+01
   8.800070E+01   2.713955E+01
   8.800092E+01   2.714072E+01
   8.800327E+01   2.714156E+01
   8.800415E+01   2.714139E+01
   8.800440E+01   2.714279E+01
   8.800571E+01   2.714350E+01
   8.800721E+01   2.714376E+01
   8.800775E+01   2.714492E+01
   8.800792E+01   2.714719E+01
   8.800859E+01   2.714886E+01
   8.800829E+01   2.714971E+01
   8.800869E+01   2.715071E+01
   8.800919E+01   2.715167E+01
   8.800948E+01   2.715368E+01
   8.801019E+01   2.715514E+01
   8.800948E+01   2.715783E+01
   8.801089E+01   2.715920E+01
   8.801077E+01   2.716005E+01
   8.801111E+01   2.716147E+01
   8.801141E+01   2.716331E+01
   8.801137E+01   2.716516E+01
   8.801084E+01   2.716596E+01
   8.801189E+01   2.716649E+01
   8.801224E+01   2.716712E+01
   8.801373E+01   2.716719E+01
   8.801481E+01   2.716806E+01
   8.801634E+01   2.716947E+01
   8.801761E+01   2.717026E+01
   8.801922E+01   2.717119E+01
   8.801811E+01   2.717317E+01
   8.801741E+01   2.717408E+01
   8.801603E+01   2.717493E+01
   8.801420E+01   2.717667E+01
   8.801233E+01   2.717773E+01
   8.801341E+01   2.717961E+01
   8.801341E+01   2.718114E+01
   8.801283E+01   2.718293E+01
   8.801333E+01   2.718374E+01
   8.801309E+01   2.718462E+01
   8.801355E+01   2.718628E+01
   8.801331E+01   2.718764E+01
   8.801384E+01   2.718877E+01
   8.801377E+01   2.719096E+01
   8.801528E+01   2.719265E+01
   8.801575E+01   2.719437E+01
   8.801586E+01   2.719634E+01
   8.801538E+01   2.719804E+01
   8.801477E+01   2.720059E+01
   8.801337E+01   2.720158E+01
   8.801166E+01   2.720370E+01
   8.801231E+01   2.720486E+01
   8.801451E+01   2.720858E+01
   8.801523E+01   2.720987E+01
   8.801550E+01   2.721102E+01
   8.801440E+01   2.721199E+01
   8.801356E+01   2.721299E+01
   8.801204E+01   2.721595E+01
   8.801293E+01   2.721774E+01
   8.801438E+01   2.722034E+01
   8.801599E+01   2.722248E+01
   8.801750E+01   2.722304E+01
   8.801793E+01   2.722399E+01
   8.801874E+01   2.722522E+01
   8.801886E+01   2.722776E+01
   8.801898E+01   2.722934E+01
   8.801960E+01   2.723148E+01
   8.801889E+01   2.723408E+01
   8.801932E+01   2.723640E+01
   8.802050E+01   2.723746E+01
   8.802263E+01   2.723803E+01
   8.802468E+01   2.723743E+01
   8.802435E+01   2.723993E+01
   8.802408E+01   2.724222E+01
   8.802509E+01   2.724426E+01
   8.802626E+01   2.724588E+01
   8.802699E+01   2.724776E+01
   8.802748E+01   2.724934E+01
   8.802810E+01   2.724989E+01
   8.803033E+01   2.725017E+01
   8.803085E+01   2.725185E+01
   8.803047E+01   2.725395E+01
   8.803013E+01   2.725553E+01
   8.803083E+01   2.725815E+01
   8.803064E+01   2.725931E+01
   8.803098E+01   2.726134E+01
   8.803055E+01   2.726309E+01
   8.803091E+01   2.726419E+01
   8.803175E+01   2.726557E+01
   8.803114E+01   2.726749E+01
   8.803112E+01   2.726942E+01
   8.803083E+01   2.727129E+01
   8.803013E+01   2.727224E+01
   8.803111E+01   2.727542E+01
   8.803199E+01   2.727848E+01
   8.803245E+01   2.728078E+01
   8.803162E+01   2.728454E+01
   8.803158E+01   2.728641E+01
   8.803344E+01   2.728742E+01
   8.803462E+01   2.728872E+01
   8.803516E+01   2.728983E+01
   8.803661E+01   2.729005E+01
   8.803798E+01   2.729190E+01
   8.803962E+01   2.729190E+01
   8.804174E+01   2.729165E+01
   8.804442E+01   2.729357E+01
   8.804412E+01   2.729428E+01
   8.804370E+01   2.729605E+01
   8.804304E+01   2.729762E+01
   8.804155E+01   2.730073E+01
   8.804138E+01   2.730454E+01
   8.804276E+01   2.730704E+01
   8.804422E+01   2.730897E+01
   8.804493E+01   2.731027E+01
   8.804839E+01   2.731286E+01
   8.804864E+01   2.731460E+01
   8.804943E+01   2.731514E+01
   8.804930E+01   2.731803E+01
   8.805051E+01   2.732078E+01
   8.805190E+01   2.732278E+01
   8.805220E+01   2.732403E+01
   8.805315E+01   2.732507E+01
   8.805551E+01   2.732610E+01
   8.805677E+01   2.732713E+01
   8.805824E+01   2.732802E+01
   8.806000E+01   2.732866E+01
   8.806005E+01   2.733018E+01
   8.806192E+01   2.733261E+01
   8.806338E+01   2.733453E+01
   8.806456E+01   2.733530E+01
   8.806587E+01   2.733604E+01
   8.806634E+01   2.733643E+01
   8.806472E+01   2.734044E+01
   8.806395E+01   2.734210E+01
   8.806283E+01   2.734364E+01
   8.806165E+01   2.734435E+01
   8.806117E+01   2.734601E+01
   8.806151E+01   2.734680E+01
   8.805957E+01   2.735048E+01
   8.805868E+01   2.735166E+01
   8.805787E+01   2.735478E+01
   8.805681E+01   2.735633E+01
   8.805463E+01   2.735768E+01
   8.805125E+01   2.735833E+01
   8.804930E+01   2.735957E+01
   8.804714E+01   2.736236E+01
   8.804652E+01   2.736458E+01
   8.804470E+01   2.736633E+01
   8.804308E+01   2.736907E+01
   8.804167E+01   2.737037E+01
   8.804185E+01   2.737365E+01
   8.804285E+01   2.737537E+01
   8.804403E+01   2.737863E+01
   8.804487E+01   2.738022E+01
   8.804493E+01   2.738259E+01
   8.804396E+01   2.738478E+01
   8.804469E+01   2.738649E+01
   8.804502E+01   2.738843E+01
   8.804486E+01   2.739057E+01
   8.804549E+01   2.739207E+01
   8.804562E+01   2.739556E+01
   8.804670E+01   2.739774E+01
   8.804736E+01   2.739929E+01
   8.804829E+01   2.740101E+01
   8.804739E+01   2.740339E+01
   8.804683E+01   2.740534E+01
   8.804926E+01   2.740706E+01
   8.804996E+01   2.740998E+01
   8.805055E+01   2.741187E+01
   8.805028E+01   2.741289E+01
   8.805146E+01   2.741394E+01
   8.805383E+01   2.741647E+01
   8.805524E+01   2.741833E+01
   8.805676E+01   2.741879E+01
   8.805799E+01   2.741865E+01
   8.806030E+01   2.742130E+01
   8.806294E+01   2.742231E+01
   8.806644E+01   2.742463E+01
   8.806766E+01   2.742551E+01
   8.806938E+01   2.742583E+01
   8.807072E+01   2.742621E+01
   8.807222E+01   2.742619E+01
   8.807334E+01   2.742638E+01
   8.807442E+01   2.742664E+01
   8.807643E+01   2.742691E+01
   8.807888E+01   2.742669E+01
   8.807999E+01   2.742707E+01
   8.807984E+01   2.742850E+01
   8.807998E+01   2.743018E+01
   8.807865E+01   2.743125E+01
   8.807805E+01   2.743261E+01
   8.807577E+01   2.743342E+01
   8.807170E+01   2.743485E+01
   8.806809E+01   2.743798E+01
   8.806794E+01   2.743959E+01
   8.806911E+01   2.744122E+01
   8.806989E+01   2.744237E+01
   8.807091E+01   2.744375E+01
   8.807176E+01   2.744451E+01
   8.807237E+01   2.744547E+01
   8.807126E+01   2.744634E+01
   8.807048E+01   2.744731E+01
   8.806983E+01   2.744833E+01
   8.806689E+01   2.745023E+01
   8.806552E+01   2.745308E+01
   8.806453E+01   2.745417E+01
   8.806595E+01   2.745507E+01
   8.806692E+01   2.745748E+01
   8.806647E+01   2.745851E+01
   8.806476E+01   2.745918E+01
   8.806280E+01   2.745949E+01
   8.806104E+01   2.746090E+01
   8.805927E+01   2.746307E+01
   8.805786E+01   2.746512E+01
   8.805709E+01   2.746655E+01
   8.805659E+01   2.746770E+01
   8.805469E+01   2.746879E+01
   8.805198E+01   2.747065E+01
   8.805033E+01   2.747235E+01
   8.804832E+01   2.747269E+01
   8.804712E+01   2.747479E+01
   8.804527E+01   2.747650E+01
   8.804382E+01   2.747868E+01
   8.804451E+01   2.748026E+01
   8.804513E+01   2.748186E+01
   8.804401E+01   2.748472E+01
   8.804366E+01   2.748842E+01
   8.804417E+01   2.749197E+01
   8.804435E+01   2.749408E+01
   8.804354E+01   2.749588E+01
   8.804426E+01   2.749752E+01
   8.804510E+01   2.749957E+01
   8.804562E+01   2.750045E+01
   8.804675E+01   2.750196E+01
   8.804879E+01   2.750243E+01
   8.804948E+01   2.750395E+01
   8.805069E+01   2.750460E+01
   8.805322E+01   2.750497E+01
   8.805470E+01   2.750485E+01
   8.805631E+01   2.750722E+01
   8.805744E+01   2.750965E+01
   8.805911E+01   2.751086E+01
   8.806075E+01   2.751130E+01
   8.806141E+01   2.751230E+01
   8.806072E+01   2.751363E+01
   8.805929E+01   2.751463E+01
   8.805717E+01   2.751628E+01
   8.805728E+01   2.751810E+01
   8.805947E+01   2.752279E+01
   8.806108E+01   2.752520E+01
   8.806255E+01   2.752630E+01
   8.806414E+01   2.752661E+01
   8.806650E+01   2.752647E+01
   8.806592E+01   2.752862E+01
   8.806461E+01   2.752999E+01
   8.806245E+01   2.753016E+01
   8.805970E+01   2.753168E+01
   8.805892E+01   2.753336E+01
   8.805909E+01   2.753602E+01
   8.805993E+01   2.753807E+01
   8.806103E+01   2.754050E+01
   8.806294E+01   2.754177E+01
   8.806501E+01   2.754488E+01
   8.806704E+01   2.754538E+01
   8.806850E+01   2.754692E+01
   8.806836E+01   2.755017E+01
   8.806823E+01   2.755157E+01
   8.806897E+01   2.755345E+01
   8.806875E+01   2.755540E+01
   8.807015E+01   2.755633E+01
   8.807263E+01   2.755702E+01
   8.807454E+01   2.755827E+01
   8.807668E+01   2.755957E+01
   8.807865E+01   2.756156E+01
   8.807979E+01   2.756410E+01
   8.808091E+01   2.756503E+01
   8.808041E+01   2.756648E+01
   8.807941E+01   2.756820E+01
   8.807774E+01   2.756944E+01
   8.807625E+01   2.757077E+01
   8.807506E+01   2.757225E+01
   8.807628E+01   2.757385E+01
   8.807683E+01   2.757510E+01
   8.807747E+01   2.757620E+01
   8.807830E+01   2.757766E+01
   8.807856E+01   2.757953E+01
   8.807986E+01   2.758086E+01
   8.808124E+01   2.758390E+01
   8.808265E+01   2.758630E+01
   8.808317E+01   2.758737E+01
   8.808397E+01   2.758863E+01
   8.808495E+01   2.759038E+01
   8.808759E+01   2.759310E+01
   8.808902E+01   2.759472E+01
   8.809144E+01   2.759639E+01
   8.809274E+01   2.759779E+01
   8.809471E+01   2.759861E+01
   8.809700E+01   2.759905E+01
   8.809820E+01   2.759965E+01
   8.810020E+01   2.760087E+01
   8.810219E+01   2.760168E+01
   8.810418E+01   2.760218E+01
   8.810612E+01   2.760323E+01
   8.810824E+01   2.760579E+01
   8.810950E+01   2.760686E+01
   8.811096E+01   2.760853E+01
   8.811350E+01   2.761085E+01
   8.811323E+01   2.761216E+01
   8.811417E+01   2.761519E+01
   8.811514E+01   2.761997E+01
   8.811542E+01   2.762163E+01
   8.811763E+01   2.762502E+01
   8.811904E+01   2.762693E+01
   8.811878E+01   2.762808E+01
   8.811744E+01   2.762888E+01
   8.811774E+01   2.763211E+01
   8.811876E+01   2.763534E+01
   8.812031E+01   2.763868E+01
   8.812016E+01   2.764099E+01
   8.812025E+01   2.764226E+01
   8.811990E+01   2.764391E+01
   8.811992E+01   2.764576E+01
   8.812203E+01   2.764674E+01
   8.812350E+01   2.764902E+01
   8.812565E+01   2.765097E+01
   8.812699E+01   2.765185E+01
   8.812785E+01   2.765255E+01
   8.812961E+01   2.765370E+01
   8.813090E+01   2.765525E+01
   8.813225E+01   2.765584E+01
   8.813401E+01   2.765656E+01
   8.813658E+01   2.765736E+01
   8.813848E+01   2.765913E+01
   8.813962E+01   2.766106E+01
   8.814148E+01   2.766277E+01
   8.814282E+01   2.766395E+01
   8.814480E+01   2.766689E+01
   8.814526E+01   2.767023E+01
   8.814576E+01   2.767225E+01
   8.814636E+01   2.767453E+01
   8.814743E+01   2.768076E+01
   8.814865E+01   2.768340E+01
   8.814891E+01   2.768460E+01
   8.815046E+01   2.768548E+01
   8.815200E+01   2.768852E+01
   8.815374E+01   2.769001E+01
   8.815439E+01   2.769131E+01
   8.815358E+01   2.769284E+01
   8.815209E+01   2.769532E+01
   8.815091E+01   2.769747E+01
   8.815064E+01   2.769900E+01
   8.814995E+01   2.769949E+01
   8.814924E+01   2.770078E+01
   8.814785E+01   2.770259E+01
   8.814769E+01   2.770360E+01
   8.814902E+01   2.770591E+01
   8.814926E+01   2.770834E+01
   8.815115E+01   2.771028E+01
   8.815338E+01   2.771375E+01
   8.815410E+01   2.771647E+01
   8.815533E+01   2.771802E+01
   8.815522E+01   2.772087E+01
   8.815441E+01   2.772225E+01
   8.815461E+01   2.772490E+01
   8.815435E+01   2.772748E+01
   8.815523E+01   2.773249E+01
   8.815584E+01   2.773526E+01
   8.815612E+01   2.773673E+01
   8.815720E+01   2.773784E+01
   8.815784E+01   2.773859E+01
   8.815862E+01   2.774098E+01
   8.815971E+01   2.774101E+01
   8.816283E+01   2.774060E+01
   8.816465E+01   2.774112E+01
   8.816590E+01   2.774161E+01
   8.816729E+01   2.774146E+01
   8.816864E+01   2.774151E+01
   8.817001E+01   2.774195E+01
   8.817197E+01   2.774276E+01
   8.817429E+01   2.774414E+01
   8.817611E+01   2.774635E+01
   8.817841E+01   2.774722E+01
   8.817862E+01   2.774914E+01
   8.817859E+01   2.775043E+01
   8.817749E+01   2.775347E+01
   8.817683E+01   2.775642E+01
   8.817654E+01   2.775813E+01
   8.817683E+01   2.775889E+01
   8.817868E+01   2.776028E+01
   8.818144E+01   2.776297E+01
   8.818216E+01   2.776464E+01
   8.818322E+01   2.776636E+01
   8.818311E+01   2.776732E+01
   8.818174E+01   2.776841E+01
   8.818131E+01   2.776951E+01
   8.818147E+01   2.777217E+01
   8.818208E+01   2.777321E+01
   8.818215E+01   2.777420E+01
   8.818109E+01   2.777590E+01
   8.818166E+01   2.777647E+01
   8.818342E+01   2.777688E+01
   8.818510E+01   2.777740E+01
   8.818587E+01   2.777847E+01
   8.818708E+01   2.777994E+01
   8.818781E+01   2.778093E+01
   8.819050E+01   2.778380E+01
   8.819464E+01   2.778633E+01
   8.819534E+01   2.778785E+01
   8.819553E+01   2.778887E+01
   8.819712E+01   2.779114E+01
   8.819665E+01   2.779267E+01
   8.819548E+01   2.779328E+01
   8.819469E+01   2.779466E+01
   8.819364E+01   2.779639E+01
   8.819180E+01   2.779684E+01
   8.819114E+01   2.779800E+01
   8.819000E+01   2.779818E+01
   8.818920E+01   2.779907E+01
   8.818799E+01   2.779965E+01
   8.818669E+01   2.780161E+01
   8.818602E+01   2.780322E+01
   8.818590E+01   2.780436E+01
   8.818607E+01   2.780652E+01
   8.818566E+01   2.780826E+01
   8.818512E+01   2.780992E+01
   8.818511E+01   2.781079E+01
   8.818257E+01   2.781255E+01
   8.818080E+01   2.781384E+01
   8.817910E+01   2.781569E+01
   8.817756E+01   2.781629E+01
   8.817509E+01   2.781744E+01
   8.817369E+01   2.781756E+01
   8.817330E+01   2.781791E+01
   8.817349E+01   2.781917E+01
   8.817302E+01   2.782076E+01
   8.817460E+01   2.782143E+01
   8.817913E+01   2.782305E+01
   8.818157E+01   2.782294E+01
   8.818274E+01   2.782343E+01
   8.818679E+01   2.782529E+01
   8.818916E+01   2.782792E+01
   8.818977E+01   2.782849E+01
   8.819077E+01   2.782993E+01
   8.819128E+01   2.783232E+01
   8.819342E+01   2.783416E+01
   8.819469E+01   2.783611E+01
   8.819616E+01   2.783664E+01
   8.819927E+01   2.783673E+01
   8.819989E+01   2.783664E+01
   8.820112E+01   2.783765E+01
   8.820153E+01   2.783960E+01
   8.820141E+01   2.784232E+01
   8.820085E+01   2.784369E+01
   8.819915E+01   2.784472E+01
   8.819786E+01   2.784588E+01
   8.819745E+01   2.784746E+01
   8.819686E+01   2.784892E+01
   8.819723E+01   2.785015E+01
   8.819673E+01   2.785207E+01
   8.819589E+01   2.785449E+01
   8.819265E+01   2.785493E+01
   8.818974E+01   2.785439E+01
   8.818824E+01   2.785406E+01
   8.818613E+01   2.785577E+01
   8.818510E+01   2.785697E+01
   8.818312E+01   2.785727E+01
   8.818148E+01   2.785712E+01
   8.817844E+01   2.785683E+01
   8.817765E+01   2.785762E+01
   8.817683E+01   2.785792E+01
   8.817609E+01   2.785898E+01
   8.817549E+01   2.786009E+01
   8.817392E+01   2.786200E+01
   8.817328E+01   2.786255E+01
   8.817128E+01   2.786376E+01
   8.817063E+01   2.786415E+01
   8.816934E+01   2.786468E+01
   8.816697E+01   2.786579E+01
   8.816614E+01   2.786673E+01
   8.816503E+01   2.786793E+01
   8.816308E+01   2.786899E+01
   8.816127E+01   2.786963E+01
   8.815818E+01   2.787064E+01
   8.815530E+01   2.787112E+01
   8.815360E+01   2.787109E+01
   8.815260E+01   2.787315E+01
   8.815094E+01   2.787475E+01
   8.815000E+01   2.787591E+01
   8.814812E+01   2.787703E+01
   8.814696E+01   2.787714E+01
   8.814564E+01   2.787754E+01
   8.814189E+01   2.787856E+01
   8.813985E+01   2.787831E+01
   8.813920E+01   2.787787E+01
   8.813880E+01   2.787824E+01
   8.813622E+01   2.788108E+01
   8.812836E+01   2.788037E+01
   8.810725E+01   2.786516E+01
   8.809078E+01   2.787445E+01
   8.808698E+01   2.789345E+01
   8.806798E+01   2.789134E+01
   8.805785E+01   2.789683E+01
   8.802913E+01   2.790528E+01
   8.801816E+01   2.789979E+01
   8.799651E+01   2.789195E+01
   8.795735E+01   2.790978E+01
   8.793188E+01   2.791806E+01
   8.791628E+01   2.791710E+01
   8.790004E+01   2.791169E+01
   8.788285E+01   2.791328E+01
   8.786725E+01   2.791105E+01
   8.786248E+01   2.792029E+01
   8.785770E+01   2.792793E+01
   8.785897E+01   2.793843E+01
   8.784751E+01   2.794480E+01
   8.782714E+01   2.794448E+01
   8.782555E+01   2.792411E+01
   8.782172E+01   2.791901E+01
   8.781377E+01   2.792188E+01
   8.780358E+01   2.790978E+01
   8.778225E+01   2.789259E+01
   8.777683E+01   2.787253E+01
   8.776728E+01   2.785979E+01
   8.775709E+01   2.783974E+01
   8.774627E+01   2.783687E+01
   8.773481E+01   2.782032E+01
   8.773353E+01   2.780949E+01
   8.772430E+01   2.780504E+01
   8.771093E+01   2.781140E+01
   8.769819E+01   2.781236E+01
   8.768705E+01   2.781332E+01
   8.760529E+01   2.767992E+01
   8.756301E+01   2.769252E+01
   8.749018E+01   2.757645E+01
   8.751233E+01   2.729896E+01
   8.761450E+01   2.728704E+01
   8.774133E+01   2.723011E+01
   8.771328E+01   2.718655E+01
   8.759985E+01   2.710237E+01
   8.753622E+01   2.701515E+01
   8.753526E+01   2.689769E+01
   8.762125E+01   2.683972E+01
   8.765999E+01   2.681162E+01
   8.767736E+01   2.678328E+01
   8.764284E+01   2.667574E+01
   8.764074E+01   2.658257E+01
   8.765707E+01   2.647846E+01
   8.764410E+01   2.639381E+01
   8.765088E+01   2.639984E+01
   8.765670E+01   2.640837E+01
   8.767012E+01   2.641308E+01
   8.767746E+01   2.643572E+01
polygon
   8.814197E+01   2.691044E+01
   8.814199E+01   2.691135E+01
   8.814426E+01   2.691454E+01
   8.814467E+01   2.691555E+01
   8.814437E+01   2.691607E+01
   8.814436E+01   2.691663E+01
   8.814398E+01   2.691725E+01
   8.814418E+01   2.691815E+01
   8.814462E+01   2.691926E+01
   8.814560E+01   2.692034E+01
   8.814590E+01   2.692118E+01
   8.814416E+01   2.692339E+01
   8.814310E+01   2.692415E+01
   8.814212E+01   2.692625E+01
   8.814132E+01   2.692686E+01
   8.813982E+01   2.692829E+01
   8.813917E+01   2.692914E+01
   8.813866E+01   2.693095E+01
   8.813792E+01   2.693271E+01
   8.813607E+01   2.693449E+01
   8.813483E+01   2.693524E+01
   8.813360E+01   2.693667E+01
   8.813245E+01   2.693787E+01
   8.813153E+01   2.693830E+01
   8.813012E+01   2.693912E+01
   8.812828E+01   2.694067E+01
   8.812771E+01   2.694162E+01
   8.812651E+01   2.694280E+01
   8.812496E+01   2.694460E+01
   8.812401E+01   2.694598E+01
   8.812323E+01   2.694725E+01
   8.812226E+01   2.694855E+01
   8.812129E+01   2.694961E+01
   8.812039E+01   2.695049E+01
   8.812069E+01   2.695160E+01
   8.812089E+01   2.695250E+01
   8.812081E+01   2.695337E+01
   8.812107E+01   2.695546E+01
   8.812159E+01   2.695716E+01
   8.812273E+01   2.695978E+01
   8.812255E+01   2.696087E+01
   8.812226E+01   2.696246E+01
   8.812249E+01   2.696319E+01
   8.812210E+01   2.696397E+01
   8.812200E+01   2.696627E+01
   8.812226E+01   2.696761E+01
   8.812311E+01   2.697010E+01
   8.812431E+01   2.697180E+01
   8.812532E+01   2.697329E+01
   8.812614E+01   2.697451E+01
   8.812825E+01   2.697746E+01
   8.812967E+01   2.697935E+01
   8.813042E+01   2.698076E+01
   8.813150E+01   2.698151E+01
   8.813266E+01   2.698278E+01
   8.813424E+01   2.698373E+01
   8.813472E+01   2.698456E+01
   8.813543E+01   2.698494E+01
   8.813453E+01   2.698581E+01
   8.813377E+01   2.698682E+01
   8.813103E+01   2.698703E+01
   8.812919E+01   2.698783E+01
   8.812439E+01   2.698782E+01
   8.812234E+01   2.698754E+01
   8.811960E+01   2.698747E+01
   8.811600E+01   2.698858E+01
   8.811386E+01   2.698977E+01
   8.811204E+01   2.699123E+01
   8.810928E+01   2.699269E+01
   8.810917E+01   2.699366E+01
   8.810867E+01   2.699527E+01
   8.810737E+01   2.699555E+01
   8.810674E+01   2.699676E+01
   8.810425E+01   2.699765E+01
   8.810220E+01   2.699988E+01
   8.810033E+01   2.700217E+01
   8.809846E+01   2.700413E+01
   8.809621E+01   2.700412E+01
   8.809530E+01   2.700442E+01
   8.809335E+01   2.700462E+01
   8.809161E+01   2.700514E+01
   8.809030E+01   2.700692E+01
   8.808888E+01   2.700778E+01
   8.808859E+01   2.700923E+01
   8.808801E+01   2.701063E+01
   8.808758E+01   2.701145E+01
   8.808853E+01   2.701464E+01
   8.808786E+01   2.701695E+01
   8.808712E+01   2.701807E+01
   8.808474E+01   2.702095E+01
   8.808417E+01   2.702190E+01
   8.808350E+01   2.702453E+01
   8.808322E+01   2.702642E+01
   8.808288E+01   2.702915E+01
   8.808187E+01   2.703094E+01
   8.807961E+01   2.703355E+01
   8.807916E+01   2.703414E+01
   8.807749E+01   2.703551E+01
   8.807634E+01   2.703579E+01
   8.807490E+01   2.703480E+01
   8.807284E+01   2.703408E+01
   8.807139E+01   2.703299E+01
   8.806916E+01   2.703148E+01
   8.806752E+01   2.703140E+01
   8.806613E+01   2.703137E+01
   8.806400E+01   2.703117E+01
   8.806225E+01   2.703012E+01
   8.805956E+01   2.702927E+01
   8.805905E+01   2.703016E+01
   8.805653E+01   2.703232E+01
   8.805575E+01   2.703262E+01
   8.805426E+01   2.703297E+01
   8.805267E+01   2.703334E+01
   8.805088E+01   2.703451E+01
   8.804563E+01   2.703686E+01
   8.804319E+01   2.703672E+01
   8.804220E+01   2.703633E+01
   8.804096E+01   2.703662E+01
   8.803953E+01   2.703623E+01
   8.803787E+01   2.703652E+01
   8.803751E+01   2.703745E+01
   8.803679E+01   2.703806E+01
   8.803649E+01   2.703886E+01
   8.803653E+01   2.704032E+01
   8.803585E+01   2.704162E+01
   8.803496E+01   2.704311E+01
   8.803382E+01   2.704357E+01
   8.803301E+01   2.704404E+01
   8.803243E+01   2.704522E+01
   8.803111E+01   2.704675E+01
   8.803022E+01   2.704705E+01
   8.803009E+01   2.704836E+01
   8.802918E+01   2.704911E+01
   8.802879E+01   2.704962E+01
   8.802862E+01   2.705032E+01
   8.802743E+01   2.705119E+01
   8.802655E+01   2.705334E+01
   8.802575E+01   2.705485E+01
   8.802593E+01   2.705688E+01
   8.802540E+01   2.705874E+01
   8.802402E+01   2.706000E+01
   8.802319E+01   2.706144E+01
   8.802245E+01   2.706331E+01
   8.802256E+01   2.706418E+01
   8.802281E+01   2.706509E+01
   8.802133E+01   2.706878E+01
   8.802092E+01   2.706966E+01
   8.801841E+01   2.707043E+01
   8.801624E+01   2.707374E+01
   8.801626E+01   2.707603E+01
   8.801744E+01   2.707812E+01
   8.801803E+01   2.707969E+01
   8.801925E+01   2.708111E+01
   8.802079E+01   2.708260E+01
   8.802073E+01   2.708532E+01
   8.802097E+01   2.708788E+01
   8.801905E+01   2.708758E+01
   8.801718E+01   2.708864E+01
   8.801603E+01   2.708852E+01
   8.801547E+01   2.708945E+01
   8.801516E+01   2.709019E+01
   8.801370E+01   2.709146E+01
   8.801249E+01   2.709378E+01
   8.801230E+01   2.709600E+01
   8.801174E+01   2.709757E+01
   8.801091E+01   2.709782E+01
   8.800906E+01   2.709851E+01
   8.800854E+01   2.709880E+01
   8.800795E+01   2.709948E+01
   8.800832E+01   2.710048E+01
   8.800753E+01   2.710150E+01
   8.800576E+01   2.710252E+01
   8.800327E+01   2.710461E+01
   8.800149E+01   2.710510E+01
   8.799949E+01   2.710407E+01
   8.799808E+01   2.710372E+01
   8.799488E+01   2.710368E+01
   8.799308E+01   2.710498E+01
   8.799081E+01   2.710656E+01
   8.799095E+01   2.710916E+01
   8.799091E+01   2.711077E+01
   8.798965E+01   2.711181E+01
   8.798979E+01   2.711378E+01
   8.798907E+01   2.711557E+01
   8.798927E+01   2.711651E+01
   8.798847E+01   2.711780E+01
   8.798845E+01   2.711904E+01
   8.798729E+01   2.711951E+01
   8.798849E+01   2.712074E+01
   8.798873E+01   2.712163E+01
   8.798888E+01   2.712267E+01
   8.798867E+01   2.712375E+01
   8.798988E+01   2.712468E+01
   8.799044E+01   2.712549E+01
   8.799096E+01   2.712755E+01
   8.799101E+01   2.713046E+01
   8.799203E+01   2.713147E+01
   8.799343E+01   2.713218E+01
   8.799453E+01   2.713255E+01
   8.799587E+01   2.713279E+01
   8.799708E+01   2.713315E+01
   8.799851E+01   2.713382E+01
   8.799958E+01   2.713493E+01
   8.799948E+01   2.713604E+01
   8.799939E+01   2.713721E+01
   8.800024E+01   2.713805E+01
   8.800070E+01   2.713955E+01
   8.800092E+01   2.714072E+01
   8.800327E+01   2.714156E+01
   8.800415E+01   2.714139E+01
   8.800440E+01   2.714279E+01
   8.800571E+01   2.714350E+01
   8.800721E+01   2.714376E+01
   8.800775E+01   2.714492E+01
   8.800792E+01   2.714719E+01
   8.800859E+01   2.714886E+01
   8.800829E+01   2.714971E+01
   8.800869E+01   2.715071E+01
   8.800919E+01   2.715167E+01
   8.800948E+01   2.715368E+01
   8.801019E+01   2.715514E+01
   8.800948E+01   2.715783E+01
   8.801089E+01   2.715920E+01
   8.801077E+01   2.716005E+01
   8.801111E+01   2.716147E+01
   8.801141E+01   2.716331E+01
   8.801137E+01   2.716516E+01
   8.801084E+01   2.716596E+01
   8.801189E+01   2.716649E+01
   8.801224E+01   2.716712E+01
   8.801373E+01   2.716719E+01
   8.801481E+01   2.716806E+01
   8.801634E+01   2.716947E+01
   8.801761E+01   2.717026E+01
   8.801922E+01   2.717119E+01
   8.801811E+01   2.717317E+01
   8.801741E+01   2.717408E+01
   8.801603E+01   2.717493E+01
   8.801420E+01   2.717667E+01
   8.801233E+01   2.717773E+01
   8.801341E+01   2.717961E+01
   8.801341E+01   2.718114E+01
   8.801283E+01   2.718293E+01
   8.801333E+01   2.718374E+01
   8.801309E+01   2.718462E+01
   8.801355E+01   2.718628E+01
   8.801331E+01   2.718764E+01
   8.801384E+01   2.718877E+01
   8.801377E+01   2.719096E+01
   8.801528E+01   2.719265E+01
   8.801575E+01   2.719437E+01
   8.801586E+01   2.719634E+01
   8.801538E+01   2.719804E+01
   8.801477E+01   2.720059E+01
   8.801337E+01   2.720158E+01
   8.801166E+01   2.720370E+01
   8.801231E+01   2.720486E+01
   8.801451E+01   2.720858E+01
   8.801523E+01   2.720987E+01
   8.801550E+01   2.721102E+01
   8.801440E+01   2.721199E+01
   8.801356E+01   2.721299E+01
   8.801204E+01   2.721595E+01
   8.801293E+01   2.721774E+01
   8.801438E+01   2.722034E+01
   8.801599E+01   2.722248E+01
   8.801750E+01   2.722304E+01
   8.801793E+01   2.722399E+01
   8.801874E+01   2.722522E+01
   8.801886E+01   2.722776E+01
   8.801898E+01   2.722934E+01
   8.801960E+01   2.723148E+01
   8.801889E+01   2.723408E+01
   8.801932E+01   2.723640E+01
   8.802050E+01   2.723746E+01
   8.802263E+01   2.723803E+01
   8.802468E+01   2.723743E+01
   8.802435E+01   2.723993E+01
   8.802408E+01   2.724222E+01
   8.802509E+01   2.724426E+01
   8.802626E+01   2.724588E+01
   8.802699E+01   2.724776E+01
   8.802748E+01   2.724934E+01
   8.802810E+01   2.724989E+01
   8.803033E+01   2.725017E+01
   8.803085E+01   2.725185E+01
   8.803047E+01   2.725395E+01
   8.803013E+01   2.725553E+01
   8.803083E+01   2.725815E+01
   8.803064E+01   2.725931E+01
   8.803098E+01   2.726134E+01
   8.803055E+01   2.726309E+01
   8.803091E+01   2.726419E+01
   8.803175E+01   2.726557E+01
   8.803114E+01   2.726749E+01
   8.803112E+01   2.726942E+01
   8.803083E+01   2.727129E+01
   8.803013E+01   2.727224E+01
   8.803111E+01   2.727542E+01
   8.803199E+01   2.727848E+01
   8.803245E+01   2.728078E+01
   8.803162E+01   2.728454E+01
   8.803158E+01   2.728641E+01
   8.803344E+01   2.728742E+01
   8.803462E+01   2.728872E+01
   8.803516E+01   2.728983E+01
   8.803661E+01   2.729005E+01
   8.803798E+01   2.729190E+01
   8.803962E+01   2.729190E+01
   8.804174E+01   2.729165E+01
   8.804442E+01   2.729357E+01
   8.804412E+01   2.729428E+01
   8.804370E+01   2.729605E+01
   8.804304E+01   2.729762E+01
   8.804155E+01   2.730073E+01
   8.804138E+01   2.730454E+01
   8.804276E+01   2.730704E+01
   8.804422E+01   2.730897E+01
   8.804493E+01   2.731027E+01
   8.804839E+01   2.731286E+01
   8.804864E+01   2.731460E+01
   8.804943E+01   2.731514E+01
   8.804930E+01   2.731803E+01
   8.805051E+01   2.732078E+01
   8.805190E+01   2.732278E+01
   8.805220E+01   2.732403E+01
   8.805315E+01   2.732507E+01
   8.805551E+01   2.732610E+01
   8.805677E+01   2.732713E+01
   8.805824E+01   2.732802E+01
   8.806000E+01   2.732866E+01
   8.806005E+01   2.733018E+01
   8.806192E+01   2.733261E+01
   8.806338E+01   2.733453E+01
   8.806456E+01   2.733530E+01
   8.806587E+01   2.733604E+01
   8.806634E+01   2.733643E+01
   8.806472E+01   2.734044E+01
   8.806395E+01   2.734210E+01
   8.806283E+01   2.734364E+01
   8.806165E+01   2.734435E+01
   8.806117E+01   2.734601E+01
   8.806151E+01   2.734680E+01
   8.805957E+01   2.735048E+01
   8.805868E+01   2.735166E+01
   8.805787E+01   2.735478E+01
   8.805681E+01   2.735633E+01
   8.805463E+01   2.735768E+01
   8.805125E+01   2.735833E+01
   8.804930E+01   2.735957E+01
   8.804714E+01   2.736236E+01
   8.804652E+01   2.736458E+01
   8.804470E+01   2.736633E+01
   8.804308E+01   2.736907E+01
   8.804167E+01   2.737037E+01
   8.804185E+01   2.737365E+01
   8.804285E+01   2.737537E+01
   8.804403E+01   2.737863E+01
   8.804487E+01   2.738022E+01
   8.804493E+01   2.738259E+01
   8.804396E+01   2.738478E+01
   8.804469E+01   2.738649E+01
   8.804502E+01   2.738843E+01
   8.804486E+01   2.739057E+01
   8.804549E+01   2.739207E+01
   8.804562E+01   2.739556E+01
   8.804670E+01   2.739774E+01
   8.804736E+01   2.739929E+01
   8.804829E+01   2.740101E+01
   8.804739E+01   2.740339E+01
   8.804683E+01   2.740534E+01
   8.804926E+01   2.740706E+01
   8.804996E+01   2.740998E+01
   8.805055E+01   2.741187E+01
   8.805028E+01   2.741289E+01
   8.805146E+01   2.741394E+01
   8.805383E+01   2.741647E+01
   8.805524E+01   2.741833E+01
   8.805676E+01   2.741879E+01
   8.805799E+01   2.741865E+01
   8.806030E+01   2.742130E+01
   8.806294E+01   2.742231E+01
   8.806644E+01   2.742463E+01
   8.806766E+01   2.742551E+01
   8.806938E+01   2.742583E+01
   8.807072E+01   2.742621E+01
   8.807222E+01   2.742619E+01
   8.807334E+01   2.742638E+01
   8.807442E+01   2.742664E+01
   8.807643E+01   2.742691E+01
   8.807888E+01   2.742669E+01
   8.807999E+01   2.742707E+01
   8.807984E+01   2.742850E+01
   8.807998E+01   2.743018E+01
   8.807865E+01   2.743125E+01
   8.807805E+01   2.743261E+01
   8.807577E+01   2.743342E+01
   8.807170E+01   2.743485E+01
   8.806809E+01   2.743798E+01
   8.806794E+01   2.743959E+01
   8.806911E+01   2.744122E+01
   8.806989E+01   2.744237E+01
   8.807091E+01   2.744375E+01
   8.807176E+01   2.744451E+01
   8.807237E+01   2.744547E+01
   8.807126E+01   2.744634E+01
   8.807048E+01   2.744731E+01
   8.806983E+01   2.744833E+01
   8.806689E+01   2.745023E+01
   8.806552E+01   2.745308E+01
   8.806453E+01   2.745417E+01
   8.806595E+01   2.745507E+01
   8.806692E+01   2.745748E+01
   8.806647E+01   2.745851E+01
   8.806476E+01   2.745918E+01
   8.806280E+01   2.745949E+01
   8.806104E+01   2.746090E+01
   8.805927E+01   2.746307E+01
   8.805786E+01   2.746512E+01
   8.805709E+01   2.746655E+01
   8.805659E+01   2.746770E+01
   8.805469E+01   2.746879E+01
   8.805198E+01   2.747065E+01
   8.805033E+01   2.747235E+01
   8.804832E+01   2.747269E+01
   8.804712E+01   2.747479E+01
   8.804527E+01   2.747650E+01
   8.804382E+01   2.747868E+01
   8.804451E+01   2.748026E+01
   8.804513E+01   2.748186E+01
   8.804401E+01   2.748472E+01
   8.804366E+01   2.748842E+01
   8.804417E+01   2.749197E+01
   8.804435E+01   2.749408E+01
   8.804354E+01   2.749588E+01
   8.804426E+01   2.749752E+01
   8.804510E+01   2.749957E+01
   8.804562E+01   2.750045E+01
   8.804675E+01   2.750196E+01
   8.804879E+01   2.750243E+01
   8.804948E+01   2.750395E+01
   8.805069E+01   2.750460E+01
   8.805322E+01   2.750497E+01
   8.805470E+01   2.750485E+01
   8.805631E+01   2.750722E+01
   8.805744E+01   2.750965E+01
   8.805911E+01   2.751086E+01
   8.806075E+01   2.751130E+01
   8.806141E+01   2.751230E+01
   8.806072E+01   2.751363E+01
   8.805929E+01   2.751463E+01
   8.805717E+01   2.751628E+01
   8.805728E+01   2.751810E+01
   8.805947E+01   2.752279E+01
   8.806108E+01   2.752520E+01
   8.806255E+01   2.752630E+01
   8.806414E+01   2.752661E+01
   8.806650E+01   2.752647E+01
   8.806592E+01   2.752862E+01
   8.806461E+01   2.752999E+01
   8.806245E+01   2.753016E+01
   8.805970E+01   2.753168E+01
   8.805892E+01   2.753336E+01
   8.805909E+01   2.753602E+01
   8.805993E+01   2.753807E+01
   8.806103E+01   2.754050E+01
   8.806294E+01   2.754177E+01
   8.806501E+01   2.754488E+01
   8.806704E+01   2.754538E+01
   8.806850E+01   2.754692E+01
   8.806836E+01   2.755017E+01
   8.806823E+01   2.755157E+01
   8.806897E+01   2.755345E+01
   8.806875E+01   2.755540E+01
   8.807015E+01   2.755633E+01
   8.807263E+01   2.755702E+01
   8.807454E+01   2.755827E+01
   8.807668E+01   2.755957E+01
   8.807865E+01   2.756156E+01
   8.807979E+01   2.756410E+01
   8.808091E+01   2.756503E+01
   8.808041E+01   2.756648E+01
   8.807941E+01   2.756820E+01
   8.807774E+01   2.756944E+01
   8.807625E+01   2.757077E+01
   8.807506E+01   2.757225E+01
   8.807628E+01   2.757385E+01
   8.807683E+01   2.757510E+01
   8.807747E+01   2.757620E+01
   8.807830E+01   2.757766E+01
   8.807856E+01   2.757953E+01
   8.807986E+01   2.758086E+01
   8.808124E+01   2.758390E+01
   8.808265E+01   2.758630E+01
   8.808317E+01   2.758737E+01
   8.808397E+01   2.758863E+01
   8.808495E+01   2.759038E+01
   8.808759E+01   2.759310E+01
   8.808902E+01   2.759472E+01
   8.809144E+01   2.759639E+01
   8.809274E+01   2.759779E+01
   8.809471E+01   2.759861E+01
   8.809700E+01   2.759905E+01
   8.809820E+01   2.759965E+01
   8.810020E+01   2.760087E+01
   8.810219E+01   2.760168E+01
   8.810418E+01   2.760218E+01
   8.810612E+01   2.760323E+01
   8.810824E+01   2.760579E+01
   8.810950E+01   2.760686E+01
   8.811096E+01   2.760853E+01
   8.811350E+01   2.761085E+01
   8.811323E+01   2.761216E+01
   8.811417E+01   2.761519E+01
   8.811514E+01   2.761997E+01
   8.811542E+01   2.762163E+01
   8.811763E+01   2.762502E+01
   8.811904E+01   2.762693E+01
   8.811878E+01   2.762808E+01
   8.811744E+01   2.762888E+01
   8.811774E+01   2.763211E+01
   8.811876E+01   2.763534E+01
   8.812031E+01   2.763868E+01
   8.812016E+01   2.764099E+01
   8.812025E+01   2.764226E+01
   8.811990E+01   2.764391E+01
   8.811992E+01   2.764576E+01
   8.812203E+01   2.764674E+01
   8.812350E+01   2.764902E+01
   8.812565E+01   2.765097E+01
   8.812699E+01   2.765185E+01
   8.812785E+01   2.765255E+01
   8.812961E+01   2.765370E+01
   8.813090E+01   2.765525E+01
   8.813225E+01   2.765584E+01
   8.813401E+01   2.765656E+01
   8.813658E+01   2.765736E+01
   8.813848E+01   2.765913E+01
   8.813962E+01   2.766106E+01
   8.814148E+01   2.766277E+01
   8.814282E+01   2.766395E+01
   8.814480E+01   2.766689E+01
   8.814526E+01   2.767023E+01
   8.814576E+01   2.767225E+01
   8.814636E+01   2.767453E+01
   8.814743E+01   2.768076E+01
   8.814865E+01   2.768340E+01
   8.814891E+01   2.768460E+01
   8.815046E+01   2.768548E+01
   8.815200E+01   2.768852E+01
   8.815374E+01   2.769001E+01
   8.815439E+01   2.769131E+01
   8.815358E+01   2.769284E+01
   8.815209E+01   2.769532E+01
   8.815091E+01   2.769747E+01
   8.815064E+01   2.769900E+01
   8.814995E+01   2.769949E+01
   8.814924E+01   2.770078E+01
   8.814785E+01   2.770259E+01
   8.814769E+01   2.770360E+01
   8.814902E+01   2.770591E+01
   8.814926E+01   2.770834E+01
   8.815115E+01   2.771028E+01
   8.815338E+01   2.771375E+01
   8.815410E+01   2.771647E+01
   8.815533E+01   2.771802E+01
   8.815522E+01   2.772087E+01
   8.815441E+01   2.772225E+01
   8.815461E+01   2.772490E+01
   8.815435E+01   2.772748E+01
   8.815523E+01   2.773249E+01
   8.815584E+01   2.773526E+01
   8.815612E+01   2.773673E+01
   8.815720E+01   2.773784E+01
   8.815784E+01   2.773859E+01
   8.815862E+01   2.774098E+01
   8.815971E+01   2.774101E+01
   8.816283E+01   2.774060E+01
   8.816465E+01   2.774112E+01
   8.816590E+01   2.774161E+01
   8.816729E+01   2.774146E+01
   8.816864E+01   2.774151E+01
   8.817001E+01   2.774195E+01
   8.817197E+01   2.774276E+01
   8.817429E+01   2.774414E+01
   8.817611E+01   2.774635E+01
   8.817841E+01   2.774722E+01
   8.817862E+01   2.774914E+01
   8.817859E+01   2.775043E+01
   8.817749E+01   2.775347E+01
   8.817683E+01   2.775642E+01
   8.817654E+01   2.775813E+01
   8.817683E+01   2.775889E+01
   8.817868E+01   2.776028E+01
   8.818144E+01   2.776297E+01
   8.818216E+01   2.776464E+01
   8.818322E+01   2.776636E+01
   8.818311E+01   2.776732E+01
   8.818174E+01   2.776841E+01
   8.818131E+01   2.776951E+01
   8.818147E+01   2.777217E+01
   8.818208E+01   2.777321E+01
   8.818215E+01   2.777420E+01
   8.818109E+01   2.777590E+01
   8.818166E+01   2.777647E+01
   8.818342E+01   2.777688E+01
   8.818510E+01   2.777740E+01
   8.818587E+01   2.777847E+01
   8.818708E+01   2.777994E+01
   8.818781E+01   2.778093E+01
   8.819050E+01   2.778380E+01
   8.819464E+01   2.778633E+01
   8.819534E+01   2.778785E+01
   8.819553E+01   2.778887E+01
   8.819712E+01   2.779114E+01
   8.819665E+01   2.779267E+01
   8.819548E+01   2.779328E+01
   8.819469E+01   2.779466E+01
   8.819364E+01   2.779639E+01
   8.819180E+01   2.779684E+01
   8.819114E+01   2.779800E+01
   8.819000E+01   2.779818E+01
   8.818920E+01   2.779907E+01
   8.818799E+01   2.779965E+01
   8.818669E+01   2.780161E+01
   8.818602E+01   2.780322E+01
   8.818590E+01   2.780436E+01
   8.818607E+01   2.780652E+01
   8.818566E+01   2.780826E+01
   8.818512E+01   2.780992E+01
   8.818511E+01   2.781079E+01
   8.818257E+01   2.781255E+01
   8.818080E+01   2.781384E+01
   8.817910E+01   2.781569E+01
   8.817756E+01   2.781629E+01
   8.817509E+01   2.781744E+01
   8.817369E+01   2.781756E+01
   8.817330E+01   2.781791E+01
   8.817349E+01   2.781917E+01
   8.817302E+01   2.782076E+01
   8.817460E+01   2.782143E+01
   8.817913E+01   2.782305E+01
   8.818157E+01   2.782294E+01
   8.818274E+01   2.782343E+01
   8.818679E+01   2.782529E+01
   8.818916E+01   2.782792E+01
   8.818977E+01   2.782849E+01
   8.819077E+01   2.782993E+01
   8.819128E+01   2.783232E+01
   8.819342E+01   2.783416E+01
   8.819469E+01   2.783611E+01
   8.819616E+01   2.783664E+01
   8.819927E+01   2.783673E+01
   8.819989E+01   2.783664E+01
   8.820112E+01   2.783765E+01
   8.820153E+01   2.783960E+01
   8.820141E+01   2.784232E+01
   8.820085E+01   2.784369E+01
   8.819915E+01   2.784472E+01
   8.819786E+01   2.784588E+01
   8.819745E+01   2.784746E+01
   8.819686E+01   2.784892E+01
   8.819723E+01   2.785015E+01
   8.819673E+01   2.785207E+01
   8.819589E+01   2.785449E+01
   8.819265E+01   2.785493E+01
   8.818974E+01   2.785439E+01
   8.818824E+01   2.785406E+01
   8.818613E+01   2.785577E+01
   8.818510E+01   2.785697E+01
   8.818312E+01   2.785727E+01
   8.818148E+01   2.785712E+01
   8.817844E+01   2.785683E+01
   8.817765E+01   2.785762E+01
   8.817683E+01   2.785792E+01
   8.817609E+01   2.785898E+01
   8.817549E+01   2.786009E+01
   8.817392E+01   2.786200E+01
   8.817328E+01   2.786255E+01
   8.817128E+01   2.786376E+01
   8.817063E+01   2.786415E+01
   8.816934E+01   2.786468E+01
   8.816697E+01   2.786579E+01
   8.816614E+01   2.786673E+01
   8.816503E+01   2.786793E+01
   8.816308E+01   2.786899E+01
   8.816127E+01   2.786963E+01
   8.815818E+01   2.787064E+01
   8.815530E+01   2.787112E+01
   8.815360E+01   2.787109E+01
   8.815260E+01   2.787315E+01
   8.815094E+01   2.787475E+01
   8.815000E+01   2.787591E+01
   8.814812E+01   2.787703E+01
   8.814696E+01   2.787714E+01
   8.814564E+01   2.787754E+01
   8.814189E+01   2.787856E+01
   8.813985E+01   2.787831E+01
   8.813920E+01   2.787787E+01
   8.813880E+01   2.787824E+01
   8.813622E+01   2.788108E+01
   8.812836E+01   2.788037E+01
   8.810725E+01   2.786516E+01
   8.809078E+01   2.787445E+01
   8.808698E+01   2.789345E+01
   8.806798E+01   2.789134E+01
   8.805785E+01   2.789683E+01
   8.802913E+01   2.790528E+01
   8.801816E+01   2.789979E+01
   8.799651E+01   2.789195E+01
   8.795735E+01   2.790978E+01
   8.793188E+01   2.791806E+01
   8.791628E+01   2.791710E+01
   8.790004E+01   2.791169E+01
   8.788285E+01   2.791328E+01
   8.786725E+01   2.791105E+01
   8.786248E+01   2.792029E+01
   8.785770E+01   2.792793E+01
   8.785897E+01   2.793843E+01
   8.784751E+01   2.794480E+01
   8.782714E+01   2.794448E+01
   8.782555E+01   2.792411E+01
   8.782172E+01   2.791901E+01
   8.781377E+01   2.792188E+01
   8.780358E+01   2.790978E+01
   8.778225E+01   2.789259E+01
   8.777683E+01   2.787253E+01
   8.776728E+01   2.785979E+01
   8.775709E+01   2.783974E+01
   8.774627E+01   2.783687E+01
   8.773481E+01   2.782032E+01
   8.773353E+01   2.780949E+01
   8.772430E+01   2.780504E+01
   8.771093E+01   2.781140E+01
   8.769819E+01   2.781236E+01
   8.768705E+01   2.781332E+01
   8.760529E+01   2.767992E+01
   8.756301E+01   2.769252E+01
   8.749018E+01   2.757645E+01
   8.751233E+01   2.729896E+01
   8.761450E+01   2.728704E+01
   8.774133E+01   2.723011E+01
   8.771328E+01   2.718655E+01
   8.759985E+01   2.710237E+01
   8.753622E+01   2.701515E+01
   8.753526E+01   2.689769E+01
   8.762125E+01   2.683972E+01
   8.765999E+01   2.681162E+01
   8.767736E+01   2.678328E+01
   8.764284E+01   2.667574E+01
   8.764074E+01   2.658257E+01
   8.765707E+01   2.647846E+01
   8.764410E+01   2.639381E+01
   8.765088E+01   2.639984E+01
   8.765670E+01   2.640837E+01
   8.767012E+01   2.641308E+01
   8.767746E+01   2.643572E+01
   8.769844E+01   2.642847E+01
   8.770991E+01   2.642722E+01
   8.771154E+01   2.642679E+01
   8.771262E+01   2.642645E+01
   8.771414E+01   2.642439E+01
   8.771481E+01   2.642263E+01
   8.771620E+01   2.642234E+01
   8.771847E+01   2.642228E+01
   8.771955E+01   2.642091E+01
   8.772260E+01   2.641699E+01
   8.772340E+01   2.641468E+01
   8.772732E+01   2.641063E+01
   8.773715E+01   2.641399E+01
   8.774840E+01   2.641792E+01
   8.775301E+01   2.641084E+01
   8.775885E+01   2.640884E+01
   8.776721E+01   2.641838E+01
   8.777470E+01   2.642688E+01
   8.777693E+01   2.643079E+01
   8.777556E+01   2.643264E+01
   8.777815E+01   2.643481E+01
   8.777454E+01   2.643466E+01
   8.777281E+01   2.644029E+01
   8.777588E+01   2.644141E+01
   8.777661E+01   2.644582E+01
   8.777754E+01   2.644905E+01
   8.777520E+01   2.644862E+01
   8.777342E+01   2.644755E+01
   8.777402E+01   2.645031E+01
   8.777654E+01   2.645150E+01
   8.777793E+01   2.645366E+01
   8.778031E+01   2.645396E+01
   8.778310E+01   2.645799E+01
   8.778496E+01   2.645882E+01
   8.778919E+01   2.645932E+01
   8.778948E+01   2.646223E+01
   8.778592E+01   2.646314E+01
   8.778784E+01   2.646717E+01
   8.780077E+01   2.646632E+01
   8.780861E+01   2.645500E+01
   8.782250E+01   2.644722E+01
   8.783667E+01   2.643944E+01
   8.785194E+01   2.644528E+01
   8.786139E+01   2.645722E+01
   8.787639E+01   2.646583E+01
   8.789056E+01   2.647333E+01
   8.789944E+01   2.645917E+01
   8.790806E+01   2.644639E+01
   8.792556E+01   2.644500E+01
   8.792358E+01   2.642870E+01
   8.792643E+01   2.642538E+01
   8.792757E+01   2.641740E+01
   8.793435E+01   2.641679E+01
   8.794395E+01   2.641118E+01
   8.795294E+01   2.640590E+01
   8.796886E+01   2.639677E+01
   8.799180E+01   2.638410E+01
   8.799177E+01   2.637355E+01
   8.799625E+01   2.636557E+01
   8.800169E+01   2.636618E+01
   8.800462E+01   2.636461E+01
   8.800730E+01   2.636104E+01
   8.801861E+01   2.636294E+01
   8.802586E+01   2.636423E+01
   8.802956E+01   2.636660E+01
   8.802780E+01   2.636798E+01
   8.802690E+01   2.636948E+01
   8.802616E+01   2.637149E+01
   8.802690E+01   2.637319E+01
   8.802847E+01   2.637536E+01
   8.802963E+01   2.637623E+01
   8.803088E+01   2.637637E+01
   8.803160E+01   2.637769E+01
   8.803076E+01   2.637863E+01
   8.802980E+01   2.637872E+01
   8.802893E+01   2.637830E+01
   8.802813E+01   2.637876E+01
   8.802839E+01   2.637948E+01
   8.802831E+01   2.637987E+01
   8.802757E+01   2.638001E+01
   8.802720E+01   2.638052E+01
   8.802716E+01   2.638180E+01
   8.802671E+01   2.638244E+01
   8.802671E+01   2.638296E+01
   8.802786E+01   2.638302E+01
   8.802905E+01   2.638308E+01
   8.802956E+01   2.638357E+01
   8.803005E+01   2.638352E+01
   8.803020E+01   2.638311E+01
   8.803030E+01   2.638235E+01
   8.803064E+01   2.638223E+01
   8.803091E+01   2.638267E+01
   8.803114E+01   2.638373E+01
   8.803158E+01   2.638504E+01
   8.803151E+01   2.638600E+01
   8.803109E+01   2.638674E+01
   8.803099E+01   2.638788E+01
   8.803152E+01   2.638879E+01
   8.803239E+01   2.638885E+01
   8.803311E+01   2.638793E+01
   8.803350E+01   2.638749E+01
   8.803407E+01   2.638795E+01
   8.803407E+01   2.638884E+01
   8.803410E+01   2.639038E+01
   8.803443E+01   2.639122E+01
   8.803444E+01   2.639167E+01
   8.803470E+01   2.639222E+01
   8.803517E+01   2.639242E+01
   8.803560E+01   2.639215E+01
   8.803526E+01   2.639147E+01
   8.803561E+01   2.639108E+01
   8.803615E+01   2.639123E+01
   8.803669E+01   2.639156E+01
   8.803734E+01   2.639163E+01
   8.803792E+01   2.639192E+01
   8.803797E+01   2.639262E+01
   8.803754E+01   2.639346E+01
   8.803799E+01   2.639390E+01
   8.803872E+01   2.639426E+01
   8.803984E+01   2.639415E+01
   8.804032E+01   2.639442E+01
   8.804086E+01   2.639514E+01
   8.804159E+01   2.639542E+01
   8.804226E+01   2.639577E+01
   8.804271E+01   2.639572E+01
   8.804347E+01   2.639578E+01
   8.804381E+01   2.639630E+01
   8.804378E+01   2.639688E+01
   8.804412E+01   2.639745E+01
   8.804498E+01   2.639792E+01
   8.804558E+01   2.639740E+01
   8.804593E+01   2.639724E+01
   8.804648E+01   2.639724E+01
   8.804691E+01   2.639740E+01
   8.804736E+01   2.639775E+01
   8.804717E+01   2.639811E+01
   8.804657E+01   2.639857E+01
   8.804581E+01   2.639874E+01
   8.804524E+01   2.639912E+01
   8.804506E+01   2.639974E+01
   8.804530E+01   2.640001E+01
   8.804609E+01   2.639997E+01
   8.804657E+01   2.640014E+01
   8.804659E+01   2.640067E+01
   8.804707E+01   2.640094E+01
   8.804729E+01   2.640152E+01
   8.804776E+01   2.640146E+01
   8.804789E+01   2.640089E+01
   8.804790E+01   2.640043E+01
   8.804814E+01   2.640008E+01
   8.804869E+01   2.640012E+01
   8.804945E+01   2.640019E+01
   8.805074E+01   2.640014E+01
   8.805115E+01   2.639964E+01
   8.805264E+01   2.640138E+01
   8.805572E+01   2.640488E+01
   8.805569E+01   2.640584E+01
   8.805667E+01   2.640586E+01
   8.805742E+01   2.640673E+01
   8.805875E+01   2.640764E+01
   8.805962E+01   2.640956E+01
   8.806245E+01   2.641036E+01
   8.806484E+01   2.641260E+01
   8.806713E+01   2.641489E+01
   8.806997E+01   2.641888E+01
   8.807852E+01   2.642053E+01
   8.808606E+01   2.642464E+01
   8.809221E+01   2.642915E+01
   8.809127E+01   2.643254E+01
   8.809343E+01   2.643678E+01
   8.809265E+01   2.644035E+01
   8.809324E+01   2.644890E+01
   8.810042E+01   2.645546E+01
   8.810327E+01   2.646448E+01
   8.810453E+01   2.647133E+01
   8.809711E+01   2.647806E+01
   8.808956E+01   2.650126E+01
   8.809352E+01   2.651005E+01
   8.810535E+01   2.652060E+01
   8.810003E+01   2.652799E+01
   8.810005E+01   2.654491E+01
   8.810167E+01   2.655233E+01
   8.810548E+01   2.656000E+01
   8.810730E+01   2.656543E+01
   8.811066E+01   2.656982E+01
   8.811482E+01   2.656684E+01
   8.811715E+01   2.657037E+01
   8.811927E+01   2.657373E+01
   8.811834E+01   2.657738E+01
   8.812131E+01   2.658015E+01
   8.812602E+01   2.658344E+01
   8.812335E+01   2.658818E+01
   8.812414E+01   2.659182E+01
   8.812828E+01   2.659521E+01
   8.812759E+01   2.660141E+01
   8.813212E+01   2.660331E+01
   8.813328E+01   2.660807E+01
   8.813519E+01   2.661190E+01
   8.813929E+01   2.661257E+01
   8.813908E+01   2.661621E+01
   8.814093E+01   2.662095E+01
   8.814401E+01   2.662168E+01
   8.814602E+01   2.662402E+01
   8.815044E+01   2.662227E+01
   8.815582E+01   2.662481E+01
   8.815587E+01   2.663016E+01
   8.815799E+01   2.663416E+01
   8.816265E+01   2.663851E+01
   8.816442E+01   2.664086E+01
   8.816506E+01   2.664443E+01
   8.816287E+01   2.664767E+01
   8.816378E+01   2.664931E+01
   8.816477E+01   2.665068E+01
   8.816469E+01   2.665174E+01
   8.816413E+01   2.665286E+01
   8.816413E+01   2.665500E+01
   8.816295E+01   2.665655E+01
   8.816480E+01   2.666022E+01
   8.816186E+01   2.666651E+01
   8.816525E+01   2.667352E+01
   8.816750E+01   2.668052E+01
   8.816996E+01   2.668547E+01
   8.817324E+01   2.669048E+01
   8.817592E+01   2.669732E+01
   8.817740E+01   2.670212E+01
   8.817679E+01   2.670631E+01
   8.817806E+01   2.671050E+01
   8.817925E+01   2.671234E+01
   8.818074E+01   2.671660E+01
   8.818272E+01   2.672201E+01
   8.818382E+01   2.672740E+01
   8.818608E+01   2.673303E+01
   8.818924E+01   2.674468E+01
   8.818931E+01   2.675414E+01
   8.818829E+01   2.676610E+01
   8.818177E+01   2.678536E+01
   8.818100E+01   2.678997E+01
   8.818110E+01   2.679310E+01
   8.818038E+01   2.679502E+01
   8.818019E+01   2.679761E+01
   8.817844E+01   2.680015E+01
   8.817753E+01   2.680361E+01
   8.817728E+01   2.680717E+01
   8.817777E+01   2.681024E+01
   8.817801E+01   2.681231E+01
   8.817868E+01   2.681485E+01
   8.817753E+01   2.681774E+01
   8.817512E+01   2.682084E+01
   8.817224E+01   2.682435E+01
   8.817075E+01   2.682704E+01
   8.817214E+01   2.683079E+01
   8.817339E+01   2.683324E+01
   8.817123E+01   2.683611E+01
   8.816806E+01   2.683736E+01
   8.816859E+01   2.684091E+01
   8.816993E+01   2.684475E+01
   8.816739E+01   2.684778E+01
   8.816945E+01   2.685066E+01
   8.817368E+01   2.685228E+01
   8.817407E+01   2.685464E+01
   8.817315E+01   2.685709E+01
   8.817262E+01   2.686098E+01
   8.817315E+01   2.686530E+01
   8.817243E+01   2.686812E+01
   8.817017E+01   2.686923E+01
   8.816777E+01   2.686985E+01
   8.816486E+01   2.687307E+01
   8.816385E+01   2.687783E+01
   8.816107E+01   2.688162E+01
   8.815540E+01   2.688482E+01
   8.815035E+01   2.688770E+01
   8.814513E+01   2.689082E+01
   8.814172E+01   2.689428E+01
   8.813792E+01   2.689782E+01
   8.813627E+01   2.689904E+01
   8.813884E+01   2.690176E+01
   8.813859E+01   2.690493E+01
   8.814027E+01   2.690800E+01
