   8.596419E+01   2.797348E+01
   8.596895E+01   2.797877E+01
   8.597345E+01   2.798346E+01
   8.597838E+01   2.799022E+01
   8.597813E+01   2.799201E+01
   8.597683E+01   2.799663E+01
   8.597030E+01   2.799988E+01
   8.596693E+01   2.800003E+01
   8.595812E+01   2.800855E+01
   8.595107E+01   2.801442E+01
   8.594035E+01   2.802309E+01
   8.593623E+01   2.802294E+01
   8.593183E+01   2.802793E+01
   8.592581E+01   2.803337E+01
   8.591537E+01   2.805105E+01
   8.590894E+01   2.804934E+01
   8.590304E+01   2.805231E+01
   8.589981E+01   2.805892E+01
   8.589849E+01   2.806494E+01
   8.589643E+01   2.807302E+01
   8.590011E+01   2.807801E+01
   8.590275E+01   2.809079E+01
   8.589952E+01   2.809990E+01
   8.589188E+01   2.811399E+01
   8.588953E+01   2.811664E+01
   8.587822E+01   2.811664E+01
   8.586985E+01   2.813206E+01
   8.587191E+01   2.814351E+01
   8.586692E+01   2.814807E+01
   8.586163E+01   2.815174E+01
   8.585943E+01   2.815761E+01
   8.585869E+01   2.816202E+01
   8.585517E+01   2.816378E+01
   8.585179E+01   2.816642E+01
   8.584959E+01   2.817156E+01
   8.584944E+01   2.818331E+01
   8.584136E+01   2.818346E+01
   8.583798E+01   2.818361E+01
   8.583446E+01   2.818434E+01
   8.583079E+01   2.818361E+01
   8.582315E+01   2.818904E+01
   8.581875E+01   2.819330E+01
   8.581698E+01   2.819800E+01
   8.581243E+01   2.820138E+01
   8.580744E+01   2.819859E+01
   8.579863E+01   2.819859E+01
   8.578321E+01   2.820593E+01
   8.578174E+01   2.820857E+01
   8.577616E+01   2.820931E+01
   8.577410E+01   2.821195E+01
   8.577572E+01   2.821474E+01
   8.577249E+01   2.821871E+01
   8.576705E+01   2.822194E+01
   8.575912E+01   2.822737E+01
   8.575574E+01   2.823090E+01
   8.575369E+01   2.823515E+01
   8.574825E+01   2.824925E+01
   8.574297E+01   2.825704E+01
   8.574164E+01   2.827422E+01
   8.573768E+01   2.828391E+01
   8.573562E+01   2.828964E+01
   8.573298E+01   2.829155E+01
   8.573298E+01   2.829478E+01
   8.573503E+01   2.830139E+01
   8.573739E+01   2.830976E+01
   8.573724E+01   2.831798E+01
   8.573342E+01   2.832635E+01
   8.573122E+01   2.833605E+01
   8.573107E+01   2.833972E+01
   8.572710E+01   2.834618E+01
   8.572519E+01   2.835176E+01
   8.572182E+01   2.835338E+01
   8.572123E+01   2.835749E+01
   8.572006E+01   2.836248E+01
   8.571932E+01   2.836689E+01
   8.571991E+01   2.837364E+01
   8.571536E+01   2.837805E+01
   8.571168E+01   2.838436E+01
   8.570082E+01   2.838378E+01
   8.569377E+01   2.838451E+01
   8.568922E+01   2.838290E+01
   8.568496E+01   2.834603E+01
   8.568040E+01   2.834912E+01
   8.567468E+01   2.834956E+01
   8.566645E+01   2.834765E+01
   8.566601E+01   2.834339E+01
   8.566660E+01   2.833737E+01
   8.566381E+01   2.833003E+01
   8.565882E+01   2.832562E+01
   8.565426E+01   2.831872E+01
   8.565837E+01   2.830800E+01
   8.566219E+01   2.830330E+01
   8.565426E+01   2.829625E+01
   8.564809E+01   2.829081E+01
   8.564193E+01   2.828112E+01
   8.563737E+01   2.827349E+01
   8.562665E+01   2.826526E+01
   8.561681E+01   2.826041E+01
   8.560624E+01   2.826320E+01
   8.560183E+01   2.827246E+01
   8.559846E+01   2.828949E+01
   8.560022E+01   2.830477E+01
   8.559376E+01   2.830756E+01
   8.558627E+01   2.830756E+01
   8.558054E+01   2.830594E+01
   8.557745E+01   2.830917E+01
   8.556938E+01   2.830829E+01
   8.556585E+01   2.830917E+01
   8.556070E+01   2.830891E+01
   8.555937E+01   2.830926E+01
   8.555594E+01   2.831175E+01
   8.554972E+01   2.831379E+01
   8.554623E+01   2.831524E+01
   8.554339E+01   2.831791E+01
   8.553880E+01   2.831931E+01
   8.553548E+01   2.832186E+01
   8.552956E+01   2.832529E+01
   8.552241E+01   2.832849E+01
   8.551700E+01   2.833081E+01
   8.550620E+01   2.833337E+01
   8.549510E+01   2.833279E+01
   8.548743E+01   2.833163E+01
   8.548365E+01   2.833343E+01
   8.547691E+01   2.833326E+01
   8.546395E+01   2.833604E+01
   8.545988E+01   2.833657E+01
   8.545239E+01   2.833541E+01
   8.544123E+01   2.833511E+01
   8.543530E+01   2.833395E+01
   8.543141E+01   2.833093E+01
   8.542734E+01   2.833041E+01
   8.542194E+01   2.832977E+01
   8.541915E+01   2.832803E+01
   8.541688E+01   2.832715E+01
   8.541508E+01   2.832686E+01
   8.541345E+01   2.832349E+01
   8.541386E+01   2.831507E+01
   8.541160E+01   2.830873E+01
   8.540921E+01   2.830664E+01
   8.540526E+01   2.830263E+01
   8.540195E+01   2.830095E+01
   8.539997E+01   2.829938E+01
   8.539759E+01   2.829816E+01
   8.539600E+01   2.829502E+01
   8.539189E+01   2.828855E+01
   8.538772E+01   2.828645E+01
   8.538625E+01   2.828421E+01
   8.538343E+01   2.828267E+01
   8.538127E+01   2.828067E+01
   8.537672E+01   2.827753E+01
   8.537265E+01   2.828386E+01
   8.535971E+01   2.828561E+01
   8.535297E+01   2.828665E+01
   8.534944E+01   2.828753E+01
   8.534636E+01   2.829223E+01
   8.534798E+01   2.829678E+01
   8.534533E+01   2.830383E+01
   8.533931E+01   2.830354E+01
   8.533373E+01   2.830104E+01
   8.532536E+01   2.829898E+01
   8.532139E+01   2.829502E+01
   8.531919E+01   2.829487E+01
   8.530539E+01   2.829061E+01
   8.529775E+01   2.829090E+01
   8.529481E+01   2.828973E+01
   8.527337E+01   2.828841E+01
   8.527396E+01   2.829193E+01
   8.527014E+01   2.829810E+01
   8.526382E+01   2.829693E+01
   8.526118E+01   2.829575E+01
   8.525428E+01   2.829766E+01
   8.525005E+01   2.830102E+01
   8.524638E+01   2.830523E+01
   8.524340E+01   2.831460E+01
   8.523964E+01   2.831911E+01
   8.523429E+01   2.832174E+01
   8.523062E+01   2.832302E+01
   8.522923E+01   2.832476E+01
   8.522413E+01   2.832724E+01
   8.521873E+01   2.833061E+01
   8.521328E+01   2.833318E+01
   8.520352E+01   2.834052E+01
   8.519891E+01   2.833928E+01
   8.519598E+01   2.833690E+01
   8.519440E+01   2.833274E+01
   8.519009E+01   2.832947E+01
   8.517948E+01   2.832488E+01
   8.516790E+01   2.833169E+01
   8.516327E+01   2.833183E+01
   8.515603E+01   2.833169E+01
   8.514431E+01   2.833125E+01
   8.513736E+01   2.833169E+01
   8.513273E+01   2.833545E+01
   8.512690E+01   2.833787E+01
   8.511959E+01   2.833635E+01
   8.510827E+01   2.834636E+01
   8.506486E+01   2.833970E+01
   8.502808E+01   2.826267E+01
   8.501311E+01   2.825739E+01
   8.500001E+01   2.824639E+01
   8.499133E+01   2.824414E+01
   8.497761E+01   2.822732E+01
   8.496647E+01   2.821842E+01
   8.496162E+01   2.821279E+01
   8.497013E+01   2.819769E+01
   8.497064E+01   2.818740E+01
   8.496458E+01   2.817399E+01
   8.496039E+01   2.816072E+01
   8.495715E+01   2.814709E+01
   8.495563E+01   2.814126E+01
   8.495825E+01   2.813377E+01
   8.495650E+01   2.812688E+01
   8.494230E+01   2.812173E+01
   8.493128E+01   2.812405E+01
   8.492379E+01   2.811984E+01
   8.492248E+01   2.811864E+01
   8.492174E+01   2.811676E+01
   8.492004E+01   2.811543E+01
   8.492036E+01   2.811429E+01
   8.492102E+01   2.811062E+01
   8.492127E+01   2.810879E+01
   8.492132E+01   2.810798E+01
   8.492131E+01   2.810630E+01
   8.491965E+01   2.810525E+01
   8.491889E+01   2.810436E+01
   8.491680E+01   2.810330E+01
   8.491513E+01   2.810278E+01
   8.491396E+01   2.810300E+01
   8.491258E+01   2.810329E+01
   8.491041E+01   2.810418E+01
   8.490885E+01   2.810481E+01
   8.490626E+01   2.810516E+01
   8.490350E+01   2.810536E+01
   8.490099E+01   2.810640E+01
   8.489995E+01   2.810673E+01
   8.489532E+01   2.810304E+01
   8.489341E+01   2.810152E+01
   8.489248E+01   2.810037E+01
   8.489125E+01   2.810165E+01
   8.488820E+01   2.810376E+01
   8.488711E+01   2.810443E+01
   8.488524E+01   2.810563E+01
   8.488535E+01   2.810671E+01
   8.488469E+01   2.810800E+01
   8.488379E+01   2.810994E+01
   8.488226E+01   2.811134E+01
   8.488038E+01   2.811319E+01
   8.487882E+01   2.811352E+01
   8.487665E+01   2.811471E+01
   8.487335E+01   2.811643E+01
   8.487217E+01   2.811734E+01
   8.487112E+01   2.811809E+01
   8.487055E+01   2.811904E+01
   8.486923E+01   2.812059E+01
   8.486647E+01   2.812083E+01
   8.486444E+01   2.812141E+01
   8.486116E+01   2.812149E+01
   8.485962E+01   2.812097E+01
   8.485890E+01   2.812020E+01
   8.485738E+01   2.812121E+01
   8.485455E+01   2.812278E+01
   8.485290E+01   2.812123E+01
   8.485001E+01   2.811905E+01
   8.484664E+01   2.811740E+01
   8.484271E+01   2.811567E+01
   8.484196E+01   2.811424E+01
   8.484256E+01   2.811211E+01
   8.484134E+01   2.811014E+01
   8.483944E+01   2.810824E+01
   8.483767E+01   2.810592E+01
   8.483698E+01   2.810327E+01
   8.483771E+01   2.810133E+01
   8.483698E+01   2.809856E+01
   8.483616E+01   2.809404E+01
   8.483169E+01   2.809024E+01
   8.482918E+01   2.808123E+01
   8.482665E+01   2.807340E+01
   8.482227E+01   2.806471E+01
   8.482104E+01   2.806358E+01
   8.482051E+01   2.806166E+01
   8.482084E+01   2.806018E+01
   8.482112E+01   2.805838E+01
   8.482051E+01   2.805650E+01
   8.481835E+01   2.805444E+01
   8.481846E+01   2.805038E+01
   8.481094E+01   2.804180E+01
   8.480900E+01   2.803818E+01
   8.481048E+01   2.803346E+01
   8.481318E+01   2.802920E+01
   8.481250E+01   2.802427E+01
   8.480950E+01   2.801857E+01
   8.481243E+01   2.800676E+01
   8.480683E+01   2.800153E+01
   8.480197E+01   2.800064E+01
   8.479866E+01   2.800194E+01
   8.479737E+01   2.800008E+01
   8.479053E+01   2.799838E+01
   8.478812E+01   2.798924E+01
   8.478481E+01   2.798600E+01
   8.477929E+01   2.798217E+01
   8.477725E+01   2.797793E+01
   8.477316E+01   2.797767E+01
   8.477222E+01   2.797537E+01
   8.477022E+01   2.796787E+01
   8.476040E+01   2.796749E+01
   8.474629E+01   2.795701E+01
   8.473944E+01   2.794125E+01
   8.473296E+01   2.793330E+01
   8.473653E+01   2.792838E+01
   8.473182E+01   2.792611E+01
   8.473347E+01   2.792002E+01
   8.473435E+01   2.791098E+01
   8.473731E+01   2.789840E+01
   8.473674E+01   2.789099E+01
   8.474565E+01   2.788102E+01
   8.474802E+01   2.787799E+01
   8.475558E+01   2.786893E+01
   8.475539E+01   2.786415E+01
   8.476274E+01   2.786036E+01
   8.476542E+01   2.785471E+01
   8.476813E+01   2.785162E+01
   8.476816E+01   2.784619E+01
   8.477030E+01   2.784267E+01
   8.477133E+01   2.783846E+01
   8.477458E+01   2.783706E+01
   8.477457E+01   2.783230E+01
   8.477458E+01   2.782271E+01
   8.477919E+01   2.781288E+01
   8.476842E+01   2.781191E+01
   8.476034E+01   2.781752E+01
   8.475108E+01   2.780466E+01
   8.474006E+01   2.780449E+01
   8.473029E+01   2.779556E+01
   8.471884E+01   2.780402E+01
   8.470818E+01   2.780242E+01
   8.470258E+01   2.780754E+01
   8.469108E+01   2.780956E+01
   8.467665E+01   2.781552E+01
   8.466647E+01   2.782475E+01
   8.465388E+01   2.782383E+01
   8.464150E+01   2.782312E+01
   8.462108E+01   2.781274E+01
   8.461837E+01   2.780916E+01
   8.461984E+01   2.780907E+01
   8.462168E+01   2.780924E+01
   8.462364E+01   2.780951E+01
   8.462459E+01   2.780964E+01
   8.462566E+01   2.780872E+01
   8.462639E+01   2.780800E+01
   8.462743E+01   2.780746E+01
   8.462944E+01   2.780795E+01
   8.463017E+01   2.780787E+01
   8.463056E+01   2.780722E+01
   8.463151E+01   2.780642E+01
   8.463259E+01   2.780700E+01
   8.463321E+01   2.780760E+01
   8.463401E+01   2.780719E+01
   8.463448E+01   2.780673E+01
   8.463501E+01   2.780699E+01
   8.463531E+01   2.780734E+01
   8.463583E+01   2.780703E+01
   8.463630E+01   2.780649E+01
   8.463737E+01   2.780638E+01
   8.463802E+01   2.780578E+01
   8.463914E+01   2.780449E+01
   8.464006E+01   2.780369E+01
   8.464116E+01   2.780323E+01
   8.464201E+01   2.780221E+01
   8.464308E+01   2.780166E+01
   8.464395E+01   2.780075E+01
   8.464510E+01   2.780028E+01
   8.464598E+01   2.780036E+01
   8.464609E+01   2.779989E+01
   8.464568E+01   2.779949E+01
   8.464507E+01   2.779892E+01
   8.464529E+01   2.779800E+01
   8.464553E+01   2.779701E+01
   8.464527E+01   2.779590E+01
   8.464551E+01   2.779457E+01
   8.464380E+01   2.779335E+01
   8.464149E+01   2.779315E+01
   8.464052E+01   2.779293E+01
   8.463920E+01   2.779339E+01
   8.463783E+01   2.779451E+01
   8.463897E+01   2.778643E+01
   8.464994E+01   2.777993E+01
   8.467302E+01   2.777501E+01
   8.467638E+01   2.776346E+01
   8.467976E+01   2.775330E+01
   8.467489E+01   2.774710E+01
   8.467305E+01   2.773362E+01
   8.468074E+01   2.773117E+01
   8.468494E+01   2.772547E+01
   8.469579E+01   2.772480E+01
   8.470812E+01   2.772812E+01
   8.471837E+01   2.772779E+01
   8.473665E+01   2.773212E+01
   8.475287E+01   2.773501E+01
   8.476772E+01   2.772494E+01
   8.478085E+01   2.771864E+01
   8.479563E+01   2.770538E+01
   8.479081E+01   2.769557E+01
   8.479501E+01   2.768613E+01
   8.480025E+01   2.767147E+01
   8.480903E+01   2.767877E+01
   8.482982E+01   2.769232E+01
   8.487852E+01   2.766845E+01
   8.489249E+01   2.768236E+01
   8.490652E+01   2.769755E+01
   8.492108E+01   2.768934E+01
   8.493922E+01   2.768596E+01
   8.495048E+01   2.768328E+01
   8.496852E+01   2.769103E+01
   8.497620E+01   2.769430E+01
   8.498863E+01   2.770349E+01
   8.499971E+01   2.770470E+01
   8.501210E+01   2.770620E+01
   8.502360E+01   2.770226E+01
   8.503196E+01   2.769619E+01
   8.503620E+01   2.769975E+01
   8.503984E+01   2.770421E+01
   8.504310E+01   2.768955E+01
   8.505839E+01   2.769604E+01
   8.506519E+01   2.769577E+01
   8.507661E+01   2.770808E+01
   8.508905E+01   2.771114E+01
   8.510264E+01   2.770406E+01
   8.511257E+01   2.769909E+01
   8.513148E+01   2.768103E+01
   8.513980E+01   2.767368E+01
   8.515125E+01   2.767001E+01
   8.516194E+01   2.767024E+01
   8.518797E+01   2.768131E+01
   8.519086E+01   2.767775E+01
   8.520210E+01   2.767118E+01
   8.520548E+01   2.766657E+01
   8.521036E+01   2.766524E+01
   8.521828E+01   2.765849E+01
   8.522209E+01   2.765437E+01
   8.522856E+01   2.765491E+01
   8.523325E+01   2.764999E+01
   8.523133E+01   2.764610E+01
   8.522645E+01   2.763933E+01
   8.522462E+01   2.763534E+01
   8.522244E+01   2.763048E+01
   8.522333E+01   2.762588E+01
   8.522833E+01   2.762545E+01
   8.523295E+01   2.762150E+01
   8.523722E+01   2.761674E+01
   8.523788E+01   2.761297E+01
   8.523778E+01   2.760129E+01
   8.524151E+01   2.759823E+01
   8.524299E+01   2.759431E+01
   8.523926E+01   2.758867E+01
   8.523978E+01   2.758151E+01
   8.524097E+01   2.757938E+01
   8.524461E+01   2.757813E+01
   8.525329E+01   2.757871E+01
   8.525601E+01   2.757751E+01
   8.526051E+01   2.757391E+01
   8.526265E+01   2.757047E+01
   8.526133E+01   2.756974E+01
   8.525993E+01   2.757053E+01
   8.525873E+01   2.757119E+01
   8.525791E+01   2.757126E+01
   8.525736E+01   2.757058E+01
   8.525587E+01   2.757020E+01
   8.525487E+01   2.756959E+01
   8.525415E+01   2.756926E+01
   8.525324E+01   2.756849E+01
   8.525255E+01   2.756712E+01
   8.525165E+01   2.756573E+01
   8.525094E+01   2.756515E+01
   8.524978E+01   2.756401E+01
   8.524975E+01   2.756273E+01
   8.525057E+01   2.756159E+01
   8.525109E+01   2.756071E+01
   8.525032E+01   2.755993E+01
   8.524854E+01   2.755860E+01
   8.524751E+01   2.755721E+01
   8.524588E+01   2.755355E+01
   8.524707E+01   2.755090E+01
   8.524524E+01   2.754871E+01
   8.523966E+01   2.754782E+01
   8.523815E+01   2.754470E+01
   8.523597E+01   2.754327E+01
   8.523440E+01   2.754111E+01
   8.523361E+01   2.753927E+01
   8.523223E+01   2.753799E+01
   8.523164E+01   2.753740E+01
   8.523162E+01   2.753651E+01
   8.523249E+01   2.753613E+01
   8.523462E+01   2.753520E+01
   8.523941E+01   2.753316E+01
   8.524307E+01   2.753302E+01
   8.524474E+01   2.753309E+01
   8.524591E+01   2.753134E+01
   8.524681E+01   2.752874E+01
   8.525084E+01   2.752876E+01
   8.525087E+01   2.752711E+01
   8.525055E+01   2.752596E+01
   8.525031E+01   2.752494E+01
   8.525052E+01   2.752301E+01
   8.525024E+01   2.752129E+01
   8.524677E+01   2.751977E+01
   8.524383E+01   2.751933E+01
   8.524129E+01   2.751770E+01
   8.524071E+01   2.751613E+01
   8.524175E+01   2.751317E+01
   8.524105E+01   2.751208E+01
   8.523942E+01   2.751167E+01
   8.523774E+01   2.751098E+01
   8.523674E+01   2.750997E+01
   8.523654E+01   2.750889E+01
   8.523652E+01   2.750815E+01
   8.523515E+01   2.750707E+01
   8.523451E+01   2.750512E+01
   8.523496E+01   2.750407E+01
   8.523580E+01   2.750290E+01
   8.523662E+01   2.750086E+01
   8.523776E+01   2.750000E+01
   8.523916E+01   2.750014E+01
   8.524047E+01   2.750066E+01
   8.524194E+01   2.750049E+01
   8.524272E+01   2.749989E+01
   8.524316E+01   2.749874E+01
   8.524442E+01   2.749757E+01
   8.524731E+01   2.749614E+01
   8.524802E+01   2.749523E+01
   8.524798E+01   2.749438E+01
   8.524742E+01   2.749379E+01
   8.524686E+01   2.749342E+01
   8.524690E+01   2.749283E+01
   8.524698E+01   2.749167E+01
   8.524579E+01   2.748905E+01
   8.524440E+01   2.748697E+01
   8.524501E+01   2.748618E+01
   8.524580E+01   2.748576E+01
   8.524761E+01   2.748274E+01
   8.524735E+01   2.748157E+01
   8.524707E+01   2.748011E+01
   8.524749E+01   2.747937E+01
   8.524747E+01   2.747858E+01
   8.524783E+01   2.747626E+01
   8.524977E+01   2.747511E+01
   8.525284E+01   2.747298E+01
   8.525452E+01   2.747051E+01
   8.525720E+01   2.746840E+01
   8.525660E+01   2.746719E+01
   8.525574E+01   2.746565E+01
   8.525785E+01   2.746283E+01
   8.525806E+01   2.745997E+01
   8.525828E+01   2.745850E+01
   8.526096E+01   2.745762E+01
   8.526197E+01   2.745695E+01
   8.526427E+01   2.745421E+01
   8.526562E+01   2.745497E+01
   8.526671E+01   2.745457E+01
   8.526831E+01   2.745364E+01
   8.527085E+01   2.745413E+01
   8.527390E+01   2.745382E+01
   8.527730E+01   2.745207E+01
   8.527966E+01   2.745141E+01
   8.528371E+01   2.745168E+01
   8.528852E+01   2.745179E+01
   8.529448E+01   2.745128E+01
   8.529743E+01   2.745055E+01
   8.530059E+01   2.745112E+01
   8.530208E+01   2.745062E+01
   8.530700E+01   2.744562E+01
   8.530816E+01   2.744512E+01
   8.530994E+01   2.744530E+01
   8.531193E+01   2.744592E+01
   8.531470E+01   2.744288E+01
   8.531603E+01   2.744163E+01
   8.531554E+01   2.744016E+01
   8.531428E+01   2.743798E+01
   8.531603E+01   2.743634E+01
   8.531821E+01   2.743669E+01
   8.532046E+01   2.743695E+01
   8.532350E+01   2.743826E+01
   8.532489E+01   2.743855E+01
   8.532644E+01   2.743840E+01
   8.532992E+01   2.743798E+01
   8.533209E+01   2.743674E+01
   8.533331E+01   2.743408E+01
   8.533407E+01   2.743260E+01
   8.533580E+01   2.743197E+01
   8.533788E+01   2.743275E+01
   8.534053E+01   2.743305E+01
   8.534290E+01   2.743176E+01
   8.534500E+01   2.742942E+01
   8.534535E+01   2.742901E+01
   8.534717E+01   2.742853E+01
   8.534814E+01   2.743041E+01
   8.534984E+01   2.743137E+01
   8.535066E+01   2.743085E+01
   8.535228E+01   2.742966E+01
   8.535725E+01   2.742884E+01
   8.536239E+01   2.742633E+01
   8.536364E+01   2.742539E+01
   8.536504E+01   2.742489E+01
   8.536908E+01   2.742385E+01
   8.536865E+01   2.742275E+01
   8.537142E+01   2.741932E+01
   8.537566E+01   2.741821E+01
   8.537822E+01   2.741760E+01
   8.537909E+01   2.741569E+01
   8.538221E+01   2.741434E+01
   8.538391E+01   2.741341E+01
   8.538462E+01   2.741091E+01
   8.538380E+01   2.740862E+01
   8.538483E+01   2.740775E+01
   8.538822E+01   2.740813E+01
   8.539143E+01   2.740962E+01
   8.539365E+01   2.741119E+01
   8.539498E+01   2.741141E+01
   8.539682E+01   2.740894E+01
   8.539694E+01   2.740740E+01
   8.539738E+01   2.740505E+01
   8.539921E+01   2.740427E+01
   8.540287E+01   2.740545E+01
   8.540530E+01   2.740557E+01
   8.540504E+01   2.740430E+01
   8.540547E+01   2.740318E+01
   8.540710E+01   2.740319E+01
   8.540790E+01   2.740538E+01
   8.540948E+01   2.740663E+01
   8.541127E+01   2.740667E+01
   8.541308E+01   2.740537E+01
   8.541457E+01   2.740484E+01
   8.541500E+01   2.740767E+01
   8.541744E+01   2.740876E+01
   8.541950E+01   2.740719E+01
   8.541909E+01   2.740333E+01
   8.542036E+01   2.740253E+01
   8.542103E+01   2.740378E+01
   8.542403E+01   2.740509E+01
   8.542663E+01   2.740547E+01
   8.542743E+01   2.740623E+01
   8.542762E+01   2.740759E+01
   8.542846E+01   2.740963E+01
   8.542934E+01   2.741038E+01
   8.543046E+01   2.741045E+01
   8.543174E+01   2.741044E+01
   8.543283E+01   2.740990E+01
   8.543332E+01   2.740885E+01
   8.543351E+01   2.740684E+01
   8.543230E+01   2.740489E+01
   8.543248E+01   2.740383E+01
   8.543336E+01   2.740316E+01
   8.543727E+01   2.740337E+01
   8.544248E+01   2.740231E+01
   8.544489E+01   2.739964E+01
   8.544668E+01   2.739630E+01
   8.544753E+01   2.739126E+01
   8.544787E+01   2.738820E+01
   8.544853E+01   2.738745E+01
   8.544961E+01   2.738726E+01
   8.545068E+01   2.738841E+01
   8.545204E+01   2.739051E+01
   8.545525E+01   2.739390E+01
   8.545729E+01   2.739496E+01
   8.545861E+01   2.739513E+01
   8.545920E+01   2.739475E+01
   8.546019E+01   2.739337E+01
   8.546095E+01   2.738955E+01
   8.546276E+01   2.738699E+01
   8.546509E+01   2.738674E+01
   8.546587E+01   2.738776E+01
   8.546702E+01   2.738811E+01
   8.546834E+01   2.738875E+01
   8.546953E+01   2.738869E+01
   8.547014E+01   2.738763E+01
   8.547096E+01   2.738494E+01
   8.547295E+01   2.738210E+01
   8.547285E+01   2.737883E+01
   8.547363E+01   2.737740E+01
   8.547445E+01   2.737689E+01
   8.547715E+01   2.737755E+01
   8.547824E+01   2.737766E+01
   8.547886E+01   2.737540E+01
   8.547422E+01   2.737278E+01
   8.547176E+01   2.737230E+01
   8.547229E+01   2.737021E+01
   8.547404E+01   2.737115E+01
   8.547643E+01   2.737201E+01
   8.547725E+01   2.737102E+01
   8.547947E+01   2.737153E+01
   8.548145E+01   2.737351E+01
   8.548326E+01   2.737505E+01
   8.548508E+01   2.737605E+01
   8.548592E+01   2.737769E+01
   8.548780E+01   2.737800E+01
   8.548887E+01   2.737595E+01
   8.549067E+01   2.737477E+01
   8.549273E+01   2.737585E+01
   8.549531E+01   2.737574E+01
   8.549600E+01   2.737420E+01
   8.549597E+01   2.737272E+01
   8.549835E+01   2.737196E+01
   8.550052E+01   2.737226E+01
   8.550127E+01   2.737284E+01
   8.550205E+01   2.737164E+01
   8.550346E+01   2.736970E+01
   8.550539E+01   2.736885E+01
   8.550568E+01   2.736694E+01
   8.550571E+01   2.736514E+01
   8.550664E+01   2.736398E+01
   8.550760E+01   2.736477E+01
   8.550834E+01   2.736566E+01
   8.551047E+01   2.736522E+01
   8.550982E+01   2.736359E+01
   8.550806E+01   2.736196E+01
   8.550681E+01   2.736076E+01
   8.550632E+01   2.735936E+01
   8.550479E+01   2.735832E+01
   8.550357E+01   2.735734E+01
   8.550454E+01   2.735611E+01
   8.550691E+01   2.735485E+01
   8.550907E+01   2.735338E+01
   8.551126E+01   2.735283E+01
   8.551280E+01   2.735150E+01
   8.551472E+01   2.735022E+01
   8.551716E+01   2.734998E+01
   8.551967E+01   2.734974E+01
   8.552117E+01   2.734998E+01
   8.552325E+01   2.735007E+01
   8.552418E+01   2.735079E+01
   8.552474E+01   2.735222E+01
   8.552610E+01   2.735296E+01
   8.552711E+01   2.735412E+01
   8.552862E+01   2.735463E+01
   8.552986E+01   2.735521E+01
   8.553242E+01   2.735661E+01
   8.553372E+01   2.735678E+01
   8.553512E+01   2.735531E+01
   8.553658E+01   2.735412E+01
   8.553822E+01   2.735468E+01
   8.553955E+01   2.735395E+01
   8.554029E+01   2.735213E+01
   8.554028E+01   2.735075E+01
   8.553937E+01   2.735020E+01
   8.554075E+01   2.734931E+01
   8.554311E+01   2.734864E+01
   8.554510E+01   2.734805E+01
   8.554782E+01   2.734750E+01
   8.554903E+01   2.734666E+01
   8.554941E+01   2.734467E+01
   8.555000E+01   2.734324E+01
   8.555147E+01   2.734348E+01
   8.555255E+01   2.734474E+01
   8.555360E+01   2.734634E+01
   8.555498E+01   2.734643E+01
   8.555568E+01   2.734493E+01
   8.555503E+01   2.734303E+01
   8.555594E+01   2.734178E+01
   8.555751E+01   2.734055E+01
   8.555853E+01   2.733934E+01
   8.556073E+01   2.733948E+01
   8.556311E+01   2.734066E+01
   8.556303E+01   2.734166E+01
   8.556248E+01   2.734305E+01
   8.556351E+01   2.734396E+01
   8.556439E+01   2.734476E+01
   8.556580E+01   2.734444E+01
   8.556653E+01   2.734308E+01
   8.556561E+01   2.734228E+01
   8.556451E+01   2.734142E+01
   8.556527E+01   2.734089E+01
   8.556737E+01   2.734113E+01
   8.556905E+01   2.734044E+01
   8.557077E+01   2.734070E+01
   8.557244E+01   2.734080E+01
   8.557383E+01   2.734184E+01
   8.557562E+01   2.734146E+01
   8.557727E+01   2.734184E+01
   8.557735E+01   2.734285E+01
   8.557750E+01   2.734437E+01
   8.557892E+01   2.734455E+01
   8.558096E+01   2.734437E+01
   8.558289E+01   2.734401E+01
   8.558537E+01   2.734382E+01
   8.558637E+01   2.734439E+01
   8.558708E+01   2.734518E+01
   8.558928E+01   2.734421E+01
   8.559130E+01   2.734455E+01
   8.559271E+01   2.734344E+01
   8.559516E+01   2.734383E+01
   8.559718E+01   2.734462E+01
   8.559888E+01   2.734445E+01
   8.559914E+01   2.734328E+01
   8.560113E+01   2.734354E+01
   8.560348E+01   2.734367E+01
   8.560546E+01   2.734408E+01
   8.560864E+01   2.734391E+01
   8.561067E+01   2.734300E+01
   8.561240E+01   2.734303E+01
   8.561409E+01   2.734424E+01
   8.561521E+01   2.734490E+01
   8.561743E+01   2.734526E+01
   8.561994E+01   2.734533E+01
   8.562210E+01   2.734482E+01
   8.562390E+01   2.734529E+01
   8.562680E+01   2.734644E+01
   8.562874E+01   2.734721E+01
   8.563013E+01   2.734730E+01
   8.563151E+01   2.734785E+01
   8.563182E+01   2.734916E+01
   8.563364E+01   2.734927E+01
   8.563485E+01   2.735068E+01
   8.563394E+01   2.735190E+01
   8.563341E+01   2.735287E+01
   8.563504E+01   2.735344E+01
   8.563696E+01   2.735306E+01
   8.563837E+01   2.735169E+01
   8.563832E+01   2.735033E+01
   8.563900E+01   2.734894E+01
   8.563995E+01   2.734865E+01
   8.564054E+01   2.734971E+01
   8.564142E+01   2.735013E+01
   8.564188E+01   2.734861E+01
   8.564156E+01   2.734750E+01
   8.564042E+01   2.734767E+01
   8.563913E+01   2.734775E+01
   8.563960E+01   2.734614E+01
   8.564078E+01   2.734550E+01
   8.564239E+01   2.734616E+01
   8.564373E+01   2.734544E+01
   8.564304E+01   2.734399E+01
   8.564181E+01   2.734285E+01
   8.564373E+01   2.734175E+01
   8.564609E+01   2.734003E+01
   8.564752E+01   2.733775E+01
   8.564939E+01   2.733594E+01
   8.564999E+01   2.733438E+01
   8.565186E+01   2.733366E+01
   8.565452E+01   2.733429E+01
   8.565693E+01   2.733501E+01
   8.565896E+01   2.733496E+01
   8.565998E+01   2.733421E+01
   8.566106E+01   2.733483E+01
   8.566133E+01   2.733610E+01
   8.566191E+01   2.733707E+01
   8.566305E+01   2.733764E+01
   8.566408E+01   2.733840E+01
   8.566563E+01   2.733838E+01
   8.566759E+01   2.733855E+01
   8.566839E+01   2.733998E+01
   8.566993E+01   2.734070E+01
   8.567210E+01   2.734118E+01
   8.567211E+01   2.734214E+01
   8.567124E+01   2.734315E+01
   8.567214E+01   2.734417E+01
   8.567314E+01   2.734427E+01
   8.567404E+01   2.734335E+01
   8.567597E+01   2.734384E+01
   8.567706E+01   2.734439E+01
   8.567895E+01   2.734505E+01
   8.568038E+01   2.734444E+01
   8.568070E+01   2.734272E+01
   8.568329E+01   2.734205E+01
   8.568478E+01   2.734128E+01
   8.568487E+01   2.733987E+01
   8.568644E+01   2.733831E+01
   8.568730E+01   2.733789E+01
   8.568762E+01   2.733750E+01
   8.568839E+01   2.733708E+01
   8.568940E+01   2.733705E+01
   8.568970E+01   2.733760E+01
   8.569062E+01   2.733787E+01
   8.569175E+01   2.733787E+01
   8.569278E+01   2.733809E+01
   8.569364E+01   2.733920E+01
   8.569487E+01   2.733955E+01
   8.569582E+01   2.734005E+01
   8.569714E+01   2.734000E+01
   8.569831E+01   2.734059E+01
   8.569926E+01   2.734092E+01
   8.569959E+01   2.734245E+01
   8.570035E+01   2.734329E+01
   8.570074E+01   2.734404E+01
   8.570159E+01   2.734416E+01
   8.570252E+01   2.734439E+01
   8.570338E+01   2.734490E+01
   8.570393E+01   2.734563E+01
   8.570410E+01   2.734642E+01
   8.570432E+01   2.734692E+01
   8.570412E+01   2.734775E+01
   8.570464E+01   2.734838E+01
   8.570484E+01   2.734907E+01
   8.570520E+01   2.734973E+01
   8.570546E+01   2.735064E+01
   8.570531E+01   2.735128E+01
   8.570517E+01   2.735215E+01
   8.570490E+01   2.735279E+01
   8.570435E+01   2.735331E+01
   8.570401E+01   2.735398E+01
   8.570394E+01   2.735511E+01
   8.570411E+01   2.735659E+01
   8.570435E+01   2.735735E+01
   8.570365E+01   2.735815E+01
   8.569422E+01   2.737568E+01
   8.570733E+01   2.739614E+01
   8.572484E+01   2.741105E+01
   8.574114E+01   2.740829E+01
   8.577261E+01   2.739769E+01
   8.578270E+01   2.743332E+01
   8.579037E+01   2.744294E+01
   8.579206E+01   2.744299E+01
   8.579293E+01   2.744143E+01
   8.579480E+01   2.744045E+01
   8.579722E+01   2.743947E+01
   8.579995E+01   2.743819E+01
   8.580146E+01   2.743852E+01
   8.580340E+01   2.743941E+01
   8.580435E+01   2.744078E+01
   8.580512E+01   2.744147E+01
   8.580620E+01   2.744114E+01
   8.580771E+01   2.744139E+01
   8.580882E+01   2.744234E+01
   8.580866E+01   2.744302E+01
   8.580832E+01   2.744448E+01
   8.580876E+01   2.744515E+01
   8.580937E+01   2.744578E+01
   8.581065E+01   2.744582E+01
   8.581185E+01   2.744591E+01
   8.581283E+01   2.744552E+01
   8.581372E+01   2.744558E+01
   8.581690E+01   2.744673E+01
   8.581721E+01   2.745260E+01
   8.581426E+01   2.745191E+01
   8.581155E+01   2.745374E+01
   8.580880E+01   2.745582E+01
   8.580899E+01   2.745888E+01
   8.580894E+01   2.746107E+01
   8.581034E+01   2.746334E+01
   8.581234E+01   2.746292E+01
   8.581439E+01   2.746414E+01
   8.581313E+01   2.746816E+01
   8.581402E+01   2.747280E+01
   8.581016E+01   2.747557E+01
   8.580755E+01   2.747866E+01
   8.580678E+01   2.748015E+01
   8.580840E+01   2.748251E+01
   8.580792E+01   2.748440E+01
   8.580670E+01   2.748686E+01
   8.580326E+01   2.749000E+01
   8.580218E+01   2.749334E+01
   8.580168E+01   2.749743E+01
   8.579768E+01   2.749943E+01
   8.579788E+01   2.750044E+01
   8.579838E+01   2.750113E+01
   8.579932E+01   2.750214E+01
   8.579973E+01   2.750289E+01
   8.579977E+01   2.750374E+01
   8.579992E+01   2.750519E+01
   8.580020E+01   2.750576E+01
   8.580039E+01   2.750650E+01
   8.580075E+01   2.750686E+01
   8.580170E+01   2.750676E+01
   8.580289E+01   2.750650E+01
   8.580363E+01   2.750668E+01
   8.580423E+01   2.750702E+01
   8.580490E+01   2.750793E+01
   8.580473E+01   2.750867E+01
   8.580464E+01   2.750962E+01
   8.580467E+01   2.751038E+01
   8.580483E+01   2.751111E+01
   8.580554E+01   2.751132E+01
   8.580625E+01   2.751086E+01
   8.580695E+01   2.751029E+01
   8.580751E+01   2.750982E+01
   8.580823E+01   2.750952E+01
   8.580878E+01   2.750979E+01
   8.580928E+01   2.751012E+01
   8.580986E+01   2.751062E+01
   8.581068E+01   2.751147E+01
   8.581121E+01   2.751170E+01
   8.581180E+01   2.751175E+01
   8.581235E+01   2.751245E+01
   8.581267E+01   2.751319E+01
   8.581363E+01   2.751413E+01
   8.581412E+01   2.751485E+01
   8.581462E+01   2.751555E+01
   8.581628E+01   2.751595E+01
   8.581686E+01   2.751651E+01
   8.581793E+01   2.751741E+01
   8.581894E+01   2.751781E+01
   8.581900E+01   2.751856E+01
   8.581887E+01   2.751932E+01
   8.581888E+01   2.752023E+01
   8.581858E+01   2.752117E+01
   8.581832E+01   2.752219E+01
   8.581785E+01   2.752283E+01
   8.581683E+01   2.752322E+01
   8.581592E+01   2.752381E+01
   8.581595E+01   2.752455E+01
   8.581711E+01   2.752477E+01
   8.581882E+01   2.752517E+01
   8.581948E+01   2.752577E+01
   8.581954E+01   2.752648E+01
   8.581907E+01   2.752809E+01
   8.581894E+01   2.752926E+01
   8.581932E+01   2.753016E+01
   8.582007E+01   2.753102E+01
   8.582085E+01   2.753139E+01
   8.582188E+01   2.753184E+01
   8.582253E+01   2.753244E+01
   8.582285E+01   2.753363E+01
   8.582338E+01   2.753426E+01
   8.582456E+01   2.753580E+01
   8.582506E+01   2.753700E+01
   8.582511E+01   2.753785E+01
   8.582465E+01   2.753845E+01
   8.582471E+01   2.753958E+01
   8.582600E+01   2.754112E+01
   8.582733E+01   2.754213E+01
   8.582705E+01   2.754308E+01
   8.582702E+01   2.754416E+01
   8.582747E+01   2.754528E+01
   8.582828E+01   2.754577E+01
   8.582864E+01   2.754667E+01
   8.582847E+01   2.754722E+01
   8.582793E+01   2.754758E+01
   8.582785E+01   2.754848E+01
   8.582804E+01   2.754948E+01
   8.582767E+01   2.755069E+01
   8.582700E+01   2.755202E+01
   8.582627E+01   2.755355E+01
   8.582622E+01   2.755475E+01
   8.582584E+01   2.755621E+01
   8.582534E+01   2.755793E+01
   8.582551E+01   2.755865E+01
   8.582494E+01   2.755952E+01
   8.582465E+01   2.756078E+01
   8.582459E+01   2.756213E+01
   8.582449E+01   2.756309E+01
   8.582389E+01   2.756352E+01
   8.582335E+01   2.756424E+01
   8.582317E+01   2.756515E+01
   8.582305E+01   2.756610E+01
   8.582302E+01   2.756752E+01
   8.582328E+01   2.756847E+01
   8.582396E+01   2.756908E+01
   8.582444E+01   2.756953E+01
   8.582405E+01   2.757011E+01
   8.582394E+01   2.757096E+01
   8.582447E+01   2.757162E+01
   8.582513E+01   2.757198E+01
   8.582597E+01   2.757248E+01
   8.582704E+01   2.757303E+01
   8.582729E+01   2.757357E+01
   8.582684E+01   2.757412E+01
   8.582639E+01   2.757482E+01
   8.582633E+01   2.757553E+01
   8.582762E+01   2.757653E+01
   8.582825E+01   2.757610E+01
   8.582831E+01   2.757517E+01
   8.582844E+01   2.757458E+01
   8.582926E+01   2.757423E+01
   8.583101E+01   2.757533E+01
   8.583122E+01   2.757651E+01
   8.583299E+01   2.757705E+01
   8.583411E+01   2.757640E+01
   8.583588E+01   2.757542E+01
   8.583712E+01   2.757500E+01
   8.583819E+01   2.757550E+01
   8.583872E+01   2.757647E+01
   8.583939E+01   2.757726E+01
   8.583983E+01   2.757740E+01
   8.584015E+01   2.757713E+01
   8.584035E+01   2.757654E+01
   8.584044E+01   2.757630E+01
   8.584086E+01   2.757612E+01
   8.584126E+01   2.757591E+01
   8.584171E+01   2.757645E+01
   8.584204E+01   2.757713E+01
   8.584273E+01   2.757761E+01
   8.584368E+01   2.757759E+01
   8.584443E+01   2.757771E+01
   8.584462E+01   2.757821E+01
   8.584502E+01   2.757848E+01
   8.584537E+01   2.757865E+01
   8.584591E+01   2.757881E+01
   8.584658E+01   2.757872E+01
   8.584698E+01   2.757892E+01
   8.584656E+01   2.757935E+01
   8.584593E+01   2.757958E+01
   8.584562E+01   2.758001E+01
   8.584538E+01   2.758082E+01
   8.584529E+01   2.758171E+01
   8.584594E+01   2.758208E+01
   8.584644E+01   2.758224E+01
   8.584674E+01   2.758274E+01
   8.584633E+01   2.758336E+01
   8.584607E+01   2.758414E+01
   8.584623E+01   2.758493E+01
   8.584639E+01   2.758537E+01
   8.584689E+01   2.758539E+01
   8.584739E+01   2.758518E+01
   8.584765E+01   2.758483E+01
   8.584805E+01   2.758500E+01
   8.584869E+01   2.758513E+01
   8.584932E+01   2.758551E+01
   8.584977E+01   2.758596E+01
   8.584993E+01   2.758657E+01
   8.585028E+01   2.758687E+01
   8.585069E+01   2.758675E+01
   8.585115E+01   2.758680E+01
   8.585117E+01   2.758727E+01
   8.585077E+01   2.758763E+01
   8.585067E+01   2.758809E+01
   8.585067E+01   2.758860E+01
   8.585069E+01   2.758901E+01
   8.585133E+01   2.758932E+01
   8.585189E+01   2.758978E+01
   8.585216E+01   2.759050E+01
   8.585225E+01   2.759117E+01
   8.585251E+01   2.759162E+01
   8.585278E+01   2.759182E+01
   8.585336E+01   2.759168E+01
   8.585398E+01   2.759127E+01
   8.585461E+01   2.759128E+01
   8.585526E+01   2.759122E+01
   8.585582E+01   2.759169E+01
   8.585637E+01   2.759195E+01
   8.585675E+01   2.759243E+01
   8.585710E+01   2.759289E+01
   8.585755E+01   2.759306E+01
   8.585785E+01   2.759278E+01
   8.585814E+01   2.759240E+01
   8.585892E+01   2.759225E+01
   8.585952E+01   2.759253E+01
   8.585951E+01   2.759318E+01
   8.585990E+01   2.759366E+01
   8.586075E+01   2.759351E+01
   8.586148E+01   2.759319E+01
   8.586204E+01   2.759344E+01
   8.586207E+01   2.759409E+01
   8.586250E+01   2.759450E+01
   8.586351E+01   2.759499E+01
   8.586379E+01   2.759558E+01
   8.586433E+01   2.759607E+01
   8.586498E+01   2.759639E+01
   8.586557E+01   2.759747E+01
   8.586632E+01   2.759876E+01
   8.586704E+01   2.760046E+01
   8.586738E+01   2.760087E+01
   8.586773E+01   2.760212E+01
   8.586852E+01   2.760293E+01
   8.586901E+01   2.760391E+01
   8.586919E+01   2.760493E+01
   8.586935E+01   2.760588E+01
   8.586986E+01   2.760690E+01
   8.587020E+01   2.760760E+01
   8.587045E+01   2.760831E+01
   8.587051E+01   2.760911E+01
   8.587097E+01   2.760945E+01
   8.587175E+01   2.760963E+01
   8.587233E+01   2.761034E+01
   8.587308E+01   2.761063E+01
   8.587358E+01   2.761124E+01
   8.587401E+01   2.761227E+01
   8.587418E+01   2.761303E+01
   8.587493E+01   2.761289E+01
   8.587566E+01   2.761243E+01
   8.587657E+01   2.761257E+01
   8.587677E+01   2.761331E+01
   8.587752E+01   2.761358E+01
   8.587838E+01   2.761318E+01
   8.587943E+01   2.761347E+01
   8.587964E+01   2.761411E+01
   8.587981E+01   2.761473E+01
   8.588058E+01   2.761453E+01
   8.588118E+01   2.761448E+01
   8.588243E+01   2.761225E+01
   8.588294E+01   2.761077E+01
   8.588493E+01   2.761088E+01
   8.588560E+01   2.761207E+01
   8.588428E+01   2.761425E+01
   8.588588E+01   2.761720E+01
   8.588706E+01   2.761831E+01
   8.588819E+01   2.761905E+01
   8.588919E+01   2.762052E+01
   8.589017E+01   2.762310E+01
   8.589165E+01   2.762505E+01
   8.589319E+01   2.762616E+01
   8.589517E+01   2.762764E+01
   8.589712E+01   2.762843E+01
   8.589817E+01   2.763012E+01
   8.590062E+01   2.763048E+01
   8.590375E+01   2.763192E+01
   8.590471E+01   2.763359E+01
   8.590697E+01   2.763440E+01
   8.590979E+01   2.763670E+01
   8.591050E+01   2.763768E+01
   8.590958E+01   2.764062E+01
   8.590962E+01   2.764294E+01
   8.591015E+01   2.764379E+01
   8.591251E+01   2.764495E+01
   8.591493E+01   2.764703E+01
   8.591488E+01   2.764918E+01
   8.591485E+01   2.765332E+01
   8.591548E+01   2.765545E+01
   8.591586E+01   2.765804E+01
   8.591637E+01   2.766049E+01
   8.591755E+01   2.766237E+01
   8.591811E+01   2.766366E+01
   8.591940E+01   2.766393E+01
   8.592465E+01   2.766359E+01
   8.592679E+01   2.766464E+01
   8.592847E+01   2.766525E+01
   8.593078E+01   2.766511E+01
   8.593278E+01   2.766743E+01
   8.593513E+01   2.766840E+01
   8.593758E+01   2.766883E+01
   8.593913E+01   2.767040E+01
   8.593907E+01   2.767224E+01
   8.593828E+01   2.767437E+01
   8.593811E+01   2.767683E+01
   8.593638E+01   2.768021E+01
   8.593553E+01   2.768169E+01
   8.593519E+01   2.768416E+01
   8.593416E+01   2.768679E+01
   8.593478E+01   2.768869E+01
   8.593722E+01   2.769112E+01
   8.593828E+01   2.769209E+01
   8.593872E+01   2.769499E+01
   8.593869E+01   2.769683E+01
   8.593893E+01   2.769866E+01
   8.593727E+01   2.770028E+01
   8.593637E+01   2.770280E+01
   8.593625E+01   2.770434E+01
   8.593590E+01   2.770665E+01
   8.593620E+01   2.770909E+01
   8.593721E+01   2.771117E+01
   8.593943E+01   2.771238E+01
   8.594217E+01   2.771360E+01
   8.594459E+01   2.771553E+01
   8.594600E+01   2.771672E+01
   8.594735E+01   2.771860E+01
   8.594913E+01   2.772062E+01
   8.595041E+01   2.772188E+01
   8.595172E+01   2.772261E+01
   8.595279E+01   2.772519E+01
   8.595234E+01   2.772719E+01
   8.595547E+01   2.773236E+01
   8.595733E+01   2.773307E+01
   8.596006E+01   2.773525E+01
   8.596082E+01   2.773604E+01
   8.596125E+01   2.773894E+01
   8.596098E+01   2.774109E+01
   8.596308E+01   2.774233E+01
   8.596638E+01   2.774231E+01
   8.596968E+01   2.774107E+01
   8.597363E+01   2.773896E+01
   8.597673E+01   2.773585E+01
   8.597853E+01   2.773564E+01
   8.598034E+01   2.773624E+01
   8.598338E+01   2.773742E+01
   8.598716E+01   2.773900E+01
   8.599055E+01   2.774066E+01
   8.599379E+01   2.774149E+01
   8.599575E+01   2.774239E+01
   8.599773E+01   2.774275E+01
   8.599934E+01   2.774342E+01
   8.600153E+01   2.774344E+01
   8.600342E+01   2.774509E+01
   8.600560E+01   2.774523E+01
   8.600704E+01   2.774506E+01
   8.601042E+01   2.774464E+01
   8.601139E+01   2.774429E+01
   8.601399E+01   2.774439E+01
   8.601588E+01   2.774342E+01
   8.601843E+01   2.774308E+01
   8.602224E+01   2.774130E+01
   8.602331E+01   2.774076E+01
   8.602567E+01   2.774114E+01
   8.602751E+01   2.773969E+01
   8.602790E+01   2.773960E+01
   8.602788E+01   2.773978E+01
   8.602806E+01   2.774082E+01
   8.602973E+01   2.774216E+01
   8.603044E+01   2.774291E+01
   8.603056E+01   2.774439E+01
   8.603123E+01   2.774558E+01
   8.603151E+01   2.774646E+01
   8.603153E+01   2.774815E+01
   8.603232E+01   2.775039E+01
   8.603395E+01   2.775675E+01
   8.602934E+01   2.776151E+01
   8.602483E+01   2.776529E+01
   8.602117E+01   2.776968E+01
   8.601988E+01   2.777208E+01
   8.602192E+01   2.777571E+01
   8.602443E+01   2.778226E+01
   8.602596E+01   2.778516E+01
   8.602236E+01   2.778986E+01
   8.602146E+01   2.779365E+01
   8.602254E+01   2.779988E+01
   8.602048E+01   2.780488E+01
   8.601963E+01   2.780969E+01
   8.601464E+01   2.781420E+01
   8.601353E+01   2.781678E+01
   8.600960E+01   2.781923E+01
   8.600654E+01   2.782509E+01
   8.600437E+01   2.782770E+01
   8.600252E+01   2.782976E+01
   8.600313E+01   2.783173E+01
   8.600667E+01   2.783429E+01
   8.600926E+01   2.783869E+01
   8.601217E+01   2.784001E+01
   8.601478E+01   2.784109E+01
   8.602037E+01   2.784405E+01
   8.602459E+01   2.784611E+01
   8.602522E+01   2.784929E+01
   8.602731E+01   2.785413E+01
   8.602854E+01   2.785941E+01
   8.603241E+01   2.786478E+01
   8.603642E+01   2.786632E+01
   8.603821E+01   2.786627E+01
   8.603990E+01   2.786729E+01
   8.604180E+01   2.786760E+01
   8.604315E+01   2.787033E+01
   8.604392E+01   2.787259E+01
   8.604524E+01   2.787708E+01
   8.604842E+01   2.788154E+01
   8.604742E+01   2.788579E+01
   8.605175E+01   2.788973E+01
   8.605448E+01   2.789363E+01
   8.605889E+01   2.789690E+01
   8.606223E+01   2.790092E+01
   8.605503E+01   2.790480E+01
   8.604579E+01   2.790702E+01
   8.604062E+01   2.790480E+01
   8.603372E+01   2.790536E+01
   8.602801E+01   2.790763E+01
   8.602123E+01   2.790836E+01
   8.601590E+01   2.791304E+01
   8.601041E+01   2.791361E+01
   8.600508E+01   2.791207E+01
   8.599919E+01   2.791256E+01
   8.599490E+01   2.791505E+01
   8.599038E+01   2.791648E+01
   8.598869E+01   2.791732E+01
   8.598263E+01   2.792055E+01
   8.597795E+01   2.792459E+01
   8.597375E+01   2.792669E+01
   8.596891E+01   2.793161E+01
   8.596253E+01   2.793404E+01
   8.595728E+01   2.793670E+01
   8.595252E+01   2.793920E+01
   8.594758E+01   2.794179E+01
   8.595128E+01   2.794495E+01
   8.595305E+01   2.794914E+01
   8.595617E+01   2.795402E+01
   8.595813E+01   2.795670E+01
   8.595795E+01   2.796039E+01
   8.595850E+01   2.796414E+01
   8.596081E+01   2.796984E+01
   8.596419E+01   2.797348E+01
