   8.361675E+01   2.793048E+01
   8.361873E+01   2.792827E+01
   8.362303E+01   2.792668E+01
   8.362644E+01   2.792552E+01
   8.362141E+01   2.791932E+01
   8.362674E+01   2.791522E+01
   8.363352E+01   2.791249E+01
   8.363244E+01   2.790442E+01
   8.363389E+01   2.789983E+01
   8.364202E+01   2.790239E+01
   8.364755E+01   2.790193E+01
   8.365523E+01   2.790236E+01
   8.366772E+01   2.792209E+01
   8.367557E+01   2.792763E+01
   8.368188E+01   2.792403E+01
   8.368099E+01   2.791741E+01
   8.368728E+01   2.792174E+01
   8.369317E+01   2.792159E+01
   8.370764E+01   2.791692E+01
   8.371488E+01   2.791850E+01
   8.371949E+01   2.792003E+01
   8.373429E+01   2.790796E+01
   8.374178E+01   2.790083E+01
   8.374243E+01   2.790501E+01
   8.375515E+01   2.790387E+01
   8.375641E+01   2.790650E+01
   8.376358E+01   2.790970E+01
   8.378006E+01   2.789788E+01
   8.378593E+01   2.788839E+01
   8.379507E+01   2.788337E+01
   8.380566E+01   2.787304E+01
   8.382571E+01   2.787537E+01
   8.384245E+01   2.786777E+01
   8.384635E+01   2.787457E+01
   8.385143E+01   2.788099E+01
   8.385393E+01   2.787373E+01
   8.386139E+01   2.787573E+01
   8.386524E+01   2.788412E+01
   8.387130E+01   2.788496E+01
   8.387608E+01   2.788793E+01
   8.387888E+01   2.788822E+01
   8.388092E+01   2.788685E+01
   8.388021E+01   2.788245E+01
   8.388665E+01   2.788373E+01
   8.389005E+01   2.788629E+01
   8.389316E+01   2.788586E+01
   8.389684E+01   2.788377E+01
   8.390273E+01   2.788228E+01
   8.390923E+01   2.788057E+01
   8.391403E+01   2.787697E+01
   8.391039E+01   2.787301E+01
   8.391632E+01   2.787121E+01
   8.392007E+01   2.787188E+01
   8.392397E+01   2.786818E+01
   8.392773E+01   2.787006E+01
   8.393203E+01   2.787256E+01
   8.393570E+01   2.787600E+01
   8.393732E+01   2.787815E+01
   8.394057E+01   2.787787E+01
   8.394516E+01   2.787176E+01
   8.394722E+01   2.786979E+01
   8.395047E+01   2.786919E+01
   8.395752E+01   2.787284E+01
   8.395946E+01   2.787302E+01
   8.396522E+01   2.787052E+01
   8.396839E+01   2.787039E+01
   8.397057E+01   2.787228E+01
   8.397194E+01   2.787271E+01
   8.397322E+01   2.787109E+01
   8.397491E+01   2.786745E+01
   8.398455E+01   2.786565E+01
   8.399494E+01   2.786606E+01
   8.399715E+01   2.786246E+01
   8.399795E+01   2.785984E+01
   8.399933E+01   2.785481E+01
   8.400389E+01   2.785525E+01
   8.401694E+01   2.785137E+01
   8.402276E+01   2.785248E+01
   8.401744E+01   2.785675E+01
   8.401575E+01   2.785916E+01
   8.402163E+01   2.786168E+01
   8.403144E+01   2.785620E+01
   8.404117E+01   2.785592E+01
   8.403896E+01   2.785256E+01
   8.404057E+01   2.785017E+01
   8.404298E+01   2.785101E+01
   8.404212E+01   2.785347E+01
   8.404320E+01   2.785549E+01
   8.405135E+01   2.785351E+01
   8.405336E+01   2.784881E+01
   8.406665E+01   2.785588E+01
   8.406909E+01   2.786063E+01
   8.407246E+01   2.786518E+01
   8.407641E+01   2.786321E+01
   8.407843E+01   2.786598E+01
   8.407791E+01   2.787008E+01
   8.408321E+01   2.786979E+01
   8.409212E+01   2.786697E+01
   8.410072E+01   2.786708E+01
   8.409933E+01   2.786213E+01
   8.409553E+01   2.786042E+01
   8.409660E+01   2.785797E+01
   8.410016E+01   2.785538E+01
   8.410527E+01   2.785735E+01
   8.410783E+01   2.786203E+01
   8.411143E+01   2.785883E+01
   8.411292E+01   2.785284E+01
   8.411652E+01   2.785078E+01
   8.412053E+01   2.785249E+01
   8.412031E+01   2.785746E+01
   8.412083E+01   2.786029E+01
   8.412911E+01   2.785668E+01
   8.412694E+01   2.785133E+01
   8.412106E+01   2.784942E+01
   8.412267E+01   2.784684E+01
   8.412793E+01   2.784521E+01
   8.413608E+01   2.784836E+01
   8.414340E+01   2.785018E+01
   8.414868E+01   2.784822E+01
   8.415409E+01   2.784762E+01
   8.415636E+01   2.784583E+01
   8.415471E+01   2.784088E+01
   8.415795E+01   2.783974E+01
   8.416304E+01   2.784177E+01
   8.416246E+01   2.784560E+01
   8.416637E+01   2.784608E+01
   8.417025E+01   2.784583E+01
   8.417254E+01   2.785143E+01
   8.417855E+01   2.785095E+01
   8.418595E+01   2.784809E+01
   8.419469E+01   2.784722E+01
   8.420335E+01   2.785213E+01
   8.420786E+01   2.784708E+01
   8.420602E+01   2.784232E+01
   8.420872E+01   2.783885E+01
   8.421142E+01   2.783956E+01
   8.421056E+01   2.784249E+01
   8.421108E+01   2.784566E+01
   8.421623E+01   2.784670E+01
   8.422086E+01   2.784319E+01
   8.422462E+01   2.783646E+01
   8.422728E+01   2.783826E+01
   8.422833E+01   2.784204E+01
   8.422734E+01   2.784507E+01
   8.423243E+01   2.784587E+01
   8.423743E+01   2.784500E+01
   8.424380E+01   2.784633E+01
   8.424906E+01   2.784079E+01
   8.425580E+01   2.783811E+01
   8.426515E+01   2.783913E+01
   8.426565E+01   2.783504E+01
   8.426726E+01   2.783234E+01
   8.426957E+01   2.783479E+01
   8.427346E+01   2.783654E+01
   8.427979E+01   2.783762E+01
   8.428663E+01   2.783714E+01
   8.429195E+01   2.783760E+01
   8.429466E+01   2.783342E+01
   8.430079E+01   2.782168E+01
   8.430579E+01   2.781936E+01
   8.430440E+01   2.781636E+01
   8.430071E+01   2.781522E+01
   8.430174E+01   2.781230E+01
   8.430159E+01   2.780875E+01
   8.429884E+01   2.780784E+01
   8.429861E+01   2.780410E+01
   8.429966E+01   2.779945E+01
   8.429942E+01   2.779412E+01
   8.430318E+01   2.779040E+01
   8.430983E+01   2.778712E+01
   8.431547E+01   2.778206E+01
   8.431832E+01   2.777489E+01
   8.431545E+01   2.776684E+01
   8.431744E+01   2.776146E+01
   8.432223E+01   2.775844E+01
   8.432489E+01   2.774883E+01
   8.433319E+01   2.774912E+01
   8.434068E+01   2.774433E+01
   8.434302E+01   2.775079E+01
   8.435059E+01   2.774908E+01
   8.435628E+01   2.775237E+01
   8.436158E+01   2.775478E+01
   8.436175E+01   2.776034E+01
   8.436426E+01   2.776668E+01
   8.436752E+01   2.777346E+01
   8.437038E+01   2.777621E+01
   8.437771E+01   2.777937E+01
   8.438247E+01   2.777822E+01
   8.438576E+01   2.777690E+01
   8.439248E+01   2.777523E+01
   8.440061E+01   2.776779E+01
   8.440917E+01   2.776086E+01
   8.441748E+01   2.775920E+01
   8.441996E+01   2.775314E+01
   8.441768E+01   2.774950E+01
   8.442231E+01   2.774862E+01
   8.442459E+01   2.774554E+01
   8.442136E+01   2.774269E+01
   8.442526E+01   2.773385E+01
   8.443160E+01   2.770804E+01
   8.438191E+01   2.768024E+01
   8.435874E+01   2.769758E+01
   8.432891E+01   2.769545E+01
   8.432331E+01   2.768723E+01
   8.429615E+01   2.766993E+01
   8.425857E+01   2.765098E+01
   8.424293E+01   2.765216E+01
   8.421596E+01   2.764250E+01
   8.418652E+01   2.762615E+01
   8.413545E+01   2.758500E+01
   8.412549E+01   2.756545E+01
   8.410804E+01   2.755126E+01
   8.407923E+01   2.755967E+01
   8.406773E+01   2.755175E+01
   8.405099E+01   2.755670E+01
   8.404146E+01   2.754491E+01
   8.402652E+01   2.753690E+01
   8.399957E+01   2.754581E+01
   8.397674E+01   2.754878E+01
   8.395592E+01   2.754745E+01
   8.394627E+01   2.754129E+01
   8.392619E+01   2.754527E+01
   8.391957E+01   2.752732E+01
   8.392336E+01   2.751667E+01
   8.394655E+01   2.751903E+01
   8.395417E+01   2.752781E+01
   8.396988E+01   2.751360E+01
   8.395735E+01   2.750048E+01
   8.393859E+01   2.748958E+01
   8.394498E+01   2.746948E+01
   8.393947E+01   2.745481E+01
   8.392543E+01   2.744666E+01
   8.391293E+01   2.744186E+01
   8.390608E+01   2.743948E+01
   8.390227E+01   2.743806E+01
   8.388964E+01   2.743657E+01
   8.388389E+01   2.743381E+01
   8.386745E+01   2.742563E+01
   8.386121E+01   2.740106E+01
   8.385474E+01   2.738646E+01
   8.386015E+01   2.736548E+01
   8.385663E+01   2.735097E+01
   8.384872E+01   2.735673E+01
   8.383596E+01   2.736600E+01
   8.382276E+01   2.737350E+01
   8.381166E+01   2.737865E+01
   8.379720E+01   2.738535E+01
   8.378723E+01   2.738978E+01
   8.376735E+01   2.739894E+01
   8.375736E+01   2.740362E+01
   8.374433E+01   2.740971E+01
   8.373368E+01   2.741480E+01
   8.371162E+01   2.742494E+01
   8.369364E+01   2.743334E+01
   8.368310E+01   2.743806E+01
   8.366842E+01   2.744477E+01
   8.365324E+01   2.745192E+01
   8.364045E+01   2.745792E+01
   8.362945E+01   2.746305E+01
   8.361596E+01   2.746867E+01
   8.361220E+01   2.746944E+01
   8.359198E+01   2.747041E+01
   8.357247E+01   2.747128E+01
   8.355312E+01   2.747223E+01
   8.354365E+01   2.747267E+01
   8.352184E+01   2.747372E+01
   8.349953E+01   2.747464E+01
   8.347982E+01   2.747555E+01
   8.346500E+01   2.747618E+01
   8.344121E+01   2.747721E+01
   8.340790E+01   2.747885E+01
   8.339729E+01   2.747941E+01
   8.338891E+01   2.747976E+01
   8.338935E+01   2.747880E+01
   8.339177E+01   2.747803E+01
   8.339215E+01   2.747614E+01
   8.339134E+01   2.747514E+01
   8.338995E+01   2.747461E+01
   8.338992E+01   2.747375E+01
   8.338900E+01   2.747346E+01
   8.338818E+01   2.747130E+01
   8.338851E+01   2.747057E+01
   8.338901E+01   2.747058E+01
   8.338970E+01   2.747109E+01
   8.339087E+01   2.747095E+01
   8.339349E+01   2.746948E+01
   8.339474E+01   2.746952E+01
   8.339530E+01   2.746972E+01
   8.339553E+01   2.746913E+01
   8.339519E+01   2.746664E+01
   8.339645E+01   2.746617E+01
   8.339827E+01   2.746542E+01
   8.339945E+01   2.746570E+01
   8.340074E+01   2.746723E+01
   8.340151E+01   2.746735E+01
   8.340246E+01   2.746586E+01
   8.340181E+01   2.746512E+01
   8.339998E+01   2.746426E+01
   8.339972E+01   2.746077E+01
   8.340023E+01   2.745879E+01
   8.340136E+01   2.745805E+01
   8.340178E+01   2.745704E+01
   8.340013E+01   2.745396E+01
   8.339870E+01   2.744917E+01
   8.339611E+01   2.744699E+01
   8.339440E+01   2.744641E+01
   8.339184E+01   2.744675E+01
   8.339059E+01   2.744627E+01
   8.338985E+01   2.744483E+01
   8.338744E+01   2.744421E+01
   8.338361E+01   2.744221E+01
   8.338398E+01   2.744097E+01
   8.338485E+01   2.744080E+01
   8.338592E+01   2.744004E+01
   8.338591E+01   2.743801E+01
   8.338404E+01   2.743668E+01
   8.338553E+01   2.743410E+01
   8.338787E+01   2.743225E+01
   8.338971E+01   2.743046E+01
   8.339176E+01   2.742939E+01
   8.339214E+01   2.742670E+01
   8.339392E+01   2.742438E+01
   8.339521E+01   2.742280E+01
   8.339625E+01   2.742244E+01
   8.340027E+01   2.742128E+01
   8.340103E+01   2.742033E+01
   8.339984E+01   2.742027E+01
   8.339916E+01   2.741980E+01
   8.339974E+01   2.741904E+01
   8.340175E+01   2.741966E+01
   8.340511E+01   2.741890E+01
   8.340593E+01   2.741715E+01
   8.340789E+01   2.741510E+01
   8.340912E+01   2.741504E+01
   8.340949E+01   2.741350E+01
   8.340898E+01   2.741231E+01
   8.340721E+01   2.741234E+01
   8.340587E+01   2.741101E+01
   8.340642E+01   2.740899E+01
   8.340550E+01   2.740664E+01
   8.340460E+01   2.740470E+01
   8.340348E+01   2.740230E+01
   8.340185E+01   2.740057E+01
   8.340018E+01   2.739958E+01
   8.339898E+01   2.739822E+01
   8.339703E+01   2.739779E+01
   8.339659E+01   2.739617E+01
   8.339495E+01   2.739581E+01
   8.339236E+01   2.739572E+01
   8.339092E+01   2.739443E+01
   8.338887E+01   2.739213E+01
   8.338713E+01   2.739125E+01
   8.338455E+01   2.739031E+01
   8.338469E+01   2.738825E+01
   8.338474E+01   2.738612E+01
   8.338746E+01   2.738430E+01
   8.338779E+01   2.738303E+01
   8.338636E+01   2.738099E+01
   8.338690E+01   2.737864E+01
   8.338802E+01   2.737610E+01
   8.338743E+01   2.737519E+01
   8.338574E+01   2.737366E+01
   8.338326E+01   2.737138E+01
   8.337952E+01   2.737004E+01
   8.337451E+01   2.737000E+01
   8.337273E+01   2.736728E+01
   8.337238E+01   2.736522E+01
   8.337301E+01   2.736253E+01
   8.337396E+01   2.735969E+01
   8.337323E+01   2.735691E+01
   8.337110E+01   2.735782E+01
   8.336920E+01   2.735772E+01
   8.336797E+01   2.735569E+01
   8.336533E+01   2.735534E+01
   8.336362E+01   2.735484E+01
   8.336199E+01   2.735307E+01
   8.335894E+01   2.735127E+01
   8.335804E+01   2.734969E+01
   8.335905E+01   2.734723E+01
   8.335930E+01   2.734379E+01
   8.335830E+01   2.734327E+01
   8.335636E+01   2.734450E+01
   8.335303E+01   2.734342E+01
   8.335072E+01   2.734228E+01
   8.335186E+01   2.734127E+01
   8.335252E+01   2.734002E+01
   8.335035E+01   2.733977E+01
   8.334757E+01   2.733903E+01
   8.334537E+01   2.733840E+01
   8.334369E+01   2.733782E+01
   8.334366E+01   2.733587E+01
   8.334179E+01   2.733457E+01
   8.333861E+01   2.733338E+01
   8.333684E+01   2.733276E+01
   8.333404E+01   2.733361E+01
   8.333163E+01   2.733276E+01
   8.332931E+01   2.733440E+01
   8.332699E+01   2.733415E+01
   8.332623E+01   2.733522E+01
   8.332493E+01   2.733546E+01
   8.332440E+01   2.733685E+01
   8.332279E+01   2.733655E+01
   8.332077E+01   2.733691E+01
   8.331914E+01   2.733735E+01
   8.331772E+01   2.733725E+01
   8.331873E+01   2.733617E+01
   8.331677E+01   2.733496E+01
   8.331555E+01   2.733297E+01
   8.331650E+01   2.733192E+01
   8.331782E+01   2.733086E+01
   8.331689E+01   2.733039E+01
   8.331507E+01   2.733163E+01
   8.331240E+01   2.733204E+01
   8.331031E+01   2.733262E+01
   8.330740E+01   2.733355E+01
   8.330601E+01   2.733215E+01
   8.330404E+01   2.733219E+01
   8.330095E+01   2.733430E+01
   8.329833E+01   2.733420E+01
   8.329439E+01   2.733349E+01
   8.329450E+01   2.733466E+01
   8.329324E+01   2.733491E+01
   8.329159E+01   2.733513E+01
   8.329216E+01   2.733568E+01
   8.329250E+01   2.733629E+01
   8.327672E+01   2.734913E+01
   8.326531E+01   2.736549E+01
   8.326809E+01   2.737272E+01
   8.327220E+01   2.738345E+01
   8.325703E+01   2.739425E+01
   8.324013E+01   2.740641E+01
   8.322281E+01   2.741368E+01
   8.321955E+01   2.741584E+01
   8.321113E+01   2.742351E+01
   8.319675E+01   2.744510E+01
   8.318175E+01   2.745485E+01
   8.317295E+01   2.745584E+01
   8.316603E+01   2.745743E+01
   8.315298E+01   2.745681E+01
   8.313243E+01   2.745561E+01
   8.310329E+01   2.745405E+01
   8.307790E+01   2.745292E+01
   8.306978E+01   2.745165E+01
   8.304003E+01   2.744923E+01
   8.302310E+01   2.745258E+01
   8.300969E+01   2.745571E+01
   8.298921E+01   2.746006E+01
   8.296802E+01   2.746393E+01
   8.296131E+01   2.746570E+01
   8.294465E+01   2.747700E+01
   8.293112E+01   2.749950E+01
   8.291668E+01   2.750138E+01
   8.289277E+01   2.749975E+01
   8.286592E+01   2.749859E+01
   8.284794E+01   2.749948E+01
   8.283501E+01   2.750159E+01
   8.282040E+01   2.749960E+01
   8.279328E+01   2.749824E+01
   8.277243E+01   2.750060E+01
   8.275824E+01   2.750119E+01
   8.274576E+01   2.750198E+01
   8.273606E+01   2.750233E+01
   8.273557E+01   2.750235E+01
   8.273508E+01   2.750316E+01
   8.273523E+01   2.750429E+01
   8.273514E+01   2.750553E+01
   8.273508E+01   2.750617E+01
   8.273545E+01   2.750716E+01
   8.273541E+01   2.750771E+01
   8.273510E+01   2.750809E+01
   8.273550E+01   2.750842E+01
   8.273599E+01   2.750845E+01
   8.273659E+01   2.750816E+01
   8.273728E+01   2.750822E+01
   8.273767E+01   2.750855E+01
   8.273726E+01   2.750911E+01
   8.273655E+01   2.750945E+01
   8.273677E+01   2.750965E+01
   8.273715E+01   2.751024E+01
   8.273713E+01   2.751131E+01
   8.273732E+01   2.751201E+01
   8.273736E+01   2.751235E+01
   8.273683E+01   2.751260E+01
   8.273658E+01   2.751303E+01
   8.273716E+01   2.751331E+01
   8.273754E+01   2.751349E+01
   8.273715E+01   2.751421E+01
   8.273667E+01   2.751458E+01
   8.273629E+01   2.751515E+01
   8.273663E+01   2.751593E+01
   8.273691E+01   2.751653E+01
   8.273675E+01   2.751693E+01
   8.273659E+01   2.751760E+01
   8.273693E+01   2.751800E+01
   8.273744E+01   2.751800E+01
   8.273784E+01   2.751836E+01
   8.273858E+01   2.751862E+01
   8.273927E+01   2.751834E+01
   8.273969E+01   2.751799E+01
   8.274036E+01   2.751796E+01
   8.274088E+01   2.751804E+01
   8.274094E+01   2.751769E+01
   8.274083E+01   2.751718E+01
   8.274110E+01   2.751692E+01
   8.274160E+01   2.751689E+01
   8.274218E+01   2.751700E+01
   8.274258E+01   2.751660E+01
   8.274300E+01   2.751652E+01
   8.274325E+01   2.751681E+01
   8.274340E+01   2.751715E+01
   8.274329E+01   2.751734E+01
   8.274276E+01   2.751734E+01
   8.274235E+01   2.751771E+01
   8.274227E+01   2.751842E+01
   8.274236E+01   2.751914E+01
   8.274241E+01   2.751959E+01
   8.274209E+01   2.751992E+01
   8.274181E+01   2.752036E+01
   8.274194E+01   2.752081E+01
   8.274251E+01   2.752121E+01
   8.274292E+01   2.752124E+01
   8.274321E+01   2.752107E+01
   8.274308E+01   2.752075E+01
   8.274300E+01   2.752058E+01
   8.274330E+01   2.752041E+01
   8.274389E+01   2.752043E+01
   8.274445E+01   2.752033E+01
   8.274460E+01   2.752019E+01
   8.274448E+01   2.751998E+01
   8.274454E+01   2.751981E+01
   8.274481E+01   2.751977E+01
   8.274504E+01   2.751985E+01
   8.274551E+01   2.752022E+01
   8.274606E+01   2.752051E+01
   8.274619E+01   2.752069E+01
   8.274654E+01   2.752069E+01
   8.274668E+01   2.752040E+01
   8.274648E+01   2.752006E+01
   8.274666E+01   2.751950E+01
   8.274695E+01   2.751935E+01
   8.274728E+01   2.751947E+01
   8.274761E+01   2.752011E+01
   8.274811E+01   2.752058E+01
   8.274851E+01   2.752123E+01
   8.274874E+01   2.752180E+01
   8.274916E+01   2.752208E+01
   8.274954E+01   2.752236E+01
   8.274970E+01   2.752259E+01
   8.274916E+01   2.752283E+01
   8.274853E+01   2.752295E+01
   8.274768E+01   2.752271E+01
   8.274745E+01   2.752294E+01
   8.274758E+01   2.752334E+01
   8.274763E+01   2.752389E+01
   8.274815E+01   2.752410E+01
   8.274901E+01   2.752418E+01
   8.274927E+01   2.752444E+01
   8.274920E+01   2.752474E+01
   8.274862E+01   2.752509E+01
   8.274851E+01   2.752585E+01
   8.274849E+01   2.752644E+01
   8.274809E+01   2.752673E+01
   8.274780E+01   2.752698E+01
   8.274744E+01   2.752677E+01
   8.274727E+01   2.752621E+01
   8.274675E+01   2.752564E+01
   8.274635E+01   2.752568E+01
   8.274617E+01   2.752613E+01
   8.274641E+01   2.752651E+01
   8.274647E+01   2.752728E+01
   8.274694E+01   2.752750E+01
   8.274697E+01   2.752783E+01
   8.274627E+01   2.752784E+01
   8.274554E+01   2.752816E+01
   8.274516E+01   2.752850E+01
   8.274541E+01   2.752906E+01
   8.274623E+01   2.752938E+01
   8.274719E+01   2.753009E+01
   8.274720E+01   2.753117E+01
   8.274684E+01   2.753153E+01
   8.274648E+01   2.753125E+01
   8.274615E+01   2.753022E+01
   8.274550E+01   2.752999E+01
   8.274449E+01   2.752961E+01
   8.274414E+01   2.752977E+01
   8.274443E+01   2.753020E+01
   8.274479E+01   2.753060E+01
   8.274532E+01   2.753093E+01
   8.274552E+01   2.753133E+01
   8.274503E+01   2.753217E+01
   8.274457E+01   2.753243E+01
   8.274430E+01   2.753218E+01
   8.274406E+01   2.753148E+01
   8.274372E+01   2.753146E+01
   8.274369E+01   2.753206E+01
   8.274330E+01   2.753237E+01
   8.274306E+01   2.753201E+01
   8.274237E+01   2.753164E+01
   8.274206E+01   2.753172E+01
   8.274221E+01   2.753250E+01
   8.274269E+01   2.753286E+01
   8.274265E+01   2.753326E+01
   8.274285E+01   2.753352E+01
   8.274425E+01   2.753364E+01
   8.274448E+01   2.753386E+01
   8.274386E+01   2.753581E+01
   8.274309E+01   2.753605E+01
   8.274220E+01   2.753584E+01
   8.274188E+01   2.753550E+01
   8.274144E+01   2.753553E+01
   8.274126E+01   2.753597E+01
   8.274068E+01   2.753648E+01
   8.274066E+01   2.753708E+01
   8.274108E+01   2.753723E+01
   8.274139E+01   2.753702E+01
   8.274165E+01   2.753685E+01
   8.274190E+01   2.753694E+01
   8.274188E+01   2.753752E+01
   8.274230E+01   2.753870E+01
   8.274202E+01   2.753912E+01
   8.274141E+01   2.753931E+01
   8.274135E+01   2.753959E+01
   8.274217E+01   2.754018E+01
   8.274326E+01   2.754100E+01
   8.274304E+01   2.754141E+01
   8.274241E+01   2.754147E+01
   8.274215E+01   2.754096E+01
   8.274182E+01   2.754101E+01
   8.274170E+01   2.754148E+01
   8.274118E+01   2.754248E+01
   8.274125E+01   2.754285E+01
   8.274189E+01   2.754279E+01
   8.274243E+01   2.754274E+01
   8.274264E+01   2.754315E+01
   8.274237E+01   2.754343E+01
   8.274167E+01   2.754334E+01
   8.274131E+01   2.754373E+01
   8.274091E+01   2.754426E+01
   8.274067E+01   2.754459E+01
   8.274131E+01   2.754513E+01
   8.274191E+01   2.754553E+01
   8.274190E+01   2.754613E+01
   8.274140E+01   2.754634E+01
   8.273997E+01   2.754566E+01
   8.273912E+01   2.754507E+01
   8.273875E+01   2.754536E+01
   8.273811E+01   2.754605E+01
   8.273775E+01   2.754654E+01
   8.273828E+01   2.754779E+01
   8.273895E+01   2.754832E+01
   8.273964E+01   2.754854E+01
   8.274039E+01   2.754896E+01
   8.274084E+01   2.754924E+01
   8.274080E+01   2.755011E+01
   8.273986E+01   2.755009E+01
   8.273875E+01   2.755015E+01
   8.273837E+01   2.755049E+01
   8.273861E+01   2.755087E+01
   8.273869E+01   2.755121E+01
   8.273822E+01   2.755168E+01
   8.273829E+01   2.755198E+01
   8.273894E+01   2.755191E+01
   8.273992E+01   2.755142E+01
   8.274022E+01   2.755153E+01
   8.274039E+01   2.755177E+01
   8.274069E+01   2.755170E+01
   8.274109E+01   2.755195E+01
   8.274096E+01   2.755272E+01
   8.274115E+01   2.755344E+01
   8.274191E+01   2.755385E+01
   8.274282E+01   2.755336E+01
   8.274376E+01   2.755290E+01
   8.274680E+01   2.755515E+01
   8.274886E+01   2.755607E+01
   8.274485E+01   2.755799E+01
   8.274258E+01   2.755970E+01
   8.274269E+01   2.756121E+01
   8.274659E+01   2.756404E+01
   8.274833E+01   2.756593E+01
   8.274800E+01   2.756982E+01
   8.274748E+01   2.757388E+01
   8.274822E+01   2.757473E+01
   8.275100E+01   2.757632E+01
   8.275174E+01   2.757873E+01
   8.275187E+01   2.758095E+01
   8.275323E+01   2.758237E+01
   8.275697E+01   2.758306E+01
   8.275795E+01   2.758530E+01
   8.275772E+01   2.758691E+01
   8.275565E+01   2.758889E+01
   8.275612E+01   2.759086E+01
   8.275519E+01   2.759397E+01
   8.275300E+01   2.759448E+01
   8.275177E+01   2.759385E+01
   8.274991E+01   2.759361E+01
   8.274683E+01   2.759361E+01
   8.274466E+01   2.759519E+01
   8.274375E+01   2.759786E+01
   8.274585E+01   2.759900E+01
   8.274841E+01   2.759957E+01
   8.274852E+01   2.760060E+01
   8.274480E+01   2.760268E+01
   8.274214E+01   2.760293E+01
   8.274051E+01   2.760358E+01
   8.273826E+01   2.760571E+01
   8.273833E+01   2.760671E+01
   8.273657E+01   2.760827E+01
   8.273579E+01   2.760962E+01
   8.273502E+01   2.761101E+01
   8.273556E+01   2.761188E+01
   8.273681E+01   2.761364E+01
   8.273799E+01   2.761422E+01
   8.273794E+01   2.761558E+01
   8.273659E+01   2.761636E+01
   8.273478E+01   2.761686E+01
   8.273339E+01   2.761714E+01
   8.273243E+01   2.761829E+01
   8.273382E+01   2.761892E+01
   8.273632E+01   2.761983E+01
   8.273679E+01   2.762205E+01
   8.273956E+01   2.762375E+01
   8.274044E+01   2.762488E+01
   8.273945E+01   2.762564E+01
   8.273779E+01   2.762501E+01
   8.273557E+01   2.762619E+01
   8.273374E+01   2.762799E+01
   8.273283E+01   2.762951E+01
   8.273430E+01   2.763024E+01
   8.273673E+01   2.762952E+01
   8.273889E+01   2.763066E+01
   8.274002E+01   2.763180E+01
   8.273895E+01   2.763243E+01
   8.273628E+01   2.763296E+01
   8.273335E+01   2.763170E+01
   8.273276E+01   2.763058E+01
   8.273147E+01   2.763118E+01
   8.273132E+01   2.763319E+01
   8.273432E+01   2.763422E+01
   8.273780E+01   2.763624E+01
   8.273843E+01   2.763772E+01
   8.273710E+01   2.763880E+01
   8.273634E+01   2.764099E+01
   8.273550E+01   2.764125E+01
   8.273555E+01   2.764252E+01
   8.273632E+01   2.764365E+01
   8.273607E+01   2.764492E+01
   8.273598E+01   2.764608E+01
   8.273382E+01   2.764636E+01
   8.273233E+01   2.764462E+01
   8.273187E+01   2.764322E+01
   8.273021E+01   2.764272E+01
   8.272990E+01   2.764417E+01
   8.273081E+01   2.764520E+01
   8.273232E+01   2.764592E+01
   8.273193E+01   2.764715E+01
   8.273099E+01   2.764896E+01
   8.273160E+01   2.765027E+01
   8.273205E+01   2.765169E+01
   8.273186E+01   2.765321E+01
   8.273140E+01   2.765390E+01
   8.272957E+01   2.765211E+01
   8.272829E+01   2.765129E+01
   8.272748E+01   2.765169E+01
   8.272802E+01   2.765415E+01
   8.272714E+01   2.765601E+01
   8.272736E+01   2.765751E+01
   8.272577E+01   2.765838E+01
   8.272444E+01   2.765904E+01
   8.272312E+01   2.765702E+01
   8.272162E+01   2.765622E+01
   8.272039E+01   2.765474E+01
   8.271868E+01   2.765589E+01
   8.271845E+01   2.765683E+01
   8.271977E+01   2.765864E+01
   8.272082E+01   2.765895E+01
   8.272252E+01   2.766070E+01
   8.272128E+01   2.766236E+01
   8.271956E+01   2.766178E+01
   8.271534E+01   2.766231E+01
   8.271316E+01   2.766248E+01
   8.271245E+01   2.766344E+01
   8.271379E+01   2.766432E+01
   8.271561E+01   2.766414E+01
   8.271629E+01   2.766518E+01
   8.271835E+01   2.766712E+01
   8.271813E+01   2.766850E+01
   8.271574E+01   2.766887E+01
   8.271405E+01   2.766912E+01
   8.271286E+01   2.766954E+01
   8.271383E+01   2.767191E+01
   8.271361E+01   2.767261E+01
   8.271304E+01   2.767514E+01
   8.271384E+01   2.767617E+01
   8.271379E+01   2.767772E+01
   8.271536E+01   2.767811E+01
   8.271746E+01   2.767721E+01
   8.271929E+01   2.767866E+01
   8.271762E+01   2.768026E+01
   8.271761E+01   2.768160E+01
   8.271857E+01   2.768540E+01
   8.271733E+01   2.768646E+01
   8.271585E+01   2.768723E+01
   8.271731E+01   2.768858E+01
   8.271814E+01   2.768944E+01
   8.271626E+01   2.769124E+01
   8.271408E+01   2.769213E+01
   8.271152E+01   2.769410E+01
   8.270949E+01   2.769510E+01
   8.270811E+01   2.769588E+01
   8.270759E+01   2.769868E+01
   8.270744E+01   2.769984E+01
   8.270582E+01   2.770191E+01
   8.270441E+01   2.770378E+01
   8.270502E+01   2.770515E+01
   8.270452E+01   2.770674E+01
   8.270459E+01   2.770841E+01
   8.270547E+01   2.770961E+01
   8.270695E+01   2.771177E+01
   8.270734E+01   2.771522E+01
   8.270829E+01   2.771753E+01
   8.270825E+01   2.771929E+01
   8.270883E+01   2.772043E+01
   8.270881E+01   2.772158E+01
   8.270845E+01   2.772261E+01
   8.270729E+01   2.773330E+01
   8.270084E+01   2.774639E+01
   8.269931E+01   2.775192E+01
   8.269717E+01   2.775763E+01
   8.270968E+01   2.776032E+01
   8.272455E+01   2.775905E+01
   8.273178E+01   2.776710E+01
   8.275084E+01   2.777724E+01
   8.278245E+01   2.777792E+01
   8.279188E+01   2.777271E+01
   8.280126E+01   2.777538E+01
   8.280543E+01   2.778188E+01
   8.280385E+01   2.778882E+01
   8.280507E+01   2.779095E+01
   8.280532E+01   2.779341E+01
   8.280343E+01   2.779478E+01
   8.279747E+01   2.779679E+01
   8.279583E+01   2.780475E+01
   8.278668E+01   2.780296E+01
   8.278616E+01   2.779484E+01
   8.277813E+01   2.780368E+01
   8.276821E+01   2.781083E+01
   8.275883E+01   2.781151E+01
   8.275709E+01   2.781806E+01
   8.274807E+01   2.782706E+01
   8.275896E+01   2.783684E+01
   8.278103E+01   2.784363E+01
   8.279898E+01   2.785614E+01
   8.280067E+01   2.786026E+01
   8.280343E+01   2.786870E+01
   8.280920E+01   2.786844E+01
   8.280609E+01   2.787183E+01
   8.280510E+01   2.787596E+01
   8.281437E+01   2.788827E+01
   8.282053E+01   2.790028E+01
   8.282452E+01   2.790408E+01
   8.282641E+01   2.790607E+01
   8.283860E+01   2.790421E+01
   8.284592E+01   2.790161E+01
   8.285525E+01   2.790495E+01
   8.286154E+01   2.790347E+01
   8.286242E+01   2.790728E+01
   8.286546E+01   2.790948E+01
   8.286917E+01   2.790836E+01
   8.287574E+01   2.790126E+01
   8.288012E+01   2.790444E+01
   8.288277E+01   2.790730E+01
   8.288836E+01   2.790669E+01
   8.289008E+01   2.791086E+01
   8.289289E+01   2.791369E+01
   8.289793E+01   2.791287E+01
   8.290177E+01   2.790896E+01
   8.291230E+01   2.790429E+01
   8.291846E+01   2.790569E+01
   8.292051E+01   2.790960E+01
   8.292443E+01   2.791222E+01
   8.292577E+01   2.791564E+01
   8.292745E+01   2.791961E+01
   8.293926E+01   2.792625E+01
   8.294586E+01   2.793121E+01
   8.295434E+01   2.792751E+01
   8.296092E+01   2.792666E+01
   8.296300E+01   2.792876E+01
   8.296950E+01   2.792788E+01
   8.297725E+01   2.792640E+01
   8.298415E+01   2.793021E+01
   8.298659E+01   2.792622E+01
   8.298970E+01   2.792536E+01
   8.299152E+01   2.792983E+01
   8.299825E+01   2.793252E+01
   8.300285E+01   2.792898E+01
   8.300390E+01   2.793229E+01
   8.300601E+01   2.792853E+01
   8.300873E+01   2.792281E+01
   8.301005E+01   2.791986E+01
   8.301337E+01   2.792225E+01
   8.301516E+01   2.792709E+01
   8.301352E+01   2.793100E+01
   8.301376E+01   2.793423E+01
   8.301574E+01   2.793644E+01
   8.301468E+01   2.793845E+01
   8.301264E+01   2.794210E+01
   8.301748E+01   2.794752E+01
   8.301494E+01   2.794820E+01
   8.301638E+01   2.795164E+01
   8.301601E+01   2.795364E+01
   8.301661E+01   2.795586E+01
   8.301420E+01   2.795924E+01
   8.301152E+01   2.796174E+01
   8.300976E+01   2.796542E+01
   8.300393E+01   2.796853E+01
   8.300025E+01   2.797370E+01
   8.299922E+01   2.797786E+01
   8.299632E+01   2.797797E+01
   8.299391E+01   2.797592E+01
   8.298939E+01   2.797664E+01
   8.298698E+01   2.798031E+01
   8.298560E+01   2.798198E+01
   8.298306E+01   2.798108E+01
   8.297871E+01   2.798395E+01
   8.297514E+01   2.798492E+01
   8.297645E+01   2.798866E+01
   8.297085E+01   2.799223E+01
   8.296814E+01   2.799349E+01
   8.296701E+01   2.799167E+01
   8.296566E+01   2.798807E+01
   8.296387E+01   2.798805E+01
   8.296211E+01   2.799064E+01
   8.295797E+01   2.799238E+01
   8.295326E+01   2.799264E+01
   8.295347E+01   2.799560E+01
   8.295420E+01   2.799787E+01
   8.295705E+01   2.799825E+01
   8.295754E+01   2.799925E+01
   8.295932E+01   2.799926E+01
   8.296056E+01   2.799893E+01
   8.296407E+01   2.800100E+01
   8.296552E+01   2.800376E+01
   8.296756E+01   2.800264E+01
   8.296922E+01   2.800318E+01
   8.296796E+01   2.800536E+01
   8.296940E+01   2.800656E+01
   8.297156E+01   2.800568E+01
   8.297371E+01   2.800651E+01
   8.297315E+01   2.800810E+01
   8.297242E+01   2.801157E+01
   8.297193E+01   2.801355E+01
   8.297284E+01   2.801464E+01
   8.297429E+01   2.801442E+01
   8.297473E+01   2.801510E+01
   8.297425E+01   2.801549E+01
   8.297486E+01   2.801664E+01
   8.297397E+01   2.801795E+01
   8.297560E+01   2.801845E+01
   8.297589E+01   2.801936E+01
   8.297625E+01   2.801999E+01
   8.297562E+01   2.802189E+01
   8.297677E+01   2.802310E+01
   8.297566E+01   2.802537E+01
   8.297557E+01   2.802740E+01
   8.297513E+01   2.803063E+01
   8.297353E+01   2.803223E+01
   8.297241E+01   2.803269E+01
   8.297252E+01   2.803408E+01
   8.297129E+01   2.803664E+01
   8.297046E+01   2.803856E+01
   8.296851E+01   2.803884E+01
   8.296705E+01   2.803985E+01
   8.296609E+01   2.804045E+01
   8.296350E+01   2.804018E+01
   8.296220E+01   2.804104E+01
   8.296054E+01   2.804183E+01
   8.296130E+01   2.804438E+01
   8.296241E+01   2.804848E+01
   8.296700E+01   2.805340E+01
   8.297516E+01   2.806090E+01
   8.297869E+01   2.806845E+01
   8.299005E+01   2.808355E+01
   8.299379E+01   2.809104E+01
   8.299645E+01   2.809482E+01
   8.300227E+01   2.809880E+01
   8.300173E+01   2.811440E+01
   8.300948E+01   2.811092E+01
   8.302095E+01   2.810541E+01
   8.303432E+01   2.810089E+01
   8.304162E+01   2.810246E+01
   8.305074E+01   2.810649E+01
   8.305163E+01   2.811194E+01
   8.305807E+01   2.812566E+01
   8.305144E+01   2.813947E+01
   8.305049E+01   2.814228E+01
   8.305324E+01   2.814255E+01
   8.305495E+01   2.814176E+01
   8.305596E+01   2.814185E+01
   8.305664E+01   2.814334E+01
   8.305305E+01   2.814779E+01
   8.304860E+01   2.815229E+01
   8.304068E+01   2.815560E+01
   8.303662E+01   2.815782E+01
   8.303988E+01   2.816344E+01
   8.304170E+01   2.816893E+01
   8.303821E+01   2.816827E+01
   8.303720E+01   2.816755E+01
   8.303502E+01   2.816829E+01
   8.303308E+01   2.816917E+01
   8.303144E+01   2.817160E+01
   8.302971E+01   2.817363E+01
   8.303316E+01   2.817565E+01
   8.303521E+01   2.818375E+01
   8.303634E+01   2.819440E+01
   8.303576E+01   2.820386E+01
   8.302910E+01   2.821722E+01
   8.302771E+01   2.822997E+01
   8.302715E+01   2.823567E+01
   8.302543E+01   2.823555E+01
   8.302359E+01   2.823559E+01
   8.302334E+01   2.823680E+01
   8.302986E+01   2.824113E+01
   8.303912E+01   2.824042E+01
   8.304510E+01   2.824296E+01
   8.306417E+01   2.824114E+01
   8.307571E+01   2.823427E+01
   8.307967E+01   2.823696E+01
   8.308637E+01   2.824725E+01
   8.309409E+01   2.825671E+01
   8.311384E+01   2.825305E+01
   8.312664E+01   2.825181E+01
   8.313331E+01   2.825053E+01
   8.313924E+01   2.825695E+01
   8.314737E+01   2.826432E+01
   8.315476E+01   2.827031E+01
   8.316256E+01   2.826392E+01
   8.316917E+01   2.825854E+01
   8.317129E+01   2.826042E+01
   8.317340E+01   2.826170E+01
   8.317409E+01   2.826312E+01
   8.317600E+01   2.826404E+01
   8.317804E+01   2.826486E+01
   8.317879E+01   2.826647E+01
   8.317989E+01   2.826707E+01
   8.318046E+01   2.826819E+01
   8.318120E+01   2.826934E+01
   8.318347E+01   2.827021E+01
   8.318487E+01   2.827080E+01
   8.318687E+01   2.826728E+01
   8.318959E+01   2.826439E+01
   8.319424E+01   2.826210E+01
   8.320364E+01   2.825625E+01
   8.320545E+01   2.825248E+01
   8.320996E+01   2.825021E+01
   8.321387E+01   2.824902E+01
   8.321584E+01   2.824829E+01
   8.321560E+01   2.824404E+01
   8.321957E+01   2.824178E+01
   8.322236E+01   2.823679E+01
   8.322580E+01   2.823573E+01
   8.322558E+01   2.823299E+01
   8.322783E+01   2.823164E+01
   8.323322E+01   2.822458E+01
   8.323737E+01   2.822097E+01
   8.324035E+01   2.821962E+01
   8.324288E+01   2.821936E+01
   8.324413E+01   2.821718E+01
   8.324661E+01   2.821717E+01
   8.324962E+01   2.821514E+01
   8.325375E+01   2.821159E+01
   8.325676E+01   2.820479E+01
   8.325895E+01   2.820222E+01
   8.326163E+01   2.819954E+01
   8.326898E+01   2.819688E+01
   8.327050E+01   2.819205E+01
   8.327272E+01   2.818998E+01
   8.327305E+01   2.818681E+01
   8.327824E+01   2.819101E+01
   8.328494E+01   2.819073E+01
   8.328967E+01   2.819303E+01
   8.329468E+01   2.819289E+01
   8.329856E+01   2.819358E+01
   8.330205E+01   2.819622E+01
   8.330442E+01   2.819742E+01
   8.330742E+01   2.819769E+01
   8.330993E+01   2.819460E+01
   8.331316E+01   2.819346E+01
   8.331598E+01   2.819074E+01
   8.331767E+01   2.819089E+01
   8.332130E+01   2.818996E+01
   8.333071E+01   2.818917E+01
   8.333422E+01   2.818973E+01
   8.333618E+01   2.819022E+01
   8.334078E+01   2.819135E+01
   8.334393E+01   2.819331E+01
   8.334656E+01   2.819318E+01
   8.334831E+01   2.819455E+01
   8.335178E+01   2.819763E+01
   8.335570E+01   2.819747E+01
   8.335623E+01   2.819553E+01
   8.336164E+01   2.819251E+01
   8.336389E+01   2.818674E+01
   8.336887E+01   2.818355E+01
   8.336974E+01   2.817914E+01
   8.338402E+01   2.816354E+01
   8.339059E+01   2.816662E+01
   8.339402E+01   2.816015E+01
   8.339959E+01   2.815064E+01
   8.340639E+01   2.814657E+01
   8.341059E+01   2.814454E+01
   8.341374E+01   2.813760E+01
   8.341847E+01   2.813687E+01
   8.341911E+01   2.813367E+01
   8.341934E+01   2.813201E+01
   8.341969E+01   2.813127E+01
   8.341920E+01   2.812932E+01
   8.342133E+01   2.812713E+01
   8.342275E+01   2.812555E+01
   8.342328E+01   2.812599E+01
   8.342592E+01   2.812591E+01
   8.342684E+01   2.812549E+01
   8.342752E+01   2.812724E+01
   8.343241E+01   2.812977E+01
   8.343720E+01   2.813007E+01
   8.343959E+01   2.813056E+01
   8.344106E+01   2.812922E+01
   8.344294E+01   2.812635E+01
   8.344590E+01   2.812523E+01
   8.344973E+01   2.812633E+01
   8.345162E+01   2.812669E+01
   8.345339E+01   2.812929E+01
   8.345554E+01   2.813092E+01
   8.345735E+01   2.813241E+01
   8.345906E+01   2.813178E+01
   8.346191E+01   2.812998E+01
   8.346458E+01   2.813064E+01
   8.346705E+01   2.813251E+01
   8.347119E+01   2.813179E+01
   8.347547E+01   2.813141E+01
   8.347709E+01   2.813038E+01
   8.347750E+01   2.812762E+01
   8.347410E+01   2.811939E+01
   8.347948E+01   2.811731E+01
   8.348516E+01   2.811296E+01
   8.349960E+01   2.811747E+01
   8.350465E+01   2.812439E+01
   8.351230E+01   2.812531E+01
   8.352411E+01   2.812079E+01
   8.353230E+01   2.811662E+01
   8.354845E+01   2.811986E+01
   8.355333E+01   2.811753E+01
   8.355450E+01   2.811650E+01
   8.355402E+01   2.811577E+01
   8.355409E+01   2.811319E+01
   8.355483E+01   2.811164E+01
   8.355521E+01   2.810944E+01
   8.355513E+01   2.810768E+01
   8.355701E+01   2.810609E+01
   8.355854E+01   2.810464E+01
   8.356122E+01   2.810345E+01
   8.356295E+01   2.810186E+01
   8.356492E+01   2.810121E+01
   8.356514E+01   2.809935E+01
   8.356290E+01   2.809681E+01
   8.356216E+01   2.809421E+01
   8.356392E+01   2.809148E+01
   8.356742E+01   2.808955E+01
   8.356929E+01   2.808884E+01
   8.357216E+01   2.808919E+01
   8.357423E+01   2.808802E+01
   8.357550E+01   2.808730E+01
   8.357773E+01   2.807971E+01
   8.358050E+01   2.807739E+01
   8.357311E+01   2.807425E+01
   8.356810E+01   2.806545E+01
   8.356177E+01   2.806492E+01
   8.356428E+01   2.805797E+01
   8.356150E+01   2.805166E+01
   8.355976E+01   2.804578E+01
   8.355990E+01   2.804189E+01
   8.356430E+01   2.803922E+01
   8.356275E+01   2.803502E+01
   8.357538E+01   2.803256E+01
   8.358062E+01   2.802976E+01
   8.358531E+01   2.802596E+01
   8.359127E+01   2.802111E+01
   8.360111E+01   2.801398E+01
   8.360490E+01   2.801228E+01
   8.360303E+01   2.800265E+01
   8.360258E+01   2.799624E+01
   8.359169E+01   2.798862E+01
   8.358412E+01   2.798705E+01
   8.358457E+01   2.797911E+01
   8.357667E+01   2.797443E+01
   8.356567E+01   2.797543E+01
   8.355493E+01   2.797634E+01
   8.354842E+01   2.797578E+01
   8.353855E+01   2.796939E+01
   8.353217E+01   2.796587E+01
   8.352892E+01   2.796528E+01
   8.352285E+01   2.796382E+01
   8.350967E+01   2.796876E+01
   8.350592E+01   2.797244E+01
   8.350217E+01   2.797665E+01
   8.348942E+01   2.797977E+01
   8.347998E+01   2.797741E+01
   8.347559E+01   2.797470E+01
   8.347313E+01   2.797095E+01
   8.347042E+01   2.796813E+01
   8.346789E+01   2.796504E+01
   8.346593E+01   2.796308E+01
   8.346488E+01   2.796119E+01
   8.346441E+01   2.795760E+01
   8.346376E+01   2.795539E+01
   8.346069E+01   2.795289E+01
   8.345511E+01   2.794961E+01
   8.344818E+01   2.794693E+01
   8.344413E+01   2.794457E+01
   8.344361E+01   2.794290E+01
   8.344326E+01   2.793692E+01
   8.343972E+01   2.793345E+01
   8.344350E+01   2.793193E+01
   8.344882E+01   2.792814E+01
   8.345708E+01   2.793331E+01
   8.346535E+01   2.793171E+01
   8.347815E+01   2.792408E+01
   8.348623E+01   2.792293E+01
   8.349046E+01   2.792913E+01
   8.350267E+01   2.792725E+01
   8.350876E+01   2.793391E+01
   8.350509E+01   2.793940E+01
   8.351317E+01   2.793960E+01
   8.352238E+01   2.792525E+01
   8.352621E+01   2.792500E+01
   8.353047E+01   2.793175E+01
   8.353055E+01   2.793923E+01
   8.353453E+01   2.793899E+01
   8.353720E+01   2.793024E+01
   8.354604E+01   2.792954E+01
   8.356009E+01   2.793483E+01
   8.356485E+01   2.793427E+01
   8.356776E+01   2.794051E+01
   8.357127E+01   2.794329E+01
   8.357567E+01   2.793388E+01
   8.357821E+01   2.793045E+01
   8.359316E+01   2.793098E+01
   8.360871E+01   2.792492E+01
   8.361463E+01   2.792997E+01
