   8.759951E+01   2.685755E+01
   8.765266E+01   2.681730E+01
   8.765957E+01   2.679170E+01
   8.766355E+01   2.675818E+01
   8.765665E+01   2.661625E+01
   8.764660E+01   2.650880E+01
   8.764049E+01   2.639383E+01
   8.762855E+01   2.639383E+01
   8.761226E+01   2.639023E+01
   8.760846E+01   2.638362E+01
   8.760594E+01   2.638079E+01
   8.760005E+01   2.638114E+01
   8.759557E+01   2.638158E+01
   8.758860E+01   2.638846E+01
   8.758298E+01   2.639184E+01
   8.757504E+01   2.639572E+01
   8.757065E+01   2.639738E+01
   8.756305E+01   2.640097E+01
   8.755244E+01   2.640673E+01
   8.754844E+01   2.641602E+01
   8.754028E+01   2.642015E+01
   8.753378E+01   2.642182E+01
   8.752058E+01   2.642816E+01
   8.751658E+01   2.643024E+01
   8.750854E+01   2.643260E+01
   8.749402E+01   2.643591E+01
   8.748010E+01   2.643769E+01
   8.746862E+01   2.643996E+01
   8.746229E+01   2.643930E+01
   8.744463E+01   2.643309E+01
   8.743953E+01   2.643066E+01
   8.742744E+01   2.642250E+01
   8.741551E+01   2.642226E+01
   8.739516E+01   2.641994E+01
   8.738237E+01   2.641337E+01
   8.736848E+01   2.640811E+01
   8.735965E+01   2.639430E+01
   8.735842E+01   2.639189E+01
   8.735519E+01   2.638279E+01
   8.735529E+01   2.636766E+01
   8.735263E+01   2.635586E+01
   8.734374E+01   2.634936E+01
   8.734122E+01   2.634772E+01
   8.733832E+01   2.635045E+01
   8.732836E+01   2.635637E+01
   8.731926E+01   2.636272E+01
   8.731479E+01   2.636630E+01
   8.731233E+01   2.637168E+01
   8.730149E+01   2.636624E+01
   8.729447E+01   2.637046E+01
   8.728530E+01   2.637323E+01
   8.727525E+01   2.637282E+01
   8.726753E+01   2.637361E+01
   8.726444E+01   2.638556E+01
   8.726556E+01   2.639230E+01
   8.726608E+01   2.640566E+01
   8.725306E+01   2.641068E+01
   8.724757E+01   2.641400E+01
   8.723559E+01   2.641393E+01
   8.722908E+01   2.641383E+01
   8.722767E+01   2.641246E+01
   8.722564E+01   2.640890E+01
   8.722001E+01   2.640540E+01
   8.721722E+01   2.640683E+01
   8.721132E+01   2.640899E+01
   8.721120E+01   2.641178E+01
   8.719533E+01   2.641385E+01
   8.718681E+01   2.641278E+01
   8.718857E+01   2.640550E+01
   8.717848E+01   2.640418E+01
   8.717373E+01   2.640354E+01
   8.716867E+01   2.640360E+01
   8.716166E+01   2.640423E+01
   8.714716E+01   2.641071E+01
   8.713919E+01   2.641477E+01
   8.712686E+01   2.642402E+01
   8.711514E+01   2.643275E+01
   8.710506E+01   2.644026E+01
   8.709413E+01   2.644833E+01
   8.709016E+01   2.645744E+01
   8.708829E+01   2.646742E+01
   8.708664E+01   2.647733E+01
   8.708507E+01   2.648874E+01
   8.708346E+01   2.650039E+01
   8.708183E+01   2.651179E+01
   8.708002E+01   2.652306E+01
   8.707554E+01   2.653814E+01
   8.707239E+01   2.655099E+01
   8.707270E+01   2.656990E+01
   8.707202E+01   2.658307E+01
   8.706899E+01   2.658600E+01
   8.706360E+01   2.658647E+01
   8.704462E+01   2.658731E+01
   8.704260E+01   2.656988E+01
   8.703705E+01   2.656183E+01
   8.703201E+01   2.655560E+01
   8.701818E+01   2.653661E+01
   8.700331E+01   2.652805E+01
   8.699012E+01   2.652315E+01
   8.697657E+01   2.652152E+01
   8.697052E+01   2.652127E+01
   8.696576E+01   2.652373E+01
   8.696120E+01   2.652398E+01
   8.695748E+01   2.652050E+01
   8.694939E+01   2.652092E+01
   8.693250E+01   2.655011E+01
   8.697808E+01   2.667184E+01
   8.708404E+01   2.676437E+01
   8.716996E+01   2.688299E+01
   8.714738E+01   2.693021E+01
   8.696845E+01   2.691154E+01
   8.697394E+01   2.694868E+01
   8.691119E+01   2.710793E+01
   8.692777E+01   2.720748E+01
   8.695677E+01   2.727274E+01
   8.696853E+01   2.732010E+01
   8.691474E+01   2.743205E+01
   8.694707E+01   2.746883E+01
   8.695308E+01   2.747664E+01
   8.696257E+01   2.748336E+01
   8.695332E+01   2.749570E+01
   8.694085E+01   2.750784E+01
   8.694519E+01   2.752228E+01
   8.695516E+01   2.753492E+01
   8.696553E+01   2.754339E+01
   8.696411E+01   2.756481E+01
   8.695435E+01   2.757422E+01
   8.695604E+01   2.758540E+01
   8.695567E+01   2.759476E+01
   8.695282E+01   2.760470E+01
   8.695630E+01   2.761636E+01
   8.696793E+01   2.762931E+01
   8.697129E+01   2.763424E+01
   8.698815E+01   2.769077E+01
   8.698223E+01   2.777827E+01
   8.697690E+01   2.786570E+01
   8.698768E+01   2.795091E+01
   8.700187E+01   2.795433E+01
   8.701232E+01   2.795482E+01
   8.701855E+01   2.795678E+01
   8.703435E+01   2.795042E+01
   8.704268E+01   2.794601E+01
   8.704643E+01   2.793769E+01
   8.705084E+01   2.793100E+01
   8.705769E+01   2.792626E+01
   8.707287E+01   2.792055E+01
   8.707874E+01   2.790945E+01
   8.708723E+01   2.789101E+01
   8.708853E+01   2.788628E+01
   8.709000E+01   2.788220E+01
   8.710502E+01   2.788024E+01
   8.710763E+01   2.786686E+01
   8.710975E+01   2.785119E+01
   8.711301E+01   2.784352E+01
   8.712101E+01   2.784058E+01
   8.713129E+01   2.783732E+01
   8.714190E+01   2.783765E+01
   8.715626E+01   2.782818E+01
   8.716491E+01   2.782508E+01
   8.718157E+01   2.782340E+01
   8.718583E+01   2.782340E+01
   8.719811E+01   2.782190E+01
   8.721465E+01   2.782365E+01
   8.722492E+01   2.782215E+01
   8.723244E+01   2.783017E+01
   8.723891E+01   2.784001E+01
   8.725306E+01   2.784405E+01
   8.726160E+01   2.785011E+01
   8.726789E+01   2.784944E+01
   8.728159E+01   2.784562E+01
   8.728833E+01   2.784585E+01
   8.730091E+01   2.784338E+01
   8.730562E+01   2.783394E+01
   8.731640E+01   2.782765E+01
   8.732359E+01   2.782653E+01
   8.733415E+01   2.782810E+01
   8.733999E+01   2.782878E+01
   8.734718E+01   2.783012E+01
   8.735481E+01   2.782765E+01
   8.736267E+01   2.783170E+01
   8.737413E+01   2.784562E+01
   8.738552E+01   2.784871E+01
   8.739213E+01   2.784906E+01
   8.740264E+01   2.785166E+01
   8.740866E+01   2.785639E+01
   8.741610E+01   2.786028E+01
   8.741858E+01   2.786135E+01
   8.742154E+01   2.786099E+01
   8.742555E+01   2.785957E+01
   8.742874E+01   2.785202E+01
   8.743311E+01   2.784588E+01
   8.742567E+01   2.784068E+01
   8.741480E+01   2.784044E+01
   8.740335E+01   2.783584E+01
   8.741138E+01   2.783383E+01
   8.742201E+01   2.783135E+01
   8.743453E+01   2.782722E+01
   8.745177E+01   2.782255E+01
   8.746673E+01   2.783242E+01
   8.747979E+01   2.783910E+01
   8.748934E+01   2.784579E+01
   8.750016E+01   2.784515E+01
   8.750621E+01   2.784642E+01
   8.751545E+01   2.784579E+01
   8.752818E+01   2.784483E+01
   8.753487E+01   2.784388E+01
   8.754888E+01   2.785375E+01
   8.755429E+01   2.786648E+01
   8.756575E+01   2.786584E+01
   8.757180E+01   2.786234E+01
   8.758008E+01   2.785916E+01
   8.758676E+01   2.784738E+01
   8.759027E+01   2.783369E+01
   8.758931E+01   2.782191E+01
   8.759950E+01   2.782159E+01
   8.760873E+01   2.781586E+01
   8.761446E+01   2.781363E+01
   8.762306E+01   2.782191E+01
   8.763134E+01   2.782382E+01
   8.763802E+01   2.783496E+01
   8.765108E+01   2.783528E+01
   8.766445E+01   2.783751E+01
   8.766636E+01   2.782637E+01
   8.766317E+01   2.781745E+01
   8.766413E+01   2.780981E+01
   8.767050E+01   2.780726E+01
   8.767559E+01   2.781204E+01
   8.768259E+01   2.781108E+01
   8.766305E+01   2.777736E+01
   8.759064E+01   2.767843E+01
   8.755297E+01   2.768511E+01
   8.746548E+01   2.748254E+01
   8.753622E+01   2.729113E+01
   8.764924E+01   2.727216E+01
   8.774802E+01   2.721708E+01
   8.770910E+01   2.715304E+01
   8.757557E+01   2.707517E+01
   8.750312E+01   2.698570E+01
   8.759071E+01   2.686300E+01
