   8.154349E+01   2.882931E+01
   8.154753E+01   2.882156E+01
   8.155248E+01   2.881220E+01
   8.155425E+01   2.880470E+01
   8.155678E+01   2.879777E+01
   8.157423E+01   2.878386E+01
   8.158074E+01   2.877209E+01
   8.158214E+01   2.876172E+01
   8.156727E+01   2.875455E+01
   8.152226E+01   2.874850E+01
   8.152375E+01   2.875328E+01
   8.153131E+01   2.876825E+01
   8.151992E+01   2.877669E+01
   8.151543E+01   2.878139E+01
   8.151869E+01   2.879624E+01
   8.152333E+01   2.880110E+01
   8.151609E+01   2.880768E+01
   8.150607E+01   2.881354E+01
   8.149611E+01   2.882513E+01
   8.149153E+01   2.883489E+01
   8.149003E+01   2.884143E+01
   8.148306E+01   2.884268E+01
   8.147265E+01   2.884980E+01
   8.146280E+01   2.885575E+01
   8.146559E+01   2.887024E+01
   8.146539E+01   2.888306E+01
   8.146470E+01   2.889389E+01
   8.144206E+01   2.889989E+01
   8.143401E+01   2.890836E+01
   8.142417E+01   2.890967E+01
   8.140347E+01   2.890888E+01
   8.139317E+01   2.890704E+01
   8.138802E+01   2.890108E+01
   8.137824E+01   2.889534E+01
   8.136623E+01   2.889117E+01
   8.135250E+01   2.889005E+01
   8.134147E+01   2.889357E+01
   8.133736E+01   2.890195E+01
   8.133367E+01   2.890879E+01
   8.132017E+01   2.891495E+01
   8.131058E+01   2.891985E+01
   8.129603E+01   2.892426E+01
   8.128400E+01   2.892262E+01
   8.127592E+01   2.891666E+01
   8.126943E+01   2.890467E+01
   8.125630E+01   2.890773E+01
   8.124195E+01   2.891486E+01
   8.123844E+01   2.890709E+01
   8.121278E+01   2.890730E+01
   8.118683E+01   2.891559E+01
   8.117767E+01   2.891838E+01
   8.116358E+01   2.892643E+01
   8.115588E+01   2.893300E+01
   8.113231E+01   2.894776E+01
   8.110318E+01   2.896512E+01
   8.106838E+01   2.897100E+01
   8.104600E+01   2.897498E+01
   8.100890E+01   2.895771E+01
   8.099258E+01   2.894835E+01
   8.098117E+01   2.893970E+01
   8.098595E+01   2.893472E+01
   8.100658E+01   2.892766E+01
   8.103956E+01   2.889054E+01
   8.105059E+01   2.887852E+01
   8.106465E+01   2.887575E+01
   8.107391E+01   2.887471E+01
   8.107693E+01   2.886305E+01
   8.109163E+01   2.885700E+01
   8.110354E+01   2.884531E+01
   8.111661E+01   2.885042E+01
   8.112681E+01   2.886196E+01
   8.114517E+01   2.887042E+01
   8.115255E+01   2.883130E+01
   8.117298E+01   2.883630E+01
   8.120156E+01   2.881736E+01
   8.120708E+01   2.882473E+01
   8.120029E+01   2.885263E+01
   8.120078E+01   2.886333E+01
   8.120763E+01   2.886001E+01
   8.120648E+01   2.884986E+01
   8.123317E+01   2.883135E+01
   8.122937E+01   2.881743E+01
   8.123892E+01   2.880362E+01
   8.122835E+01   2.878999E+01
   8.124984E+01   2.876850E+01
   8.126079E+01   2.875019E+01
   8.125506E+01   2.873607E+01
   8.127027E+01   2.872854E+01
   8.126690E+01   2.870629E+01
   8.127454E+01   2.869911E+01
   8.128116E+01   2.869024E+01
   8.128588E+01   2.866935E+01
   8.128688E+01   2.864839E+01
   8.127062E+01   2.863072E+01
   8.126146E+01   2.861359E+01
   8.124562E+01   2.859155E+01
   8.120846E+01   2.856152E+01
   8.116090E+01   2.850103E+01
   8.114864E+01   2.849745E+01
   8.113789E+01   2.849132E+01
   8.110843E+01   2.846147E+01
   8.109516E+01   2.845941E+01
   8.108529E+01   2.843905E+01
   8.105977E+01   2.840760E+01
   8.106738E+01   2.839984E+01
   8.105732E+01   2.840162E+01
   8.105070E+01   2.840731E+01
   8.103920E+01   2.841294E+01
   8.103364E+01   2.839904E+01
   8.102401E+01   2.840734E+01
   8.102087E+01   2.841876E+01
   8.103266E+01   2.843314E+01
   8.102965E+01   2.843828E+01
   8.101551E+01   2.843591E+01
   8.101700E+01   2.844813E+01
   8.101393E+01   2.845242E+01
   8.099107E+01   2.844381E+01
   8.097778E+01   2.844220E+01
   8.097096E+01   2.843628E+01
   8.096479E+01   2.844450E+01
   8.097961E+01   2.845554E+01
   8.096199E+01   2.844903E+01
   8.095225E+01   2.844793E+01
   8.094573E+01   2.845519E+01
   8.093361E+01   2.845861E+01
   8.094352E+01   2.846481E+01
   8.094084E+01   2.846780E+01
   8.093106E+01   2.845764E+01
   8.091898E+01   2.845994E+01
   8.091574E+01   2.845807E+01
   8.090556E+01   2.846614E+01
   8.090207E+01   2.848372E+01
   8.090624E+01   2.848959E+01
   8.090640E+01   2.849881E+01
   8.089104E+01   2.850724E+01
   8.087617E+01   2.851087E+01
   8.086169E+01   2.850450E+01
   8.085540E+01   2.849726E+01
   8.084549E+01   2.849551E+01
   8.083523E+01   2.850718E+01
   8.082369E+01   2.851604E+01
   8.080361E+01   2.852222E+01
   8.078780E+01   2.852502E+01
   8.078690E+01   2.853197E+01
   8.078875E+01   2.854522E+01
   8.077336E+01   2.854886E+01
   8.076911E+01   2.855954E+01
   8.075224E+01   2.857050E+01
   8.074109E+01   2.857378E+01
   8.073382E+01   2.856878E+01
   8.071467E+01   2.856839E+01
   8.070439E+01   2.857874E+01
   8.069013E+01   2.858716E+01
   8.069559E+01   2.860330E+01
   8.067856E+01   2.861342E+01
   8.067077E+01   2.862791E+01
   8.066084E+01   2.863855E+01
   8.064822E+01   2.863700E+01
   8.063610E+01   2.863971E+01
   8.061977E+01   2.863864E+01
   8.061126E+01   2.864124E+01
   8.060631E+01   2.865243E+01
   8.058990E+01   2.864812E+01
   8.058781E+01   2.865904E+01
   8.058497E+01   2.866986E+01
   8.058815E+01   2.867558E+01
   8.058222E+01   2.868295E+01
   8.056983E+01   2.868751E+01
   8.055539E+01   2.869077E+01
   8.055111E+01   2.869398E+01
   8.054682E+01   2.869565E+01
   8.054294E+01   2.869850E+01
   8.054102E+01   2.870418E+01
   8.053802E+01   2.871190E+01
   8.053921E+01   2.871629E+01
   8.054223E+01   2.871536E+01
   8.054578E+01   2.871024E+01
   8.054854E+01   2.871001E+01
   8.055017E+01   2.871166E+01
   8.054987E+01   2.871398E+01
   8.054941E+01   2.871724E+01
   8.055124E+01   2.871892E+01
   8.055585E+01   2.872132E+01
   8.055624E+01   2.872379E+01
   8.055284E+01   2.873057E+01
   8.054522E+01   2.873391E+01
   8.053766E+01   2.873777E+01
   8.054309E+01   2.874032E+01
   8.054878E+01   2.874356E+01
   8.055216E+01   2.874907E+01
   8.055725E+01   2.875397E+01
   8.054983E+01   2.875058E+01
   8.054559E+01   2.875072E+01
   8.054216E+01   2.875383E+01
   8.054024E+01   2.876219E+01
   8.053528E+01   2.876712E+01
   8.053437E+01   2.876941E+01
   8.053610E+01   2.877137E+01
   8.054097E+01   2.877025E+01
   8.054556E+01   2.877012E+01
   8.054911E+01   2.877275E+01
   8.054995E+01   2.877421E+01
   8.054852E+01   2.877745E+01
   8.053995E+01   2.878896E+01
   8.053688E+01   2.879160E+01
   8.053752E+01   2.879422E+01
   8.053882E+01   2.879580E+01
   8.053640E+01   2.879523E+01
   8.053049E+01   2.879688E+01
   8.052969E+01   2.880060E+01
   8.052792E+01   2.880295E+01
   8.052502E+01   2.880567E+01
   8.052216E+01   2.880918E+01
   8.051835E+01   2.881137E+01
   8.051657E+01   2.881087E+01
   8.051294E+01   2.881392E+01
   8.051063E+01   2.881615E+01
   8.051477E+01   2.881910E+01
   8.051679E+01   2.881839E+01
   8.051779E+01   2.882032E+01
   8.051582E+01   2.882295E+01
   8.051402E+01   2.882340E+01
   8.051433E+01   2.882462E+01
   8.051542E+01   2.882550E+01
   8.051589E+01   2.882678E+01
   8.051785E+01   2.882791E+01
   8.051847E+01   2.883106E+01
   8.051515E+01   2.883507E+01
   8.051407E+01   2.883464E+01
   8.051326E+01   2.883223E+01
   8.051097E+01   2.883137E+01
   8.050970E+01   2.883157E+01
   8.050808E+01   2.883157E+01
   8.050704E+01   2.883211E+01
   8.050627E+01   2.883291E+01
   8.050730E+01   2.883357E+01
   8.050806E+01   2.883467E+01
   8.050753E+01   2.883606E+01
   8.050647E+01   2.883597E+01
   8.050488E+01   2.883651E+01
   8.050535E+01   2.883777E+01
   8.050749E+01   2.883828E+01
   8.050789E+01   2.883967E+01
   8.050679E+01   2.884017E+01
   8.050618E+01   2.884168E+01
   8.050542E+01   2.884234E+01
   8.050421E+01   2.884033E+01
   8.050338E+01   2.884092E+01
   8.050265E+01   2.884269E+01
   8.050208E+01   2.884430E+01
   8.050251E+01   2.884606E+01
   8.050282E+01   2.884761E+01
   8.050205E+01   2.884810E+01
   8.050054E+01   2.884796E+01
   8.050044E+01   2.884887E+01
   8.050016E+01   2.885153E+01
   8.049661E+01   2.885379E+01
   8.049724E+01   2.885718E+01
   8.049719E+01   2.885777E+01
   8.049883E+01   2.885885E+01
   8.049868E+01   2.886076E+01
   8.050138E+01   2.886310E+01
   8.050208E+01   2.886864E+01
   8.049621E+01   2.887044E+01
   8.049705E+01   2.887551E+01
   8.050167E+01   2.887888E+01
   8.050371E+01   2.888229E+01
   8.050687E+01   2.889232E+01
   8.050675E+01   2.889829E+01
   8.050308E+01   2.891117E+01
   8.050496E+01   2.892456E+01
   8.049385E+01   2.892152E+01
   8.049112E+01   2.892402E+01
   8.048625E+01   2.892748E+01
   8.047822E+01   2.893686E+01
   8.047281E+01   2.893867E+01
   8.047052E+01   2.894125E+01
   8.047578E+01   2.895160E+01
   8.048320E+01   2.896961E+01
   8.048998E+01   2.898298E+01
   8.048865E+01   2.898633E+01
   8.048688E+01   2.898976E+01
   8.048565E+01   2.899205E+01
   8.048350E+01   2.899459E+01
   8.048539E+01   2.899843E+01
   8.048818E+01   2.899558E+01
   8.049424E+01   2.899459E+01
   8.050161E+01   2.899372E+01
   8.051506E+01   2.899738E+01
   8.051877E+01   2.900460E+01
   8.052549E+01   2.900927E+01
   8.053042E+01   2.901231E+01
   8.053543E+01   2.901476E+01
   8.053380E+01   2.902014E+01
   8.053370E+01   2.902312E+01
   8.053440E+01   2.902606E+01
   8.053474E+01   2.903075E+01
   8.053838E+01   2.903389E+01
   8.054203E+01   2.903671E+01
   8.054678E+01   2.903843E+01
   8.054608E+01   2.904475E+01
   8.054714E+01   2.904958E+01
   8.054940E+01   2.905140E+01
   8.055351E+01   2.905531E+01
   8.055838E+01   2.906023E+01
   8.056065E+01   2.906627E+01
   8.056118E+01   2.906981E+01
   8.055881E+01   2.907634E+01
   8.054138E+01   2.908352E+01
   8.053370E+01   2.908896E+01
   8.053016E+01   2.909354E+01
   8.052802E+01   2.909892E+01
   8.052636E+01   2.910353E+01
   8.052784E+01   2.910631E+01
   8.053451E+01   2.910687E+01
   8.054191E+01   2.910985E+01
   8.054689E+01   2.911147E+01
   8.054975E+01   2.911375E+01
   8.055373E+01   2.911531E+01
   8.055655E+01   2.911687E+01
   8.056206E+01   2.911851E+01
   8.056718E+01   2.912077E+01
   8.057054E+01   2.912457E+01
   8.057189E+01   2.912972E+01
   8.056663E+01   2.913473E+01
   8.056496E+01   2.914007E+01
   8.056692E+01   2.914484E+01
   8.057469E+01   2.914553E+01
   8.058683E+01   2.914699E+01
   8.059147E+01   2.914995E+01
   8.059427E+01   2.915438E+01
   8.059123E+01   2.915776E+01
   8.059480E+01   2.916758E+01
   8.060094E+01   2.917013E+01
   8.060425E+01   2.916983E+01
   8.060636E+01   2.917323E+01
   8.061175E+01   2.917663E+01
   8.062016E+01   2.918067E+01
   8.063069E+01   2.917600E+01
   8.063817E+01   2.917774E+01
   8.064510E+01   2.917830E+01
   8.065276E+01   2.918052E+01
   8.066475E+01   2.918274E+01
   8.067339E+01   2.918584E+01
   8.067807E+01   2.919114E+01
   8.068710E+01   2.919073E+01
   8.069967E+01   2.919442E+01
   8.070544E+01   2.919675E+01
   8.070662E+01   2.921090E+01
   8.070496E+01   2.921380E+01
   8.070625E+01   2.922358E+01
   8.070694E+01   2.923156E+01
   8.071963E+01   2.923605E+01
   8.072166E+01   2.923515E+01
   8.072414E+01   2.923616E+01
   8.072733E+01   2.923912E+01
   8.073418E+01   2.924315E+01
   8.073959E+01   2.924534E+01
   8.073778E+01   2.924711E+01
   8.073708E+01   2.924849E+01
   8.074134E+01   2.924921E+01
   8.074287E+01   2.925203E+01
   8.074690E+01   2.925492E+01
   8.074847E+01   2.925524E+01
   8.074856E+01   2.925627E+01
   8.075077E+01   2.925847E+01
   8.075117E+01   2.925961E+01
   8.075167E+01   2.926077E+01
   8.075260E+01   2.926225E+01
   8.075372E+01   2.926345E+01
   8.075355E+01   2.926468E+01
   8.075377E+01   2.926513E+01
   8.075484E+01   2.926450E+01
   8.075464E+01   2.926559E+01
   8.075444E+01   2.926644E+01
   8.075478E+01   2.926715E+01
   8.075633E+01   2.926704E+01
   8.075665E+01   2.926748E+01
   8.075624E+01   2.926813E+01
   8.075599E+01   2.926974E+01
   8.074362E+01   2.927460E+01
   8.074641E+01   2.928242E+01
   8.073954E+01   2.928838E+01
   8.073550E+01   2.929008E+01
   8.073248E+01   2.929427E+01
   8.073507E+01   2.929596E+01
   8.073557E+01   2.929680E+01
   8.073429E+01   2.929819E+01
   8.073727E+01   2.929863E+01
   8.073932E+01   2.930261E+01
   8.074451E+01   2.930197E+01
   8.074967E+01   2.930443E+01
   8.075125E+01   2.930673E+01
   8.075459E+01   2.930850E+01
   8.075982E+01   2.930682E+01
   8.076474E+01   2.930517E+01
   8.076673E+01   2.930190E+01
   8.076968E+01   2.930248E+01
   8.077217E+01   2.930386E+01
   8.077647E+01   2.931465E+01
   8.076839E+01   2.932373E+01
   8.076258E+01   2.932582E+01
   8.076244E+01   2.933641E+01
   8.075738E+01   2.934553E+01
   8.076039E+01   2.934876E+01
   8.076229E+01   2.935338E+01
   8.076190E+01   2.936199E+01
   8.076502E+01   2.936288E+01
   8.076866E+01   2.935725E+01
   8.077368E+01   2.936320E+01
   8.078222E+01   2.936592E+01
   8.079502E+01   2.936614E+01
   8.080718E+01   2.936538E+01
   8.081698E+01   2.936682E+01
   8.082655E+01   2.937092E+01
   8.083423E+01   2.938093E+01
   8.083784E+01   2.938019E+01
   8.084478E+01   2.937571E+01
   8.085214E+01   2.937735E+01
   8.085965E+01   2.939547E+01
   8.085627E+01   2.940187E+01
   8.085223E+01   2.940487E+01
   8.085242E+01   2.940831E+01
   8.085989E+01   2.940955E+01
   8.086563E+01   2.941284E+01
   8.087000E+01   2.941163E+01
   8.087720E+01   2.941570E+01
   8.088381E+01   2.942185E+01
   8.089074E+01   2.942392E+01
   8.089564E+01   2.943115E+01
   8.090030E+01   2.943409E+01
   8.090285E+01   2.943759E+01
   8.090822E+01   2.943933E+01
   8.090764E+01   2.944175E+01
   8.089813E+01   2.944441E+01
   8.089527E+01   2.944336E+01
   8.089228E+01   2.944338E+01
   8.088737E+01   2.944216E+01
   8.088411E+01   2.944315E+01
   8.088070E+01   2.945296E+01
   8.087560E+01   2.946461E+01
   8.086727E+01   2.946723E+01
   8.085806E+01   2.946819E+01
   8.085673E+01   2.947185E+01
   8.085401E+01   2.947598E+01
   8.085144E+01   2.948127E+01
   8.084373E+01   2.949043E+01
   8.083228E+01   2.949528E+01
   8.082187E+01   2.950171E+01
   8.082183E+01   2.951213E+01
   8.081732E+01   2.951357E+01
   8.081510E+01   2.951560E+01
   8.081277E+01   2.951448E+01
   8.080984E+01   2.951381E+01
   8.080612E+01   2.951511E+01
   8.080276E+01   2.951440E+01
   8.079805E+01   2.951036E+01
   8.079198E+01   2.950660E+01
   8.078965E+01   2.950556E+01
   8.078694E+01   2.950759E+01
   8.078548E+01   2.951109E+01
   8.078264E+01   2.951656E+01
   8.078128E+01   2.951966E+01
   8.078146E+01   2.952122E+01
   8.077857E+01   2.952346E+01
   8.077030E+01   2.952458E+01
   8.076338E+01   2.952713E+01
   8.075807E+01   2.952824E+01
   8.075333E+01   2.953030E+01
   8.075004E+01   2.953059E+01
   8.074820E+01   2.953170E+01
   8.074792E+01   2.953537E+01
   8.074952E+01   2.954160E+01
   8.074752E+01   2.955199E+01
   8.074866E+01   2.955723E+01
   8.075400E+01   2.955636E+01
   8.076469E+01   2.955525E+01
   8.077436E+01   2.955725E+01
   8.077673E+01   2.956105E+01
   8.077631E+01   2.956431E+01
   8.077558E+01   2.956704E+01
   8.078011E+01   2.957060E+01
   8.077647E+01   2.957702E+01
   8.077772E+01   2.958229E+01
   8.078467E+01   2.959549E+01
   8.078577E+01   2.960469E+01
   8.078765E+01   2.961360E+01
   8.078497E+01   2.961780E+01
   8.078396E+01   2.962579E+01
   8.078129E+01   2.963435E+01
   8.078918E+01   2.964040E+01
   8.078560E+01   2.964452E+01
   8.077609E+01   2.964238E+01
   8.076409E+01   2.965095E+01
   8.076739E+01   2.966567E+01
   8.077523E+01   2.966813E+01
   8.077947E+01   2.966790E+01
   8.077863E+01   2.967052E+01
   8.077953E+01   2.967506E+01
   8.078191E+01   2.967973E+01
   8.078748E+01   2.967783E+01
   8.079024E+01   2.967801E+01
   8.079091E+01   2.968074E+01
   8.079373E+01   2.968649E+01
   8.080393E+01   2.968745E+01
   8.082468E+01   2.968611E+01
   8.084161E+01   2.968741E+01
   8.085780E+01   2.969578E+01
   8.089018E+01   2.971478E+01
   8.090664E+01   2.972511E+01
   8.091966E+01   2.972493E+01
   8.093171E+01   2.973095E+01
   8.093727E+01   2.973566E+01
   8.094745E+01   2.973489E+01
   8.095055E+01   2.973084E+01
   8.096732E+01   2.972232E+01
   8.097557E+01   2.972490E+01
   8.098065E+01   2.973053E+01
   8.098572E+01   2.973773E+01
   8.099340E+01   2.974115E+01
   8.100977E+01   2.974664E+01
   8.102461E+01   2.974380E+01
   8.103627E+01   2.974907E+01
   8.105594E+01   2.975650E+01
   8.106232E+01   2.976854E+01
   8.106278E+01   2.978022E+01
   8.106496E+01   2.979393E+01
   8.106824E+01   2.979743E+01
   8.107055E+01   2.982429E+01
   8.106208E+01   2.982662E+01
   8.104042E+01   2.984100E+01
   8.103821E+01   2.985391E+01
   8.103624E+01   2.986354E+01
   8.103582E+01   2.987022E+01
   8.104043E+01   2.988126E+01
   8.103132E+01   2.989837E+01
   8.103006E+01   2.990660E+01
   8.102090E+01   2.991219E+01
   8.101278E+01   2.991356E+01
   8.099816E+01   2.992673E+01
   8.100271E+01   2.993610E+01
   8.100819E+01   2.994355E+01
   8.101211E+01   2.994568E+01
   8.102113E+01   2.995858E+01
   8.101986E+01   2.997232E+01
   8.101714E+01   2.997789E+01
   8.101849E+01   2.998335E+01
   8.102626E+01   2.999069E+01
   8.103455E+01   3.000368E+01
   8.103796E+01   3.001199E+01
   8.104161E+01   3.001643E+01
   8.104775E+01   3.002186E+01
   8.106116E+01   3.003264E+01
   8.106615E+01   3.003980E+01
   8.107555E+01   3.004473E+01
   8.108232E+01   3.004920E+01
   8.109603E+01   3.005093E+01
   8.110828E+01   3.004201E+01
   8.111297E+01   3.003399E+01
   8.112432E+01   3.002023E+01
   8.114413E+01   3.001599E+01
   8.114882E+01   3.001191E+01
   8.116531E+01   3.001055E+01
   8.116803E+01   3.001206E+01
   8.117484E+01   3.001418E+01
   8.118119E+01   3.001403E+01
   8.118618E+01   3.001070E+01
   8.119602E+01   3.002310E+01
   8.120434E+01   3.002340E+01
   8.120872E+01   3.001887E+01
   8.121281E+01   3.001418E+01
   8.121674E+01   3.000979E+01
   8.122279E+01   3.000797E+01
   8.123247E+01   3.000782E+01
   8.123988E+01   3.001221E+01
   8.124397E+01   3.001206E+01
   8.125062E+01   3.001508E+01
   8.124941E+01   3.002552E+01
   8.123776E+01   3.003127E+01
   8.125032E+01   3.003868E+01
   8.126333E+01   3.004080E+01
   8.127150E+01   3.004473E+01
   8.128414E+01   3.003696E+01
   8.131449E+01   3.003315E+01
   8.132718E+01   3.002540E+01
   8.135663E+01   3.000793E+01
   8.138325E+01   3.000754E+01
   8.142874E+01   3.000669E+01
   8.145676E+01   2.999952E+01
   8.147072E+01   2.997404E+01
   8.144449E+01   2.993722E+01
   8.145710E+01   2.990520E+01
   8.148152E+01   2.988829E+01
   8.150498E+01   2.989368E+01
   8.151230E+01   2.991663E+01
   8.152011E+01   2.992264E+01
   8.153483E+01   2.992753E+01
   8.154900E+01   2.992313E+01
   8.156126E+01   2.992762E+01
   8.157266E+01   2.993417E+01
   8.157924E+01   2.993472E+01
   8.158883E+01   2.993389E+01
   8.159785E+01   2.993107E+01
   8.160583E+01   2.993710E+01
   8.161502E+01   2.993950E+01
   8.162551E+01   2.993805E+01
   8.163686E+01   2.994470E+01
   8.165353E+01   2.994250E+01
   8.166124E+01   2.994155E+01
   8.169933E+01   2.993906E+01
   8.170859E+01   2.992704E+01
   8.171392E+01   2.991107E+01
   8.172740E+01   2.991206E+01
   8.173284E+01   2.990745E+01
   8.174390E+01   2.990810E+01
   8.175446E+01   2.990827E+01
   8.177334E+01   2.990969E+01
   8.178151E+01   2.990869E+01
   8.179087E+01   2.990711E+01
   8.179856E+01   2.989636E+01
   8.179573E+01   2.989139E+01
   8.179583E+01   2.986502E+01
   8.179392E+01   2.984966E+01
   8.178080E+01   2.983979E+01
   8.177977E+01   2.980664E+01
   8.175588E+01   2.979713E+01
   8.174856E+01   2.979791E+01
   8.174026E+01   2.979011E+01
   8.172962E+01   2.977004E+01
   8.172641E+01   2.974793E+01
   8.172287E+01   2.973040E+01
   8.170965E+01   2.970664E+01
   8.170270E+01   2.968818E+01
   8.169787E+01   2.967534E+01
   8.170023E+01   2.964815E+01
   8.170228E+01   2.964216E+01
   8.170920E+01   2.963310E+01
   8.171404E+01   2.962345E+01
   8.172051E+01   2.961990E+01
   8.172580E+01   2.961467E+01
   8.172861E+01   2.961318E+01
   8.173636E+01   2.960677E+01
   8.176915E+01   2.960684E+01
   8.178398E+01   2.959755E+01
   8.179051E+01   2.959307E+01
   8.179163E+01   2.958592E+01
   8.179825E+01   2.956807E+01
   8.179782E+01   2.955901E+01
   8.179283E+01   2.953223E+01
   8.179056E+01   2.952961E+01
   8.178125E+01   2.952065E+01
   8.177762E+01   2.951446E+01
   8.178066E+01   2.950911E+01
   8.178779E+01   2.949740E+01
   8.180439E+01   2.947487E+01
   8.180776E+01   2.945366E+01
   8.180355E+01   2.944976E+01
   8.180513E+01   2.943913E+01
   8.179937E+01   2.942706E+01
   8.179682E+01   2.941434E+01
   8.179747E+01   2.940691E+01
   8.179239E+01   2.939820E+01
   8.178960E+01   2.938982E+01
   8.177173E+01   2.939090E+01
   8.176636E+01   2.939062E+01
   8.176135E+01   2.938682E+01
   8.175769E+01   2.938203E+01
   8.174873E+01   2.936350E+01
   8.174998E+01   2.935373E+01
   8.175056E+01   2.934918E+01
   8.174847E+01   2.934746E+01
   8.174678E+01   2.934642E+01
   8.174654E+01   2.934425E+01
   8.174733E+01   2.932914E+01
   8.172251E+01   2.933210E+01
   8.170233E+01   2.933036E+01
   8.168270E+01   2.931918E+01
   8.167297E+01   2.931819E+01
   8.166400E+01   2.931923E+01
   8.165447E+01   2.932107E+01
   8.164632E+01   2.932311E+01
   8.164186E+01   2.933255E+01
   8.164221E+01   2.935233E+01
   8.163808E+01   2.935676E+01
   8.162698E+01   2.936594E+01
   8.161803E+01   2.937067E+01
   8.160416E+01   2.936726E+01
   8.158384E+01   2.936524E+01
   8.157745E+01   2.936298E+01
   8.157022E+01   2.935050E+01
   8.156030E+01   2.935291E+01
   8.155382E+01   2.935361E+01
   8.154974E+01   2.934302E+01
   8.153925E+01   2.933106E+01
   8.152953E+01   2.932634E+01
   8.152657E+01   2.931953E+01
   8.152447E+01   2.931723E+01
   8.151785E+01   2.931469E+01
   8.150792E+01   2.931453E+01
   8.150096E+01   2.929828E+01
   8.148879E+01   2.928787E+01
   8.148051E+01   2.927794E+01
   8.148726E+01   2.926531E+01
   8.149422E+01   2.925610E+01
   8.149899E+01   2.924049E+01
   8.148532E+01   2.922221E+01
   8.148063E+01   2.920292E+01
   8.148346E+01   2.919428E+01
   8.149037E+01   2.918155E+01
   8.148725E+01   2.917317E+01
   8.149492E+01   2.916934E+01
   8.149615E+01   2.915894E+01
   8.149894E+01   2.915244E+01
   8.151060E+01   2.915212E+01
   8.152491E+01   2.915308E+01
   8.153323E+01   2.914643E+01
   8.153589E+01   2.913636E+01
   8.155788E+01   2.912796E+01
   8.155546E+01   2.912294E+01
   8.153583E+01   2.910619E+01
   8.152510E+01   2.910488E+01
   8.151922E+01   2.909857E+01
   8.151155E+01   2.909164E+01
   8.150262E+01   2.909142E+01
   8.149224E+01   2.908777E+01
   8.148046E+01   2.908235E+01
   8.146873E+01   2.907802E+01
   8.146718E+01   2.907192E+01
   8.146410E+01   2.906541E+01
   8.145663E+01   2.906316E+01
   8.144308E+01   2.904887E+01
   8.143871E+01   2.904008E+01
   8.143173E+01   2.903515E+01
   8.142519E+01   2.902291E+01
   8.141338E+01   2.901802E+01
   8.141625E+01   2.900992E+01
   8.141497E+01   2.899849E+01
   8.141080E+01   2.899577E+01
   8.141920E+01   2.898915E+01
   8.142289E+01   2.898226E+01
   8.142531E+01   2.897614E+01
   8.142249E+01   2.896860E+01
   8.142714E+01   2.896530E+01
   8.142883E+01   2.896212E+01
   8.143203E+01   2.895704E+01
   8.144196E+01   2.896034E+01
   8.144504E+01   2.894863E+01
   8.144438E+01   2.894072E+01
   8.145062E+01   2.894076E+01
   8.145500E+01   2.893498E+01
   8.145527E+01   2.893081E+01
   8.146223E+01   2.892862E+01
   8.146539E+01   2.892968E+01
   8.146735E+01   2.892662E+01
   8.147807E+01   2.891160E+01
   8.148125E+01   2.890623E+01
   8.149039E+01   2.889541E+01
   8.150145E+01   2.888899E+01
   8.150904E+01   2.889012E+01
   8.151043E+01   2.888342E+01
   8.151543E+01   2.887364E+01
   8.152247E+01   2.886875E+01
   8.152703E+01   2.886026E+01
   8.153432E+01   2.885011E+01
   8.153779E+01   2.884283E+01
   8.153796E+01   2.883626E+01
   8.154349E+01   2.882931E+01
   8.154349E+01   2.882931E+01
   8.154753E+01   2.882156E+01
   8.155248E+01   2.881220E+01
   8.155425E+01   2.880470E+01
   8.155678E+01   2.879777E+01
   8.157423E+01   2.878386E+01
   8.158074E+01   2.877209E+01
   8.158214E+01   2.876172E+01
   8.156727E+01   2.875455E+01
   8.152226E+01   2.874850E+01
   8.152375E+01   2.875328E+01
   8.153131E+01   2.876825E+01
   8.151992E+01   2.877669E+01
   8.151543E+01   2.878139E+01
   8.151869E+01   2.879624E+01
   8.152333E+01   2.880110E+01
   8.151609E+01   2.880768E+01
   8.150607E+01   2.881354E+01
   8.149611E+01   2.882513E+01
   8.149153E+01   2.883489E+01
   8.149003E+01   2.884143E+01
   8.148306E+01   2.884268E+01
   8.147265E+01   2.884980E+01
   8.146280E+01   2.885575E+01
   8.146559E+01   2.887024E+01
   8.146539E+01   2.888306E+01
   8.146470E+01   2.889389E+01
   8.144206E+01   2.889989E+01
   8.143401E+01   2.890836E+01
   8.142417E+01   2.890967E+01
   8.140347E+01   2.890888E+01
   8.139317E+01   2.890704E+01
   8.138802E+01   2.890108E+01
   8.137824E+01   2.889534E+01
   8.136623E+01   2.889117E+01
   8.135250E+01   2.889005E+01
   8.134147E+01   2.889357E+01
   8.133736E+01   2.890195E+01
   8.133367E+01   2.890879E+01
   8.132017E+01   2.891495E+01
   8.131058E+01   2.891985E+01
   8.129603E+01   2.892426E+01
   8.128400E+01   2.892262E+01
   8.127592E+01   2.891666E+01
   8.126943E+01   2.890467E+01
   8.125630E+01   2.890773E+01
   8.124195E+01   2.891486E+01
   8.123844E+01   2.890709E+01
   8.121278E+01   2.890730E+01
   8.118683E+01   2.891559E+01
   8.117767E+01   2.891838E+01
   8.116358E+01   2.892643E+01
   8.115588E+01   2.893300E+01
   8.113231E+01   2.894776E+01
   8.110318E+01   2.896512E+01
   8.106838E+01   2.897100E+01
   8.104600E+01   2.897498E+01
   8.100890E+01   2.895771E+01
   8.099258E+01   2.894835E+01
   8.098117E+01   2.893970E+01
   8.098595E+01   2.893472E+01
   8.100658E+01   2.892766E+01
   8.103956E+01   2.889054E+01
   8.105059E+01   2.887852E+01
   8.106465E+01   2.887575E+01
   8.107391E+01   2.887471E+01
   8.107693E+01   2.886305E+01
   8.109163E+01   2.885700E+01
   8.110354E+01   2.884531E+01
   8.111661E+01   2.885042E+01
   8.112681E+01   2.886196E+01
   8.114517E+01   2.887042E+01
   8.115255E+01   2.883130E+01
   8.117298E+01   2.883630E+01
   8.120156E+01   2.881736E+01
   8.120708E+01   2.882473E+01
   8.120029E+01   2.885263E+01
   8.120078E+01   2.886333E+01
   8.120763E+01   2.886001E+01
   8.120648E+01   2.884986E+01
   8.123317E+01   2.883135E+01
   8.122937E+01   2.881743E+01
   8.123892E+01   2.880362E+01
   8.122835E+01   2.878999E+01
   8.124984E+01   2.876850E+01
   8.126079E+01   2.875019E+01
   8.125506E+01   2.873607E+01
   8.127027E+01   2.872854E+01
   8.126690E+01   2.870629E+01
   8.127454E+01   2.869911E+01
   8.128116E+01   2.869024E+01
   8.128588E+01   2.866935E+01
   8.128688E+01   2.864839E+01
   8.127062E+01   2.863072E+01
   8.126146E+01   2.861359E+01
   8.124562E+01   2.859155E+01
   8.120846E+01   2.856152E+01
   8.116090E+01   2.850103E+01
   8.114864E+01   2.849745E+01
   8.113789E+01   2.849132E+01
   8.110843E+01   2.846147E+01
   8.109516E+01   2.845941E+01
   8.108529E+01   2.843905E+01
   8.105977E+01   2.840760E+01
   8.106738E+01   2.839984E+01
   8.105732E+01   2.840162E+01
   8.105070E+01   2.840731E+01
   8.103920E+01   2.841294E+01
   8.103364E+01   2.839904E+01
   8.102401E+01   2.840734E+01
   8.102087E+01   2.841876E+01
   8.103266E+01   2.843314E+01
   8.102965E+01   2.843828E+01
   8.101551E+01   2.843591E+01
   8.101700E+01   2.844813E+01
   8.101393E+01   2.845242E+01
   8.099107E+01   2.844381E+01
   8.097778E+01   2.844220E+01
   8.097096E+01   2.843628E+01
   8.096479E+01   2.844450E+01
   8.097961E+01   2.845554E+01
   8.096199E+01   2.844903E+01
   8.095225E+01   2.844793E+01
   8.094573E+01   2.845519E+01
   8.093361E+01   2.845861E+01
   8.094352E+01   2.846481E+01
   8.094084E+01   2.846780E+01
   8.093106E+01   2.845764E+01
   8.091898E+01   2.845994E+01
   8.091574E+01   2.845807E+01
   8.090556E+01   2.846614E+01
   8.090207E+01   2.848372E+01
   8.090624E+01   2.848959E+01
   8.090640E+01   2.849881E+01
   8.089104E+01   2.850724E+01
   8.087617E+01   2.851087E+01
   8.086169E+01   2.850450E+01
   8.085540E+01   2.849726E+01
   8.084549E+01   2.849551E+01
   8.083523E+01   2.850718E+01
   8.082369E+01   2.851604E+01
   8.080361E+01   2.852222E+01
   8.078780E+01   2.852502E+01
   8.078690E+01   2.853197E+01
   8.078875E+01   2.854522E+01
   8.077336E+01   2.854886E+01
   8.076911E+01   2.855954E+01
   8.075224E+01   2.857050E+01
   8.074109E+01   2.857378E+01
   8.073382E+01   2.856878E+01
   8.071467E+01   2.856839E+01
   8.070439E+01   2.857874E+01
   8.069013E+01   2.858716E+01
   8.069559E+01   2.860330E+01
   8.067856E+01   2.861342E+01
   8.067077E+01   2.862791E+01
   8.066084E+01   2.863855E+01
   8.064822E+01   2.863700E+01
   8.063610E+01   2.863971E+01
   8.061977E+01   2.863864E+01
   8.061126E+01   2.864124E+01
   8.060631E+01   2.865243E+01
   8.058990E+01   2.864812E+01
   8.058781E+01   2.865904E+01
   8.058497E+01   2.866986E+01
   8.058815E+01   2.867558E+01
   8.058222E+01   2.868295E+01
   8.056983E+01   2.868751E+01
   8.055539E+01   2.869077E+01
   8.055111E+01   2.869398E+01
   8.054682E+01   2.869565E+01
   8.054294E+01   2.869850E+01
   8.054102E+01   2.870418E+01
   8.053802E+01   2.871190E+01
   8.053921E+01   2.871629E+01
   8.054223E+01   2.871536E+01
   8.054578E+01   2.871024E+01
   8.054854E+01   2.871001E+01
   8.055017E+01   2.871166E+01
   8.054987E+01   2.871398E+01
   8.054941E+01   2.871724E+01
   8.055124E+01   2.871892E+01
   8.055585E+01   2.872132E+01
   8.055624E+01   2.872379E+01
   8.055284E+01   2.873057E+01
   8.054522E+01   2.873391E+01
   8.053766E+01   2.873777E+01
   8.054309E+01   2.874032E+01
   8.054878E+01   2.874356E+01
   8.055216E+01   2.874907E+01
   8.055725E+01   2.875397E+01
   8.054983E+01   2.875058E+01
   8.054559E+01   2.875072E+01
   8.054216E+01   2.875383E+01
   8.054024E+01   2.876219E+01
   8.053528E+01   2.876712E+01
   8.053437E+01   2.876941E+01
   8.053610E+01   2.877137E+01
   8.054097E+01   2.877025E+01
   8.054556E+01   2.877012E+01
   8.054911E+01   2.877275E+01
   8.054995E+01   2.877421E+01
   8.054852E+01   2.877745E+01
   8.053995E+01   2.878896E+01
   8.053688E+01   2.879160E+01
   8.053752E+01   2.879422E+01
   8.053882E+01   2.879580E+01
   8.053640E+01   2.879523E+01
   8.053049E+01   2.879688E+01
   8.052969E+01   2.880060E+01
   8.052792E+01   2.880295E+01
   8.052502E+01   2.880567E+01
   8.052216E+01   2.880918E+01
   8.051835E+01   2.881137E+01
   8.051657E+01   2.881087E+01
   8.051294E+01   2.881392E+01
   8.051063E+01   2.881615E+01
   8.051477E+01   2.881910E+01
   8.051679E+01   2.881839E+01
   8.051779E+01   2.882032E+01
   8.051582E+01   2.882295E+01
   8.051402E+01   2.882340E+01
   8.051433E+01   2.882462E+01
   8.051542E+01   2.882550E+01
   8.051589E+01   2.882678E+01
   8.051785E+01   2.882791E+01
   8.051847E+01   2.883106E+01
   8.051515E+01   2.883507E+01
   8.051407E+01   2.883464E+01
   8.051326E+01   2.883223E+01
   8.051097E+01   2.883137E+01
   8.050970E+01   2.883157E+01
   8.050808E+01   2.883157E+01
   8.050704E+01   2.883211E+01
   8.050627E+01   2.883291E+01
   8.050730E+01   2.883357E+01
   8.050806E+01   2.883467E+01
   8.050753E+01   2.883606E+01
   8.050647E+01   2.883597E+01
   8.050488E+01   2.883651E+01
   8.050535E+01   2.883777E+01
   8.050749E+01   2.883828E+01
   8.050789E+01   2.883967E+01
   8.050679E+01   2.884017E+01
   8.050618E+01   2.884168E+01
   8.050542E+01   2.884234E+01
   8.050421E+01   2.884033E+01
   8.050338E+01   2.884092E+01
   8.050265E+01   2.884269E+01
   8.050208E+01   2.884430E+01
   8.050251E+01   2.884606E+01
   8.050282E+01   2.884761E+01
   8.050205E+01   2.884810E+01
   8.050054E+01   2.884796E+01
   8.050044E+01   2.884887E+01
   8.050016E+01   2.885153E+01
   8.049661E+01   2.885379E+01
   8.049724E+01   2.885718E+01
   8.049719E+01   2.885777E+01
   8.049883E+01   2.885885E+01
   8.049868E+01   2.886076E+01
   8.050138E+01   2.886310E+01
   8.050208E+01   2.886864E+01
   8.049621E+01   2.887044E+01
   8.049705E+01   2.887551E+01
   8.050167E+01   2.887888E+01
   8.050371E+01   2.888229E+01
   8.050687E+01   2.889232E+01
   8.050675E+01   2.889829E+01
   8.050308E+01   2.891117E+01
   8.050496E+01   2.892456E+01
   8.049385E+01   2.892152E+01
   8.049112E+01   2.892402E+01
   8.048625E+01   2.892748E+01
   8.047822E+01   2.893686E+01
   8.047281E+01   2.893867E+01
   8.047052E+01   2.894125E+01
   8.047578E+01   2.895160E+01
   8.048320E+01   2.896961E+01
   8.048998E+01   2.898298E+01
   8.048865E+01   2.898633E+01
   8.048688E+01   2.898976E+01
   8.048565E+01   2.899205E+01
   8.048350E+01   2.899459E+01
   8.048539E+01   2.899843E+01
   8.048818E+01   2.899558E+01
   8.049424E+01   2.899459E+01
   8.050161E+01   2.899372E+01
   8.051506E+01   2.899738E+01
   8.051877E+01   2.900460E+01
   8.052549E+01   2.900927E+01
   8.053042E+01   2.901231E+01
   8.053543E+01   2.901476E+01
   8.053380E+01   2.902014E+01
   8.053370E+01   2.902312E+01
   8.053440E+01   2.902606E+01
   8.053474E+01   2.903075E+01
   8.053838E+01   2.903389E+01
   8.054203E+01   2.903671E+01
   8.054678E+01   2.903843E+01
   8.054608E+01   2.904475E+01
   8.054714E+01   2.904958E+01
   8.054940E+01   2.905140E+01
   8.055351E+01   2.905531E+01
   8.055838E+01   2.906023E+01
   8.056065E+01   2.906627E+01
   8.056118E+01   2.906981E+01
   8.055881E+01   2.907634E+01
   8.054138E+01   2.908352E+01
   8.053370E+01   2.908896E+01
   8.053016E+01   2.909354E+01
   8.052802E+01   2.909892E+01
   8.052636E+01   2.910353E+01
   8.052784E+01   2.910631E+01
   8.053451E+01   2.910687E+01
   8.054191E+01   2.910985E+01
   8.054689E+01   2.911147E+01
   8.054975E+01   2.911375E+01
   8.055373E+01   2.911531E+01
   8.055655E+01   2.911687E+01
   8.056206E+01   2.911851E+01
   8.056718E+01   2.912077E+01
   8.057054E+01   2.912457E+01
   8.057189E+01   2.912972E+01
   8.056663E+01   2.913473E+01
   8.056496E+01   2.914007E+01
   8.056692E+01   2.914484E+01
   8.057469E+01   2.914553E+01
   8.058683E+01   2.914699E+01
   8.059147E+01   2.914995E+01
   8.059427E+01   2.915438E+01
   8.059123E+01   2.915776E+01
   8.059480E+01   2.916758E+01
   8.060094E+01   2.917013E+01
   8.060425E+01   2.916983E+01
   8.060636E+01   2.917323E+01
   8.061175E+01   2.917663E+01
   8.062016E+01   2.918067E+01
   8.063069E+01   2.917600E+01
   8.063817E+01   2.917774E+01
   8.064510E+01   2.917830E+01
   8.065276E+01   2.918052E+01
   8.066475E+01   2.918274E+01
   8.067339E+01   2.918584E+01
   8.067807E+01   2.919114E+01
   8.068710E+01   2.919073E+01
   8.069967E+01   2.919442E+01
   8.070544E+01   2.919675E+01
   8.070662E+01   2.921090E+01
   8.070496E+01   2.921380E+01
   8.070625E+01   2.922358E+01
   8.070694E+01   2.923156E+01
   8.071963E+01   2.923605E+01
   8.072166E+01   2.923515E+01
   8.072414E+01   2.923616E+01
   8.072733E+01   2.923912E+01
   8.073418E+01   2.924315E+01
   8.073959E+01   2.924534E+01
   8.073778E+01   2.924711E+01
   8.073708E+01   2.924849E+01
   8.074134E+01   2.924921E+01
   8.074287E+01   2.925203E+01
   8.074690E+01   2.925492E+01
   8.074847E+01   2.925524E+01
   8.074856E+01   2.925627E+01
   8.075077E+01   2.925847E+01
   8.075117E+01   2.925961E+01
   8.075167E+01   2.926077E+01
   8.075260E+01   2.926225E+01
   8.075372E+01   2.926345E+01
   8.075355E+01   2.926468E+01
   8.075377E+01   2.926513E+01
   8.075484E+01   2.926450E+01
   8.075464E+01   2.926559E+01
   8.075444E+01   2.926644E+01
   8.075478E+01   2.926715E+01
   8.075633E+01   2.926704E+01
   8.075665E+01   2.926748E+01
   8.075624E+01   2.926813E+01
   8.075599E+01   2.926974E+01
   8.074362E+01   2.927460E+01
   8.074641E+01   2.928242E+01
   8.073954E+01   2.928838E+01
   8.073550E+01   2.929008E+01
   8.073248E+01   2.929427E+01
   8.073507E+01   2.929596E+01
   8.073557E+01   2.929680E+01
   8.073429E+01   2.929819E+01
   8.073727E+01   2.929863E+01
   8.073932E+01   2.930261E+01
   8.074451E+01   2.930197E+01
   8.074967E+01   2.930443E+01
   8.075125E+01   2.930673E+01
   8.075459E+01   2.930850E+01
   8.075982E+01   2.930682E+01
   8.076474E+01   2.930517E+01
   8.076673E+01   2.930190E+01
   8.076968E+01   2.930248E+01
   8.077217E+01   2.930386E+01
   8.077647E+01   2.931465E+01
   8.076839E+01   2.932373E+01
   8.076258E+01   2.932582E+01
   8.076244E+01   2.933641E+01
   8.075738E+01   2.934553E+01
   8.076039E+01   2.934876E+01
   8.076229E+01   2.935338E+01
   8.076190E+01   2.936199E+01
   8.076502E+01   2.936288E+01
   8.076866E+01   2.935725E+01
   8.077368E+01   2.936320E+01
   8.078222E+01   2.936592E+01
   8.079502E+01   2.936614E+01
   8.080718E+01   2.936538E+01
   8.081698E+01   2.936682E+01
   8.082655E+01   2.937092E+01
   8.083423E+01   2.938093E+01
   8.083784E+01   2.938019E+01
   8.084478E+01   2.937571E+01
   8.085214E+01   2.937735E+01
   8.085965E+01   2.939547E+01
   8.085627E+01   2.940187E+01
   8.085223E+01   2.940487E+01
   8.085242E+01   2.940831E+01
   8.085989E+01   2.940955E+01
   8.086563E+01   2.941284E+01
   8.087000E+01   2.941163E+01
   8.087720E+01   2.941570E+01
   8.088381E+01   2.942185E+01
   8.089074E+01   2.942392E+01
   8.089564E+01   2.943115E+01
   8.090030E+01   2.943409E+01
   8.090285E+01   2.943759E+01
   8.090822E+01   2.943933E+01
   8.090764E+01   2.944175E+01
   8.089813E+01   2.944441E+01
   8.089527E+01   2.944336E+01
   8.089228E+01   2.944338E+01
   8.088737E+01   2.944216E+01
   8.088411E+01   2.944315E+01
   8.088070E+01   2.945296E+01
   8.087560E+01   2.946461E+01
   8.086727E+01   2.946723E+01
   8.085806E+01   2.946819E+01
   8.085673E+01   2.947185E+01
   8.085401E+01   2.947598E+01
   8.085144E+01   2.948127E+01
   8.084373E+01   2.949043E+01
   8.083228E+01   2.949528E+01
   8.082187E+01   2.950171E+01
   8.082183E+01   2.951213E+01
   8.081732E+01   2.951357E+01
   8.081510E+01   2.951560E+01
   8.081277E+01   2.951448E+01
   8.080984E+01   2.951381E+01
   8.080612E+01   2.951511E+01
   8.080276E+01   2.951440E+01
   8.079805E+01   2.951036E+01
   8.079198E+01   2.950660E+01
   8.078965E+01   2.950556E+01
   8.078694E+01   2.950759E+01
   8.078548E+01   2.951109E+01
   8.078264E+01   2.951656E+01
   8.078128E+01   2.951966E+01
   8.078146E+01   2.952122E+01
   8.077857E+01   2.952346E+01
   8.077030E+01   2.952458E+01
   8.076338E+01   2.952713E+01
   8.075807E+01   2.952824E+01
   8.075333E+01   2.953030E+01
   8.075004E+01   2.953059E+01
   8.074820E+01   2.953170E+01
   8.074792E+01   2.953537E+01
   8.074952E+01   2.954160E+01
   8.074752E+01   2.955199E+01
   8.074866E+01   2.955723E+01
   8.075400E+01   2.955636E+01
   8.076469E+01   2.955525E+01
   8.077436E+01   2.955725E+01
   8.077673E+01   2.956105E+01
   8.077631E+01   2.956431E+01
   8.077558E+01   2.956704E+01
   8.078011E+01   2.957060E+01
   8.077647E+01   2.957702E+01
   8.077772E+01   2.958229E+01
   8.078467E+01   2.959549E+01
   8.078577E+01   2.960469E+01
   8.078765E+01   2.961360E+01
   8.078497E+01   2.961780E+01
   8.078396E+01   2.962579E+01
   8.078129E+01   2.963435E+01
   8.078918E+01   2.964040E+01
   8.078560E+01   2.964452E+01
   8.077609E+01   2.964238E+01
   8.076409E+01   2.965095E+01
   8.076739E+01   2.966567E+01
   8.077523E+01   2.966813E+01
   8.077947E+01   2.966790E+01
   8.077863E+01   2.967052E+01
   8.077953E+01   2.967506E+01
   8.078191E+01   2.967973E+01
   8.078748E+01   2.967783E+01
   8.079024E+01   2.967801E+01
   8.079091E+01   2.968074E+01
   8.079373E+01   2.968649E+01
   8.080393E+01   2.968745E+01
   8.082468E+01   2.968611E+01
   8.084161E+01   2.968741E+01
   8.085780E+01   2.969578E+01
   8.089018E+01   2.971478E+01
   8.090664E+01   2.972511E+01
   8.091966E+01   2.972493E+01
   8.093171E+01   2.973095E+01
   8.093727E+01   2.973566E+01
   8.094745E+01   2.973489E+01
   8.095055E+01   2.973084E+01
   8.096732E+01   2.972232E+01
   8.097557E+01   2.972490E+01
   8.098065E+01   2.973053E+01
   8.098572E+01   2.973773E+01
   8.099340E+01   2.974115E+01
   8.100977E+01   2.974664E+01
   8.102461E+01   2.974380E+01
   8.103627E+01   2.974907E+01
   8.105594E+01   2.975650E+01
   8.106232E+01   2.976854E+01
   8.106278E+01   2.978022E+01
   8.106496E+01   2.979393E+01
   8.106824E+01   2.979743E+01
   8.107055E+01   2.982429E+01
   8.106208E+01   2.982662E+01
   8.104042E+01   2.984100E+01
   8.103821E+01   2.985391E+01
   8.103624E+01   2.986354E+01
   8.103582E+01   2.987022E+01
   8.104043E+01   2.988126E+01
   8.103132E+01   2.989837E+01
   8.103006E+01   2.990660E+01
   8.102090E+01   2.991219E+01
   8.101278E+01   2.991356E+01
   8.099816E+01   2.992673E+01
   8.100271E+01   2.993610E+01
   8.100819E+01   2.994355E+01
   8.101211E+01   2.994568E+01
   8.102113E+01   2.995858E+01
   8.101986E+01   2.997232E+01
   8.101714E+01   2.997789E+01
   8.101849E+01   2.998335E+01
   8.102626E+01   2.999069E+01
   8.103455E+01   3.000368E+01
   8.103796E+01   3.001199E+01
   8.104161E+01   3.001643E+01
   8.104775E+01   3.002186E+01
   8.106116E+01   3.003264E+01
   8.106615E+01   3.003980E+01
   8.107555E+01   3.004473E+01
   8.108232E+01   3.004920E+01
   8.109603E+01   3.005093E+01
   8.110828E+01   3.004201E+01
   8.111297E+01   3.003399E+01
   8.112432E+01   3.002023E+01
   8.114413E+01   3.001599E+01
   8.114882E+01   3.001191E+01
   8.116531E+01   3.001055E+01
   8.116803E+01   3.001206E+01
   8.117484E+01   3.001418E+01
   8.118119E+01   3.001403E+01
   8.118618E+01   3.001070E+01
   8.119602E+01   3.002310E+01
   8.120434E+01   3.002340E+01
   8.120872E+01   3.001887E+01
   8.121281E+01   3.001418E+01
   8.121674E+01   3.000979E+01
   8.122279E+01   3.000797E+01
   8.123247E+01   3.000782E+01
   8.123988E+01   3.001221E+01
   8.124397E+01   3.001206E+01
   8.125062E+01   3.001508E+01
   8.124941E+01   3.002552E+01
   8.123776E+01   3.003127E+01
   8.125032E+01   3.003868E+01
   8.126333E+01   3.004080E+01
   8.127150E+01   3.004473E+01
   8.128414E+01   3.003696E+01
   8.131449E+01   3.003315E+01
   8.132718E+01   3.002540E+01
   8.135663E+01   3.000793E+01
   8.138325E+01   3.000754E+01
   8.142874E+01   3.000669E+01
   8.145676E+01   2.999952E+01
   8.147072E+01   2.997404E+01
   8.144449E+01   2.993722E+01
   8.145710E+01   2.990520E+01
   8.148152E+01   2.988829E+01
   8.150498E+01   2.989368E+01
   8.151230E+01   2.991663E+01
   8.152011E+01   2.992264E+01
   8.153483E+01   2.992753E+01
   8.154900E+01   2.992313E+01
   8.156126E+01   2.992762E+01
   8.157266E+01   2.993417E+01
   8.157924E+01   2.993472E+01
   8.158883E+01   2.993389E+01
   8.159785E+01   2.993107E+01
   8.160583E+01   2.993710E+01
   8.161502E+01   2.993950E+01
   8.162551E+01   2.993805E+01
   8.163686E+01   2.994470E+01
   8.165353E+01   2.994250E+01
   8.166124E+01   2.994155E+01
   8.169933E+01   2.993906E+01
   8.170859E+01   2.992704E+01
   8.171392E+01   2.991107E+01
   8.172740E+01   2.991206E+01
   8.173284E+01   2.990745E+01
   8.174390E+01   2.990810E+01
   8.175446E+01   2.990827E+01
   8.177334E+01   2.990969E+01
   8.178151E+01   2.990869E+01
   8.179087E+01   2.990711E+01
   8.179856E+01   2.989636E+01
   8.179573E+01   2.989139E+01
   8.179583E+01   2.986502E+01
   8.179392E+01   2.984966E+01
   8.178080E+01   2.983979E+01
   8.177977E+01   2.980664E+01
   8.175588E+01   2.979713E+01
   8.174856E+01   2.979791E+01
   8.174026E+01   2.979011E+01
   8.172962E+01   2.977004E+01
   8.172641E+01   2.974793E+01
   8.172287E+01   2.973040E+01
   8.170965E+01   2.970664E+01
   8.170270E+01   2.968818E+01
   8.169787E+01   2.967534E+01
   8.170023E+01   2.964815E+01
   8.170228E+01   2.964216E+01
   8.170920E+01   2.963310E+01
   8.171404E+01   2.962345E+01
   8.172051E+01   2.961990E+01
   8.172580E+01   2.961467E+01
   8.172861E+01   2.961318E+01
   8.173636E+01   2.960677E+01
   8.176915E+01   2.960684E+01
   8.178398E+01   2.959755E+01
   8.179051E+01   2.959307E+01
   8.179163E+01   2.958592E+01
   8.179825E+01   2.956807E+01
   8.179782E+01   2.955901E+01
   8.179283E+01   2.953223E+01
   8.179056E+01   2.952961E+01
   8.178125E+01   2.952065E+01
   8.177762E+01   2.951446E+01
   8.178066E+01   2.950911E+01
   8.178779E+01   2.949740E+01
   8.180439E+01   2.947487E+01
   8.180776E+01   2.945366E+01
   8.180355E+01   2.944976E+01
   8.180513E+01   2.943913E+01
   8.179937E+01   2.942706E+01
   8.179682E+01   2.941434E+01
   8.179747E+01   2.940691E+01
   8.179239E+01   2.939820E+01
   8.178960E+01   2.938982E+01
   8.177173E+01   2.939090E+01
   8.176636E+01   2.939062E+01
   8.176135E+01   2.938682E+01
   8.175769E+01   2.938203E+01
   8.174873E+01   2.936350E+01
   8.174998E+01   2.935373E+01
   8.175056E+01   2.934918E+01
   8.174847E+01   2.934746E+01
   8.174678E+01   2.934642E+01
   8.174654E+01   2.934425E+01
   8.174733E+01   2.932914E+01
   8.172251E+01   2.933210E+01
   8.170233E+01   2.933036E+01
   8.168270E+01   2.931918E+01
   8.167297E+01   2.931819E+01
   8.166400E+01   2.931923E+01
   8.165447E+01   2.932107E+01
   8.164632E+01   2.932311E+01
   8.164186E+01   2.933255E+01
   8.164221E+01   2.935233E+01
   8.163808E+01   2.935676E+01
   8.162698E+01   2.936594E+01
   8.161803E+01   2.937067E+01
   8.160416E+01   2.936726E+01
   8.158384E+01   2.936524E+01
   8.157745E+01   2.936298E+01
   8.157022E+01   2.935050E+01
   8.156030E+01   2.935291E+01
   8.155382E+01   2.935361E+01
   8.154974E+01   2.934302E+01
   8.153925E+01   2.933106E+01
   8.152953E+01   2.932634E+01
   8.152657E+01   2.931953E+01
   8.152447E+01   2.931723E+01
   8.151785E+01   2.931469E+01
   8.150792E+01   2.931453E+01
   8.150096E+01   2.929828E+01
   8.148879E+01   2.928787E+01
   8.148051E+01   2.927794E+01
   8.148726E+01   2.926531E+01
   8.149422E+01   2.925610E+01
   8.149899E+01   2.924049E+01
   8.148532E+01   2.922221E+01
   8.148063E+01   2.920292E+01
   8.148346E+01   2.919428E+01
   8.149037E+01   2.918155E+01
   8.148725E+01   2.917317E+01
   8.149492E+01   2.916934E+01
   8.149615E+01   2.915894E+01
   8.149894E+01   2.915244E+01
   8.151060E+01   2.915212E+01
   8.152491E+01   2.915308E+01
   8.153323E+01   2.914643E+01
   8.153589E+01   2.913636E+01
   8.155788E+01   2.912796E+01
   8.155546E+01   2.912294E+01
   8.153583E+01   2.910619E+01
   8.152510E+01   2.910488E+01
   8.151922E+01   2.909857E+01
   8.151155E+01   2.909164E+01
   8.150262E+01   2.909142E+01
   8.149224E+01   2.908777E+01
   8.148046E+01   2.908235E+01
   8.146873E+01   2.907802E+01
   8.146718E+01   2.907192E+01
   8.146410E+01   2.906541E+01
   8.145663E+01   2.906316E+01
   8.144308E+01   2.904887E+01
   8.143871E+01   2.904008E+01
   8.143173E+01   2.903515E+01
   8.142519E+01   2.902291E+01
   8.141338E+01   2.901802E+01
   8.141625E+01   2.900992E+01
   8.141497E+01   2.899849E+01
   8.141080E+01   2.899577E+01
   8.141920E+01   2.898915E+01
   8.142289E+01   2.898226E+01
   8.142531E+01   2.897614E+01
   8.142249E+01   2.896860E+01
   8.142714E+01   2.896530E+01
   8.142883E+01   2.896212E+01
   8.143203E+01   2.895704E+01
   8.144196E+01   2.896034E+01
   8.144504E+01   2.894863E+01
   8.144438E+01   2.894072E+01
   8.145062E+01   2.894076E+01
   8.145500E+01   2.893498E+01
   8.145527E+01   2.893081E+01
   8.146223E+01   2.892862E+01
   8.146539E+01   2.892968E+01
   8.146735E+01   2.892662E+01
   8.147807E+01   2.891160E+01
   8.148125E+01   2.890623E+01
   8.149039E+01   2.889541E+01
   8.150145E+01   2.888899E+01
   8.150904E+01   2.889012E+01
   8.151043E+01   2.888342E+01
   8.151543E+01   2.887364E+01
   8.152247E+01   2.886875E+01
   8.152703E+01   2.886026E+01
   8.153432E+01   2.885011E+01
   8.153779E+01   2.884283E+01
   8.153796E+01   2.883626E+01
   8.154349E+01   2.882931E+01
polygon
   8.179087E+01   2.990711E+01
   8.178151E+01   2.990869E+01
   8.177334E+01   2.990969E+01
   8.175446E+01   2.990827E+01
   8.174390E+01   2.990810E+01
   8.173284E+01   2.990745E+01
   8.172740E+01   2.991206E+01
   8.171392E+01   2.991107E+01
   8.170859E+01   2.992704E+01
   8.169933E+01   2.993906E+01
   8.166124E+01   2.994155E+01
   8.165353E+01   2.994250E+01
   8.163686E+01   2.994470E+01
   8.162551E+01   2.993805E+01
   8.161502E+01   2.993950E+01
   8.160583E+01   2.993710E+01
   8.159785E+01   2.993107E+01
   8.158883E+01   2.993389E+01
   8.157924E+01   2.993472E+01
   8.157266E+01   2.993417E+01
   8.156126E+01   2.992762E+01
   8.154900E+01   2.992313E+01
   8.153483E+01   2.992753E+01
   8.152011E+01   2.992264E+01
   8.151230E+01   2.991663E+01
   8.150498E+01   2.989368E+01
   8.148152E+01   2.988829E+01
   8.145710E+01   2.990520E+01
   8.144449E+01   2.993722E+01
   8.147072E+01   2.997404E+01
   8.145676E+01   2.999952E+01
   8.142874E+01   3.000669E+01
   8.138325E+01   3.000754E+01
   8.135663E+01   3.000793E+01
   8.132718E+01   3.002540E+01
   8.131449E+01   3.003315E+01
   8.128414E+01   3.003696E+01
   8.127150E+01   3.004473E+01
   8.126333E+01   3.004080E+01
   8.125032E+01   3.003868E+01
   8.123776E+01   3.003127E+01
   8.124941E+01   3.002552E+01
   8.125062E+01   3.001508E+01
   8.124397E+01   3.001206E+01
   8.123988E+01   3.001221E+01
   8.123247E+01   3.000782E+01
   8.122279E+01   3.000797E+01
   8.121674E+01   3.000979E+01
   8.121281E+01   3.001418E+01
   8.120872E+01   3.001887E+01
   8.120434E+01   3.002340E+01
   8.119602E+01   3.002310E+01
   8.118618E+01   3.001070E+01
   8.118119E+01   3.001403E+01
   8.117484E+01   3.001418E+01
   8.116803E+01   3.001206E+01
   8.116531E+01   3.001055E+01
   8.114882E+01   3.001191E+01
   8.114413E+01   3.001599E+01
   8.112432E+01   3.002023E+01
   8.111297E+01   3.003399E+01
   8.110828E+01   3.004201E+01
   8.109603E+01   3.005093E+01
   8.108232E+01   3.004920E+01
   8.107555E+01   3.004473E+01
   8.106615E+01   3.003980E+01
   8.106116E+01   3.003264E+01
   8.104775E+01   3.002186E+01
   8.104161E+01   3.001643E+01
   8.103796E+01   3.001199E+01
   8.103455E+01   3.000368E+01
   8.102626E+01   2.999069E+01
   8.101849E+01   2.998335E+01
   8.101714E+01   2.997789E+01
   8.101986E+01   2.997232E+01
   8.102113E+01   2.995858E+01
   8.101211E+01   2.994568E+01
   8.100819E+01   2.994355E+01
   8.100271E+01   2.993610E+01
   8.099816E+01   2.992673E+01
   8.101278E+01   2.991356E+01
   8.102090E+01   2.991219E+01
   8.103006E+01   2.990660E+01
   8.103132E+01   2.989837E+01
   8.104043E+01   2.988126E+01
   8.103582E+01   2.987022E+01
   8.103624E+01   2.986354E+01
   8.103821E+01   2.985391E+01
   8.104042E+01   2.984100E+01
   8.106208E+01   2.982662E+01
   8.107055E+01   2.982429E+01
   8.106824E+01   2.979743E+01
   8.106496E+01   2.979393E+01
   8.106278E+01   2.978022E+01
   8.106232E+01   2.976854E+01
   8.105594E+01   2.975650E+01
   8.103627E+01   2.974907E+01
   8.102461E+01   2.974380E+01
   8.100977E+01   2.974664E+01
   8.099340E+01   2.974115E+01
   8.098572E+01   2.973773E+01
   8.098065E+01   2.973053E+01
   8.097557E+01   2.972490E+01
   8.096732E+01   2.972232E+01
   8.095055E+01   2.973084E+01
   8.094745E+01   2.973489E+01
   8.093727E+01   2.973566E+01
   8.093171E+01   2.973095E+01
   8.091966E+01   2.972493E+01
   8.090664E+01   2.972511E+01
   8.089018E+01   2.971478E+01
   8.085780E+01   2.969578E+01
   8.084161E+01   2.968741E+01
   8.082468E+01   2.968611E+01
   8.080393E+01   2.968745E+01
   8.079373E+01   2.968649E+01
   8.079091E+01   2.968074E+01
   8.079024E+01   2.967801E+01
   8.078748E+01   2.967783E+01
   8.078191E+01   2.967973E+01
   8.077953E+01   2.967506E+01
   8.077863E+01   2.967052E+01
   8.077947E+01   2.966790E+01
   8.077523E+01   2.966813E+01
   8.076739E+01   2.966567E+01
   8.076409E+01   2.965095E+01
   8.077609E+01   2.964238E+01
   8.078560E+01   2.964452E+01
   8.078918E+01   2.964040E+01
   8.078129E+01   2.963435E+01
   8.078396E+01   2.962579E+01
   8.078497E+01   2.961780E+01
   8.078765E+01   2.961360E+01
   8.078577E+01   2.960469E+01
   8.078467E+01   2.959549E+01
   8.077772E+01   2.958229E+01
   8.077647E+01   2.957702E+01
   8.078011E+01   2.957060E+01
   8.077558E+01   2.956704E+01
   8.077631E+01   2.956431E+01
   8.077673E+01   2.956105E+01
   8.077436E+01   2.955725E+01
   8.076469E+01   2.955525E+01
   8.075400E+01   2.955636E+01
   8.074866E+01   2.955723E+01
   8.074752E+01   2.955199E+01
   8.074952E+01   2.954160E+01
   8.074792E+01   2.953537E+01
   8.074820E+01   2.953170E+01
   8.075004E+01   2.953059E+01
   8.075333E+01   2.953030E+01
   8.075807E+01   2.952824E+01
   8.076338E+01   2.952713E+01
   8.077030E+01   2.952458E+01
   8.077857E+01   2.952346E+01
   8.078146E+01   2.952122E+01
   8.078128E+01   2.951966E+01
   8.078264E+01   2.951656E+01
   8.078548E+01   2.951109E+01
   8.078694E+01   2.950759E+01
   8.078965E+01   2.950556E+01
   8.079198E+01   2.950660E+01
   8.079805E+01   2.951036E+01
   8.080276E+01   2.951440E+01
   8.080612E+01   2.951511E+01
   8.080984E+01   2.951381E+01
   8.081277E+01   2.951448E+01
   8.081510E+01   2.951560E+01
   8.081732E+01   2.951357E+01
   8.082183E+01   2.951213E+01
   8.082187E+01   2.950171E+01
   8.083228E+01   2.949528E+01
   8.084373E+01   2.949043E+01
   8.085144E+01   2.948127E+01
   8.085401E+01   2.947598E+01
   8.085673E+01   2.947185E+01
   8.085806E+01   2.946819E+01
   8.086727E+01   2.946723E+01
   8.087560E+01   2.946461E+01
   8.088070E+01   2.945296E+01
   8.088411E+01   2.944315E+01
   8.088737E+01   2.944216E+01
   8.089228E+01   2.944338E+01
   8.089527E+01   2.944336E+01
   8.089813E+01   2.944441E+01
   8.090764E+01   2.944175E+01
   8.090822E+01   2.943933E+01
   8.090285E+01   2.943759E+01
   8.090030E+01   2.943409E+01
   8.089564E+01   2.943115E+01
   8.089074E+01   2.942392E+01
   8.088381E+01   2.942185E+01
   8.087720E+01   2.941570E+01
   8.087000E+01   2.941163E+01
   8.086563E+01   2.941284E+01
   8.085989E+01   2.940955E+01
   8.085242E+01   2.940831E+01
   8.085223E+01   2.940487E+01
   8.085627E+01   2.940187E+01
   8.085965E+01   2.939547E+01
   8.085214E+01   2.937735E+01
   8.084478E+01   2.937571E+01
   8.083784E+01   2.938019E+01
   8.083423E+01   2.938093E+01
   8.082655E+01   2.937092E+01
   8.081698E+01   2.936682E+01
   8.080718E+01   2.936538E+01
   8.079502E+01   2.936614E+01
   8.078222E+01   2.936592E+01
   8.077368E+01   2.936320E+01
   8.076866E+01   2.935725E+01
   8.076502E+01   2.936288E+01
   8.076190E+01   2.936199E+01
   8.076229E+01   2.935338E+01
   8.076039E+01   2.934876E+01
   8.075738E+01   2.934553E+01
   8.076244E+01   2.933641E+01
   8.076258E+01   2.932582E+01
   8.076839E+01   2.932373E+01
   8.077647E+01   2.931465E+01
   8.077217E+01   2.930386E+01
   8.076968E+01   2.930248E+01
   8.076673E+01   2.930190E+01
   8.076474E+01   2.930517E+01
   8.075982E+01   2.930682E+01
   8.075459E+01   2.930850E+01
   8.075125E+01   2.930673E+01
   8.074967E+01   2.930443E+01
   8.074451E+01   2.930197E+01
   8.073932E+01   2.930261E+01
   8.073727E+01   2.929863E+01
   8.073429E+01   2.929819E+01
   8.073557E+01   2.929680E+01
   8.073507E+01   2.929596E+01
   8.073248E+01   2.929427E+01
   8.073550E+01   2.929008E+01
   8.073954E+01   2.928838E+01
   8.074641E+01   2.928242E+01
   8.074362E+01   2.927460E+01
   8.075599E+01   2.926974E+01
   8.075624E+01   2.926813E+01
   8.075665E+01   2.926748E+01
   8.075633E+01   2.926704E+01
   8.075478E+01   2.926715E+01
   8.075444E+01   2.926644E+01
   8.075464E+01   2.926559E+01
   8.075484E+01   2.926450E+01
   8.075377E+01   2.926513E+01
   8.075355E+01   2.926468E+01
   8.075372E+01   2.926345E+01
   8.075260E+01   2.926225E+01
   8.075167E+01   2.926077E+01
   8.075117E+01   2.925961E+01
   8.075077E+01   2.925847E+01
   8.074856E+01   2.925627E+01
   8.074847E+01   2.925524E+01
   8.074690E+01   2.925492E+01
   8.074287E+01   2.925203E+01
   8.074134E+01   2.924921E+01
   8.073708E+01   2.924849E+01
   8.073778E+01   2.924711E+01
   8.073959E+01   2.924534E+01
   8.073418E+01   2.924315E+01
   8.072733E+01   2.923912E+01
   8.072414E+01   2.923616E+01
   8.072166E+01   2.923515E+01
   8.071963E+01   2.923605E+01
   8.070694E+01   2.923156E+01
   8.070625E+01   2.922358E+01
   8.070496E+01   2.921380E+01
   8.070662E+01   2.921090E+01
   8.070544E+01   2.919675E+01
   8.069967E+01   2.919442E+01
   8.068710E+01   2.919073E+01
   8.067807E+01   2.919114E+01
   8.067339E+01   2.918584E+01
   8.066475E+01   2.918274E+01
   8.065276E+01   2.918052E+01
   8.064510E+01   2.917830E+01
   8.063817E+01   2.917774E+01
   8.063069E+01   2.917600E+01
   8.062016E+01   2.918067E+01
   8.061175E+01   2.917663E+01
   8.060636E+01   2.917323E+01
   8.060425E+01   2.916983E+01
   8.060094E+01   2.917013E+01
   8.059480E+01   2.916758E+01
   8.059123E+01   2.915776E+01
   8.059427E+01   2.915438E+01
   8.059147E+01   2.914995E+01
   8.058683E+01   2.914699E+01
   8.057469E+01   2.914553E+01
   8.056692E+01   2.914484E+01
   8.056496E+01   2.914007E+01
   8.056663E+01   2.913473E+01
   8.057189E+01   2.912972E+01
   8.057054E+01   2.912457E+01
   8.056718E+01   2.912077E+01
   8.056206E+01   2.911851E+01
   8.055655E+01   2.911687E+01
   8.055373E+01   2.911531E+01
   8.054975E+01   2.911375E+01
   8.054689E+01   2.911147E+01
   8.054191E+01   2.910985E+01
   8.053451E+01   2.910687E+01
   8.052784E+01   2.910631E+01
   8.052636E+01   2.910353E+01
   8.052802E+01   2.909892E+01
   8.053016E+01   2.909354E+01
   8.053370E+01   2.908896E+01
   8.054138E+01   2.908352E+01
   8.055881E+01   2.907634E+01
   8.056118E+01   2.906981E+01
   8.056065E+01   2.906627E+01
   8.055838E+01   2.906023E+01
   8.055351E+01   2.905531E+01
   8.054940E+01   2.905140E+01
   8.054714E+01   2.904958E+01
   8.054608E+01   2.904475E+01
   8.054678E+01   2.903843E+01
   8.054203E+01   2.903671E+01
   8.053838E+01   2.903389E+01
   8.053474E+01   2.903075E+01
   8.053440E+01   2.902606E+01
   8.053370E+01   2.902312E+01
   8.053380E+01   2.902014E+01
   8.053543E+01   2.901476E+01
   8.053042E+01   2.901231E+01
   8.052549E+01   2.900927E+01
   8.051877E+01   2.900460E+01
   8.051506E+01   2.899738E+01
   8.050161E+01   2.899372E+01
   8.049424E+01   2.899459E+01
   8.048818E+01   2.899558E+01
   8.048539E+01   2.899843E+01
   8.048350E+01   2.899459E+01
   8.048565E+01   2.899205E+01
   8.048688E+01   2.898976E+01
   8.048865E+01   2.898633E+01
   8.048998E+01   2.898298E+01
   8.048320E+01   2.896961E+01
   8.047578E+01   2.895160E+01
   8.047052E+01   2.894125E+01
   8.047281E+01   2.893867E+01
   8.047822E+01   2.893686E+01
   8.048625E+01   2.892748E+01
   8.049112E+01   2.892402E+01
   8.049385E+01   2.892152E+01
   8.050496E+01   2.892456E+01
   8.050308E+01   2.891117E+01
   8.050675E+01   2.889829E+01
   8.050687E+01   2.889232E+01
   8.050371E+01   2.888229E+01
   8.050167E+01   2.887888E+01
   8.049705E+01   2.887551E+01
   8.049621E+01   2.887044E+01
   8.050208E+01   2.886864E+01
   8.050138E+01   2.886310E+01
   8.049868E+01   2.886076E+01
   8.049883E+01   2.885885E+01
   8.049719E+01   2.885777E+01
   8.049724E+01   2.885718E+01
   8.049661E+01   2.885379E+01
   8.050016E+01   2.885153E+01
   8.050044E+01   2.884887E+01
   8.050054E+01   2.884796E+01
   8.050205E+01   2.884810E+01
   8.050282E+01   2.884761E+01
   8.050251E+01   2.884606E+01
   8.050208E+01   2.884430E+01
   8.050265E+01   2.884269E+01
   8.050338E+01   2.884092E+01
   8.050421E+01   2.884033E+01
   8.050542E+01   2.884234E+01
   8.050618E+01   2.884168E+01
   8.050679E+01   2.884017E+01
   8.050789E+01   2.883967E+01
   8.050749E+01   2.883828E+01
   8.050535E+01   2.883777E+01
   8.050488E+01   2.883651E+01
   8.050647E+01   2.883597E+01
   8.050753E+01   2.883606E+01
   8.050806E+01   2.883467E+01
   8.050730E+01   2.883357E+01
   8.050627E+01   2.883291E+01
   8.050704E+01   2.883211E+01
   8.050808E+01   2.883157E+01
   8.050970E+01   2.883157E+01
   8.051097E+01   2.883137E+01
   8.051326E+01   2.883223E+01
   8.051407E+01   2.883464E+01
   8.051515E+01   2.883507E+01
   8.051847E+01   2.883106E+01
   8.051785E+01   2.882791E+01
   8.051589E+01   2.882678E+01
   8.051542E+01   2.882550E+01
   8.051433E+01   2.882462E+01
   8.051402E+01   2.882340E+01
   8.051582E+01   2.882295E+01
   8.051779E+01   2.882032E+01
   8.051679E+01   2.881839E+01
   8.051477E+01   2.881910E+01
   8.051063E+01   2.881615E+01
   8.051294E+01   2.881392E+01
   8.051657E+01   2.881087E+01
   8.051835E+01   2.881137E+01
   8.052216E+01   2.880918E+01
   8.052502E+01   2.880567E+01
   8.052792E+01   2.880295E+01
   8.052969E+01   2.880060E+01
   8.053049E+01   2.879688E+01
   8.053640E+01   2.879523E+01
   8.053882E+01   2.879580E+01
   8.053752E+01   2.879422E+01
   8.053688E+01   2.879160E+01
   8.053995E+01   2.878896E+01
   8.054852E+01   2.877745E+01
   8.054995E+01   2.877421E+01
   8.054911E+01   2.877275E+01
   8.054556E+01   2.877012E+01
   8.054097E+01   2.877025E+01
   8.053610E+01   2.877137E+01
   8.053437E+01   2.876941E+01
   8.053528E+01   2.876712E+01
   8.054024E+01   2.876219E+01
   8.054216E+01   2.875383E+01
   8.054559E+01   2.875072E+01
   8.054983E+01   2.875058E+01
   8.055725E+01   2.875397E+01
   8.055216E+01   2.874907E+01
   8.054878E+01   2.874356E+01
   8.054309E+01   2.874032E+01
   8.053766E+01   2.873777E+01
   8.054522E+01   2.873391E+01
   8.055284E+01   2.873057E+01
   8.055624E+01   2.872379E+01
   8.055585E+01   2.872132E+01
   8.055124E+01   2.871892E+01
   8.054941E+01   2.871724E+01
   8.054987E+01   2.871398E+01
   8.055017E+01   2.871166E+01
   8.054854E+01   2.871001E+01
   8.054578E+01   2.871024E+01
   8.054223E+01   2.871536E+01
   8.053921E+01   2.871629E+01
   8.053802E+01   2.871190E+01
   8.054102E+01   2.870418E+01
   8.054294E+01   2.869850E+01
   8.054682E+01   2.869565E+01
   8.055111E+01   2.869398E+01
   8.055539E+01   2.869077E+01
   8.056983E+01   2.868751E+01
   8.058222E+01   2.868295E+01
   8.058815E+01   2.867558E+01
   8.058497E+01   2.866986E+01
   8.058781E+01   2.865904E+01
   8.058990E+01   2.864812E+01
   8.060631E+01   2.865243E+01
   8.061126E+01   2.864124E+01
   8.061977E+01   2.863864E+01
   8.063610E+01   2.863971E+01
   8.064822E+01   2.863700E+01
   8.066084E+01   2.863855E+01
   8.067077E+01   2.862791E+01
   8.067856E+01   2.861342E+01
   8.069559E+01   2.860330E+01
   8.069013E+01   2.858716E+01
   8.070439E+01   2.857874E+01
   8.071467E+01   2.856839E+01
   8.073382E+01   2.856878E+01
   8.074109E+01   2.857378E+01
   8.075224E+01   2.857050E+01
   8.076911E+01   2.855954E+01
   8.077336E+01   2.854886E+01
   8.078875E+01   2.854522E+01
   8.078690E+01   2.853197E+01
   8.078780E+01   2.852502E+01
   8.080361E+01   2.852222E+01
   8.082369E+01   2.851604E+01
   8.083523E+01   2.850718E+01
   8.084549E+01   2.849551E+01
   8.085540E+01   2.849726E+01
   8.086169E+01   2.850450E+01
   8.087617E+01   2.851087E+01
   8.089104E+01   2.850724E+01
   8.090640E+01   2.849881E+01
   8.090624E+01   2.848959E+01
   8.090207E+01   2.848372E+01
   8.090556E+01   2.846614E+01
   8.091574E+01   2.845807E+01
   8.091898E+01   2.845994E+01
   8.093106E+01   2.845764E+01
   8.094084E+01   2.846780E+01
   8.094352E+01   2.846481E+01
   8.093361E+01   2.845861E+01
   8.094573E+01   2.845519E+01
   8.095225E+01   2.844793E+01
   8.096199E+01   2.844903E+01
   8.097961E+01   2.845554E+01
   8.096479E+01   2.844450E+01
   8.097096E+01   2.843628E+01
   8.097778E+01   2.844220E+01
   8.099107E+01   2.844381E+01
   8.101393E+01   2.845242E+01
   8.101700E+01   2.844813E+01
   8.101551E+01   2.843591E+01
   8.102965E+01   2.843828E+01
   8.103266E+01   2.843314E+01
   8.102087E+01   2.841876E+01
   8.102401E+01   2.840734E+01
   8.103364E+01   2.839904E+01
   8.103920E+01   2.841294E+01
   8.105070E+01   2.840731E+01
   8.105732E+01   2.840162E+01
   8.106738E+01   2.839984E+01
   8.105977E+01   2.840760E+01
   8.108529E+01   2.843905E+01
   8.109516E+01   2.845941E+01
   8.110843E+01   2.846147E+01
   8.113789E+01   2.849132E+01
   8.114864E+01   2.849745E+01
   8.116090E+01   2.850103E+01
   8.120846E+01   2.856152E+01
   8.124562E+01   2.859155E+01
   8.126146E+01   2.861359E+01
   8.127062E+01   2.863072E+01
   8.128688E+01   2.864839E+01
   8.128588E+01   2.866935E+01
   8.128116E+01   2.869024E+01
   8.127454E+01   2.869911E+01
   8.126690E+01   2.870629E+01
   8.127027E+01   2.872854E+01
   8.125506E+01   2.873607E+01
   8.126079E+01   2.875019E+01
   8.124984E+01   2.876850E+01
   8.122835E+01   2.878999E+01
   8.123892E+01   2.880362E+01
   8.122937E+01   2.881743E+01
   8.123317E+01   2.883135E+01
   8.120648E+01   2.884986E+01
   8.120763E+01   2.886001E+01
   8.120078E+01   2.886333E+01
   8.120029E+01   2.885263E+01
   8.120708E+01   2.882473E+01
   8.120156E+01   2.881736E+01
   8.117298E+01   2.883630E+01
   8.115255E+01   2.883130E+01
   8.114517E+01   2.887042E+01
   8.112681E+01   2.886196E+01
   8.111661E+01   2.885042E+01
   8.110354E+01   2.884531E+01
   8.109163E+01   2.885700E+01
   8.107693E+01   2.886305E+01
   8.107391E+01   2.887471E+01
   8.106465E+01   2.887575E+01
   8.105059E+01   2.887852E+01
   8.103956E+01   2.889054E+01
   8.100658E+01   2.892766E+01
   8.098595E+01   2.893472E+01
   8.098117E+01   2.893970E+01
   8.099258E+01   2.894835E+01
   8.100890E+01   2.895771E+01
   8.104600E+01   2.897498E+01
   8.106838E+01   2.897100E+01
   8.110318E+01   2.896512E+01
   8.113231E+01   2.894776E+01
   8.115588E+01   2.893300E+01
   8.116358E+01   2.892643E+01
   8.117767E+01   2.891838E+01
   8.118683E+01   2.891559E+01
   8.121278E+01   2.890730E+01
   8.123844E+01   2.890709E+01
   8.124195E+01   2.891486E+01
   8.125630E+01   2.890773E+01
   8.126943E+01   2.890467E+01
   8.127592E+01   2.891666E+01
   8.128400E+01   2.892262E+01
   8.129603E+01   2.892426E+01
   8.131058E+01   2.891985E+01
   8.132017E+01   2.891495E+01
   8.133367E+01   2.890879E+01
   8.133736E+01   2.890195E+01
   8.134147E+01   2.889357E+01
   8.135250E+01   2.889005E+01
   8.136623E+01   2.889117E+01
   8.137824E+01   2.889534E+01
   8.138802E+01   2.890108E+01
   8.139317E+01   2.890704E+01
   8.140347E+01   2.890888E+01
   8.142417E+01   2.890967E+01
   8.143401E+01   2.890836E+01
   8.144206E+01   2.889989E+01
   8.146470E+01   2.889389E+01
   8.146539E+01   2.888306E+01
   8.146559E+01   2.887024E+01
   8.146280E+01   2.885575E+01
   8.147265E+01   2.884980E+01
   8.148306E+01   2.884268E+01
   8.149003E+01   2.884143E+01
   8.149153E+01   2.883489E+01
   8.149611E+01   2.882513E+01
   8.150607E+01   2.881354E+01
   8.151609E+01   2.880768E+01
   8.152333E+01   2.880110E+01
   8.151869E+01   2.879624E+01
   8.151543E+01   2.878139E+01
   8.151992E+01   2.877669E+01
   8.153131E+01   2.876825E+01
   8.152375E+01   2.875328E+01
   8.152226E+01   2.874850E+01
   8.156727E+01   2.875455E+01
   8.158214E+01   2.876172E+01
   8.158074E+01   2.877209E+01
   8.157423E+01   2.878386E+01
   8.155678E+01   2.879777E+01
   8.155425E+01   2.880470E+01
   8.155248E+01   2.881220E+01
   8.154753E+01   2.882156E+01
   8.154349E+01   2.882931E+01
   8.153796E+01   2.883626E+01
   8.153779E+01   2.884283E+01
   8.153432E+01   2.885011E+01
   8.152703E+01   2.886026E+01
   8.152247E+01   2.886875E+01
   8.151543E+01   2.887364E+01
   8.151043E+01   2.888342E+01
   8.150904E+01   2.889012E+01
   8.150145E+01   2.888899E+01
   8.149039E+01   2.889541E+01
   8.148125E+01   2.890623E+01
   8.147807E+01   2.891160E+01
   8.146735E+01   2.892662E+01
   8.146539E+01   2.892968E+01
   8.146223E+01   2.892862E+01
   8.145527E+01   2.893081E+01
   8.145500E+01   2.893498E+01
   8.145062E+01   2.894076E+01
   8.144438E+01   2.894072E+01
   8.144504E+01   2.894863E+01
   8.144196E+01   2.896034E+01
   8.143203E+01   2.895704E+01
   8.142883E+01   2.896212E+01
   8.142714E+01   2.896530E+01
   8.142249E+01   2.896860E+01
   8.142531E+01   2.897614E+01
   8.142289E+01   2.898226E+01
   8.141920E+01   2.898915E+01
   8.141080E+01   2.899577E+01
   8.141497E+01   2.899849E+01
   8.141625E+01   2.900992E+01
   8.141338E+01   2.901802E+01
   8.142519E+01   2.902291E+01
   8.143173E+01   2.903515E+01
   8.143871E+01   2.904008E+01
   8.144308E+01   2.904887E+01
   8.145663E+01   2.906316E+01
   8.146410E+01   2.906541E+01
   8.146718E+01   2.907192E+01
   8.146873E+01   2.907802E+01
   8.148046E+01   2.908235E+01
   8.149224E+01   2.908777E+01
   8.150262E+01   2.909142E+01
   8.151155E+01   2.909164E+01
   8.151922E+01   2.909857E+01
   8.152510E+01   2.910488E+01
   8.153583E+01   2.910619E+01
   8.155546E+01   2.912294E+01
   8.155788E+01   2.912796E+01
   8.153589E+01   2.913636E+01
   8.153323E+01   2.914643E+01
   8.152491E+01   2.915308E+01
   8.151060E+01   2.915212E+01
   8.149894E+01   2.915244E+01
   8.149615E+01   2.915894E+01
   8.149492E+01   2.916934E+01
   8.148725E+01   2.917317E+01
   8.149037E+01   2.918155E+01
   8.148346E+01   2.919428E+01
   8.148063E+01   2.920292E+01
   8.148532E+01   2.922221E+01
   8.149899E+01   2.924049E+01
   8.149422E+01   2.925610E+01
   8.148726E+01   2.926531E+01
   8.148051E+01   2.927794E+01
   8.148879E+01   2.928787E+01
   8.150096E+01   2.929828E+01
   8.150792E+01   2.931453E+01
   8.151785E+01   2.931469E+01
   8.152447E+01   2.931723E+01
   8.152657E+01   2.931953E+01
   8.152953E+01   2.932634E+01
   8.153925E+01   2.933106E+01
   8.154974E+01   2.934302E+01
   8.155382E+01   2.935361E+01
   8.156030E+01   2.935291E+01
   8.157022E+01   2.935050E+01
   8.157745E+01   2.936298E+01
   8.158384E+01   2.936524E+01
   8.160416E+01   2.936726E+01
   8.161803E+01   2.937067E+01
   8.162698E+01   2.936594E+01
   8.163808E+01   2.935676E+01
   8.164221E+01   2.935233E+01
   8.164186E+01   2.933255E+01
   8.164632E+01   2.932311E+01
   8.165447E+01   2.932107E+01
   8.166400E+01   2.931923E+01
   8.167297E+01   2.931819E+01
   8.168270E+01   2.931918E+01
   8.170233E+01   2.933036E+01
   8.172251E+01   2.933210E+01
   8.174733E+01   2.932914E+01
   8.174654E+01   2.934425E+01
   8.174678E+01   2.934642E+01
   8.174847E+01   2.934746E+01
   8.175056E+01   2.934918E+01
   8.174998E+01   2.935373E+01
   8.174873E+01   2.936350E+01
   8.175769E+01   2.938203E+01
   8.176135E+01   2.938682E+01
   8.176636E+01   2.939062E+01
   8.177173E+01   2.939090E+01
   8.178960E+01   2.938982E+01
   8.179239E+01   2.939820E+01
   8.179747E+01   2.940691E+01
   8.179682E+01   2.941434E+01
   8.179937E+01   2.942706E+01
   8.180513E+01   2.943913E+01
   8.180355E+01   2.944976E+01
   8.180776E+01   2.945366E+01
   8.180439E+01   2.947487E+01
   8.178779E+01   2.949740E+01
   8.178066E+01   2.950911E+01
   8.177762E+01   2.951446E+01
   8.178125E+01   2.952065E+01
   8.179056E+01   2.952961E+01
   8.179283E+01   2.953223E+01
   8.179782E+01   2.955901E+01
   8.179825E+01   2.956807E+01
   8.179163E+01   2.958592E+01
   8.179051E+01   2.959307E+01
   8.178398E+01   2.959755E+01
   8.176915E+01   2.960684E+01
   8.173636E+01   2.960677E+01
   8.172861E+01   2.961318E+01
   8.172580E+01   2.961467E+01
   8.172051E+01   2.961990E+01
   8.171404E+01   2.962345E+01
   8.170920E+01   2.963310E+01
   8.170228E+01   2.964216E+01
   8.170023E+01   2.964815E+01
   8.169787E+01   2.967534E+01
   8.170270E+01   2.968818E+01
   8.170965E+01   2.970664E+01
   8.172287E+01   2.973040E+01
   8.172641E+01   2.974793E+01
   8.172962E+01   2.977004E+01
   8.174026E+01   2.979011E+01
   8.174856E+01   2.979791E+01
   8.175588E+01   2.979713E+01
   8.177977E+01   2.980664E+01
   8.178080E+01   2.983979E+01
   8.179392E+01   2.984966E+01
   8.179583E+01   2.986502E+01
   8.179573E+01   2.989139E+01
   8.179856E+01   2.989636E+01
