   8.010840E+01   2.898365E+01
   8.005888E+01   2.891612E+01
   8.006043E+01   2.889226E+01
   8.006407E+01   2.884619E+01
   8.006475E+01   2.883769E+01
   8.007423E+01   2.882548E+01
   8.008571E+01   2.882444E+01
   8.010249E+01   2.882641E+01
   8.011616E+01   2.882787E+01
   8.012948E+01   2.882040E+01
   8.014212E+01   2.881016E+01
   8.015353E+01   2.879883E+01
   8.016970E+01   2.878371E+01
   8.019872E+01   2.876600E+01
   8.021592E+01   2.875543E+01
   8.022450E+01   2.875728E+01
   8.023660E+01   2.875707E+01
   8.025060E+01   2.875778E+01
   8.026355E+01   2.874696E+01
   8.026191E+01   2.873217E+01
   8.026781E+01   2.872029E+01
   8.027748E+01   2.871066E+01
   8.028706E+01   2.871079E+01
   8.029906E+01   2.870649E+01
   8.030811E+01   2.870464E+01
   8.031263E+01   2.870229E+01
   8.032161E+01   2.869133E+01
   8.032240E+01   2.868477E+01
   8.032153E+01   2.868012E+01
   8.032464E+01   2.867289E+01
   8.033495E+01   2.866217E+01
   8.035090E+01   2.865179E+01
   8.035772E+01   2.864648E+01
   8.036082E+01   2.864498E+01
   8.035814E+01   2.864324E+01
   8.035773E+01   2.863929E+01
   8.035929E+01   2.863760E+01
   8.036309E+01   2.863448E+01
   8.036566E+01   2.863609E+01
   8.036942E+01   2.863480E+01
   8.037098E+01   2.863098E+01
   8.037199E+01   2.862899E+01
   8.037513E+01   2.862893E+01
   8.037792E+01   2.862969E+01
   8.038333E+01   2.863085E+01
   8.038510E+01   2.862979E+01
   8.038822E+01   2.863101E+01
   8.040445E+01   2.863489E+01
   8.041796E+01   2.863901E+01
   8.042401E+01   2.863714E+01
   8.042751E+01   2.863779E+01
   8.043473E+01   2.863653E+01
   8.044019E+01   2.863138E+01
   8.044620E+01   2.862870E+01
   8.046054E+01   2.862196E+01
   8.046035E+01   2.861819E+01
   8.046342E+01   2.861537E+01
   8.046212E+01   2.861299E+01
   8.046917E+01   2.859500E+01
   8.047219E+01   2.859065E+01
   8.047090E+01   2.858708E+01
   8.047051E+01   2.858292E+01
   8.048114E+01   2.858569E+01
   8.049488E+01   2.857637E+01
   8.049959E+01   2.856970E+01
   8.050623E+01   2.856894E+01
   8.051840E+01   2.855070E+01
   8.053072E+01   2.857246E+01
   8.052158E+01   2.857682E+01
   8.052000E+01   2.858722E+01
   8.051752E+01   2.860614E+01
   8.051255E+01   2.862146E+01
   8.050792E+01   2.864137E+01
   8.050549E+01   2.865584E+01
   8.050642E+01   2.867129E+01
   8.053965E+01   2.869075E+01
   8.055211E+01   2.869273E+01
   8.054851E+01   2.869546E+01
   8.054350E+01   2.869632E+01
   8.054064E+01   2.870227E+01
   8.054037E+01   2.870860E+01
   8.053741E+01   2.871585E+01
   8.054162E+01   2.871581E+01
   8.054514E+01   2.871088E+01
   8.054764E+01   2.870981E+01
   8.054982E+01   2.871099E+01
   8.055007E+01   2.871339E+01
   8.054933E+01   2.871612E+01
   8.055034E+01   2.871854E+01
   8.055458E+01   2.871950E+01
   8.055950E+01   2.872229E+01
   8.055404E+01   2.872770E+01
   8.054804E+01   2.873356E+01
   8.053806E+01   2.873641E+01
   8.054020E+01   2.874023E+01
   8.054715E+01   2.874215E+01
   8.055147E+01   2.874779E+01
   8.055670E+01   2.875255E+01
   8.055269E+01   2.875193E+01
   8.054713E+01   2.875014E+01
   8.054364E+01   2.875202E+01
   8.054078E+01   2.875984E+01
   8.053618E+01   2.876650E+01
   8.053435E+01   2.876839E+01
   8.053554E+01   2.877126E+01
   8.053922E+01   2.877101E+01
   8.054396E+01   2.876981E+01
   8.054787E+01   2.877135E+01
   8.055007E+01   2.877397E+01
   8.054867E+01   2.877672E+01
   8.054441E+01   2.878551E+01
   8.053735E+01   2.879101E+01
   8.053733E+01   2.879379E+01
   8.053874E+01   2.879476E+01
   8.053760E+01   2.879597E+01
   8.053224E+01   2.879596E+01
   8.053098E+01   2.879969E+01
   8.052868E+01   2.880222E+01
   8.052646E+01   2.880541E+01
   8.052310E+01   2.880793E+01
   8.051976E+01   2.881123E+01
   8.051686E+01   2.881049E+01
   8.051366E+01   2.881221E+01
   8.051071E+01   2.881504E+01
   8.051361E+01   2.881797E+01
   8.051570E+01   2.881850E+01
   8.051818E+01   2.881976E+01
   8.051729E+01   2.882191E+01
   8.051424E+01   2.882327E+01
   8.051398E+01   2.882416E+01
   8.051488E+01   2.882507E+01
   8.051532E+01   2.882634E+01
   8.051767E+01   2.882734E+01
   8.051864E+01   2.882990E+01
   8.051596E+01   2.883452E+01
   8.051415E+01   2.883473E+01
   8.051326E+01   2.883295E+01
   8.051225E+01   2.883129E+01
   8.051007E+01   2.883161E+01
   8.050892E+01   2.883119E+01
   8.050748E+01   2.883211E+01
   8.050625E+01   2.883241E+01
   8.050683E+01   2.883365E+01
   8.050793E+01   2.883396E+01
   8.050766E+01   2.883566E+01
   8.050687E+01   2.883594E+01
   8.050545E+01   2.883625E+01
   8.050464E+01   2.883761E+01
   8.050680E+01   2.883786E+01
   8.050799E+01   2.883939E+01
   8.050718E+01   2.884025E+01
   8.050633E+01   2.884123E+01
   8.050571E+01   2.884237E+01
   8.050476E+01   2.884079E+01
   8.050351E+01   2.884053E+01
   8.050312E+01   2.884179E+01
   8.050242E+01   2.884363E+01
   8.050263E+01   2.884548E+01
   8.050286E+01   2.884715E+01
   8.050238E+01   2.884799E+01
   8.050098E+01   2.884783E+01
   8.050065E+01   2.884838E+01
   8.050029E+01   2.885013E+01
   8.049841E+01   2.885356E+01
   8.049725E+01   2.885686E+01
   8.049690E+01   2.885761E+01
   8.049907E+01   2.885807E+01
   8.049783E+01   2.886021E+01
   8.049991E+01   2.886293E+01
   8.050168E+01   2.886625E+01
   8.049645E+01   2.886838E+01
   8.049585E+01   2.887347E+01
   8.049915E+01   2.887720E+01
   8.050481E+01   2.888029E+01
   8.050356E+01   2.888750E+01
   8.050754E+01   2.889596E+01
   8.050264E+01   2.890506E+01
   8.050858E+01   2.892205E+01
   8.049624E+01   2.892214E+01
   8.049193E+01   2.892324E+01
   8.048770E+01   2.892417E+01
   8.048166E+01   2.893500E+01
   8.047400E+01   2.893869E+01
   8.046726E+01   2.893756E+01
   8.047307E+01   2.894752E+01
   8.048078E+01   2.895806E+01
   8.048971E+01   2.898251E+01
   8.048945E+01   2.898592E+01
   8.048760E+01   2.898863E+01
   8.048622E+01   2.899102E+01
   8.048392E+01   2.899380E+01
   8.048534E+01   2.899749E+01
   8.048687E+01   2.899607E+01
   8.049044E+01   2.899475E+01
   8.049905E+01   2.899400E+01
   8.051198E+01   2.899625E+01
   8.051899E+01   2.900197E+01
   8.052315E+01   2.900722E+01
   8.052937E+01   2.901047E+01
   8.053461E+01   2.901368E+01
   8.053594E+01   2.901756E+01
   8.053341E+01   2.902226E+01
   8.053330E+01   2.902496E+01
   8.053379E+01   2.902991E+01
   8.053723E+01   2.903260E+01
   8.054005E+01   2.903622E+01
   8.054434E+01   2.903724E+01
   8.054523E+01   2.904318E+01
   8.054508E+01   2.905032E+01
   8.054924E+01   2.905123E+01
   8.055199E+01   2.905538E+01
   8.055737E+01   2.905928E+01
   8.055967E+01   2.906493E+01
   8.056131E+01   2.906890E+01
   8.055949E+01   2.907393E+01
   8.054340E+01   2.908182E+01
   8.053529E+01   2.908767E+01
   8.053113E+01   2.909194E+01
   8.052765E+01   2.909706E+01
   8.052604E+01   2.910261E+01
   8.052674E+01   2.910610E+01
   8.052973E+01   2.910633E+01
   8.054077E+01   2.910884E+01
   8.054373E+01   2.911105E+01
   8.054886E+01   2.911307E+01
   8.055337E+01   2.911452E+01
   8.055581E+01   2.911623E+01
   8.055922E+01   2.911617E+01
   8.056676E+01   2.911912E+01
   8.056848E+01   2.912305E+01
   8.057067E+01   2.912835E+01
   8.056978E+01   2.913337E+01
   8.056573E+01   2.913810E+01
   8.056551E+01   2.914419E+01
   8.057225E+01   2.914511E+01
   8.057802E+01   2.914725E+01
   8.059160E+01   2.914859E+01
   8.059251E+01   2.915186E+01
   8.059112E+01   2.915687E+01
   8.059333E+01   2.916484E+01
   8.059928E+01   2.917042E+01
   8.060335E+01   2.916989E+01
   8.060491E+01   2.917082E+01
   8.060980E+01   2.917469E+01
   8.061895E+01   2.918120E+01
   8.062593E+01   2.917652E+01
   8.063533E+01   2.917784E+01
   8.064312E+01   2.917928E+01
   8.065067E+01   2.918054E+01
   8.066338E+01   2.918326E+01
   8.067001E+01   2.918269E+01
   8.067613E+01   2.919064E+01
   8.068441E+01   2.919074E+01
   8.069640E+01   2.918738E+01
   8.070478E+01   2.919320E+01
   8.070621E+01   2.920764E+01
   8.070620E+01   2.921264E+01
   8.070388E+01   2.922169E+01
   8.070695E+01   2.922907E+01
   8.071693E+01   2.923615E+01
   8.072098E+01   2.923486E+01
   8.072261E+01   2.923602E+01
   8.072627E+01   2.923769E+01
   8.073289E+01   2.924212E+01
   8.073751E+01   2.924536E+01
   8.073922E+01   2.924689E+01
   8.073609E+01   2.924733E+01
   8.073993E+01   2.924879E+01
   8.074148E+01   2.925159E+01
   8.074572E+01   2.925304E+01
   8.074910E+01   2.925517E+01
   8.074892E+01   2.925595E+01
   8.074934E+01   2.925705E+01
   8.075045E+01   2.925913E+01
   8.075120E+01   2.926060E+01
   8.075226E+01   2.926170E+01
   8.075375E+01   2.926276E+01
   8.075379E+01   2.926451E+01
   8.075360E+01   2.926504E+01
   8.075458E+01   2.926447E+01
   8.075446E+01   2.926534E+01
   8.075442E+01   2.926620E+01
   8.075480E+01   2.926673E+01
   8.075565E+01   2.926743E+01
   8.075712E+01   2.926691E+01
   8.075662E+01   2.926830E+01
   8.075642E+01   2.926886E+01
   8.074815E+01   2.927442E+01
   8.074425E+01   2.927887E+01
   8.074121E+01   2.928699E+01
   8.073661E+01   2.928978E+01
   8.073298E+01   2.929339E+01
   8.073384E+01   2.929541E+01
   8.073495E+01   2.929702E+01
   8.073538E+01   2.929780E+01
   8.073474E+01   2.929919E+01
   8.073805E+01   2.930262E+01
   8.074268E+01   2.930237E+01
   8.074846E+01   2.930282E+01
   8.075134E+01   2.930536E+01
   8.075267E+01   2.930777E+01
   8.075821E+01   2.930808E+01
   8.076371E+01   2.930584E+01
   8.076599E+01   2.930198E+01
   8.076889E+01   2.930288E+01
   8.077265E+01   2.930104E+01
   8.077234E+01   2.931180E+01
   8.077142E+01   2.931884E+01
   8.076306E+01   2.932464E+01
   8.076126E+01   2.933440E+01
   8.075848E+01   2.934358E+01
   8.075944E+01   2.934937E+01
   8.076237E+01   2.935135E+01
   8.076126E+01   2.935807E+01
   8.076377E+01   2.936339E+01
   8.076676E+01   2.935777E+01
   8.077113E+01   2.936157E+01
   8.077918E+01   2.936472E+01
   8.079084E+01   2.936502E+01
   8.080265E+01   2.936497E+01
   8.081322E+01   2.936507E+01
   8.082152E+01   2.937012E+01
   8.083186E+01   2.937818E+01
   8.083685E+01   2.938066E+01
   8.084098E+01   2.937681E+01
   8.084952E+01   2.937585E+01
   8.085865E+01   2.938836E+01
   8.085943E+01   2.939916E+01
   8.085357E+01   2.940361E+01
   8.085168E+01   2.940769E+01
   8.085519E+01   2.940892E+01
   8.086187E+01   2.941462E+01
   8.086764E+01   2.941182E+01
   8.087620E+01   2.941326E+01
   8.088205E+01   2.941954E+01
   8.088927E+01   2.942344E+01
   8.089498E+01   2.942922E+01
   8.089948E+01   2.943290E+01
   8.090140E+01   2.943704E+01
   8.090665E+01   2.943829E+01
   8.090815E+01   2.944116E+01
   8.090190E+01   2.944443E+01
   8.089630E+01   2.944390E+01
   8.089325E+01   2.944379E+01
   8.088853E+01   2.944272E+01
   8.088513E+01   2.944253E+01
   8.088385E+01   2.944817E+01
   8.087661E+01   2.946229E+01
   8.087055E+01   2.946716E+01
   8.086066E+01   2.946659E+01
   8.085631E+01   2.946999E+01
   8.085637E+01   2.947567E+01
   8.085345E+01   2.947948E+01
   8.084624E+01   2.948636E+01
   8.083900E+01   2.949297E+01
   8.082358E+01   2.950036E+01
   8.082413E+01   2.951047E+01
   8.081863E+01   2.951336E+01
   8.081645E+01   2.951541E+01
   8.081385E+01   2.951432E+01
   8.081150E+01   2.951391E+01
   8.080746E+01   2.951399E+01
   8.080412E+01   2.951492E+01
   8.079815E+01   2.951043E+01
   8.079283E+01   2.950697E+01
   8.079032E+01   2.950593E+01
   8.078731E+01   2.950685E+01
   8.078629E+01   2.950969E+01
   8.078431E+01   2.951487E+01
   8.078171E+01   2.951943E+01
   8.078109E+01   2.952104E+01
   8.077998E+01   2.952361E+01
   8.077359E+01   2.952417E+01
   8.076382E+01   2.952665E+01
   8.076164E+01   2.952787E+01
   8.075462E+01   2.952966E+01
   8.075201E+01   2.953042E+01
   8.074823E+01   2.953116E+01
   8.074803E+01   2.953364E+01
   8.074838E+01   2.953898E+01
   8.074805E+01   2.954838E+01
   8.074761E+01   2.955577E+01
   8.075288E+01   2.955718E+01
   8.076000E+01   2.955571E+01
   8.077365E+01   2.955544E+01
   8.077646E+01   2.956001E+01
   8.077668E+01   2.956363E+01
   8.077570E+01   2.956564E+01
   8.077721E+01   2.956940E+01
   8.077845E+01   2.957396E+01
   8.077894E+01   2.957998E+01
   8.078254E+01   2.959104E+01
   8.078654E+01   2.960372E+01
   8.078758E+01   2.961124E+01
   8.078576E+01   2.961620E+01
   8.078278E+01   2.962223E+01
   8.078131E+01   2.963236E+01
   8.078632E+01   2.963744E+01
   8.078895E+01   2.964387E+01
   8.077838E+01   2.964375E+01
   8.076216E+01   2.964811E+01
   8.076291E+01   2.966183E+01
   8.077152E+01   2.966872E+01
   8.077906E+01   2.966662E+01
   8.077896E+01   2.966905E+01
   8.077965E+01   2.967311E+01
   8.078038E+01   2.967838E+01
   8.078616E+01   2.967836E+01
   8.078912E+01   2.967913E+01
   8.079231E+01   2.967860E+01
   8.079387E+01   2.968295E+01
   8.079940E+01   2.968745E+01
   8.081585E+01   2.968748E+01
   8.082884E+01   2.969215E+01
   8.085046E+01   2.969548E+01
   8.086404E+01   2.970657E+01
   8.090244E+01   2.972261E+01
   8.091550E+01   2.972576E+01
   8.093033E+01   2.973099E+01
   8.093429E+01   2.973403E+01
   8.094616E+01   2.973569E+01
   8.094921E+01   2.973275E+01
   8.095763E+01   2.972605E+01
   8.097443E+01   2.972352E+01
   8.097839E+01   2.972845E+01
   8.098442E+01   2.973413E+01
   8.098810E+01   2.974169E+01
   8.100352E+01   2.974102E+01
   8.102272E+01   2.974533E+01
   8.103100E+01   2.974272E+01
   8.104424E+01   2.975312E+01
   8.105963E+01   2.976179E+01
   8.106309E+01   2.977489E+01
   8.106209E+01   2.978908E+01
   8.106752E+01   2.979547E+01
   8.107031E+01   2.981144E+01
   8.106578E+01   2.982704E+01
   8.105389E+01   2.983337E+01
   8.103890E+01   2.984794E+01
   8.103731E+01   2.986165E+01
   8.103638E+01   2.986910E+01
   8.103697E+01   2.987717E+01
   8.103393E+01   2.989527E+01
   8.102968E+01   2.990362E+01
   8.102219E+01   2.991332E+01
   8.101596E+01   2.991327E+01
   8.100182E+01   2.992239E+01
   8.100243E+01   2.993372E+01
   8.100804E+01   2.994184E+01
   8.101123E+01   2.994566E+01
   8.101646E+01   2.995600E+01
   8.101726E+01   2.996751E+01
   8.101768E+01   2.997636E+01
   8.101549E+01   2.998120E+01
   8.102479E+01   2.998666E+01
   8.103293E+01   3.000130E+01
   8.103760E+01   3.000964E+01
   8.103884E+01   3.001432E+01
   8.104462E+01   3.001926E+01
   8.105505E+01   3.002652E+01
   8.106413E+01   3.003718E+01
   8.107133E+01   3.004435E+01
   8.107934E+01   3.004771E+01
   8.109198E+01   3.005328E+01
   8.109800E+01   3.006409E+01
   8.109951E+01   3.006969E+01
   8.110026E+01   3.007362E+01
   8.110662E+01   3.007801E+01
   8.110859E+01   3.008240E+01
   8.110768E+01   3.008830E+01
   8.110314E+01   3.009465E+01
   8.109663E+01   3.010070E+01
   8.108952E+01   3.009904E+01
   8.108211E+01   3.009949E+01
   8.108453E+01   3.010947E+01
   8.108499E+01   3.011537E+01
   8.108242E+01   3.012142E+01
   8.108030E+01   3.012339E+01
   8.108181E+01   3.013398E+01
   8.108242E+01   3.014124E+01
   8.108287E+01   3.014684E+01
   8.108060E+01   3.015092E+01
   8.107152E+01   3.015682E+01
   8.106804E+01   3.015773E+01
   8.106351E+01   3.015879E+01
   8.106154E+01   3.016257E+01
   8.105973E+01   3.016771E+01
   8.105534E+01   3.017058E+01
   8.105367E+01   3.017467E+01
   8.105020E+01   3.017936E+01
   8.104384E+01   3.018117E+01
   8.104369E+01   3.018858E+01
   8.103991E+01   3.019418E+01
   8.103443E+01   3.019720E+01
   8.102870E+01   3.019537E+01
   8.102080E+01   3.019555E+01
   8.099498E+01   3.018554E+01
   8.096863E+01   3.018607E+01
   8.094017E+01   3.017975E+01
   8.092330E+01   3.019450E+01
   8.092778E+01   3.021285E+01
   8.092284E+01   3.022096E+01
   8.092024E+01   3.022662E+01
   8.091873E+01   3.022702E+01
   8.091740E+01   3.022637E+01
   8.091672E+01   3.022574E+01
   8.091569E+01   3.022471E+01
   8.091511E+01   3.022431E+01
   8.091382E+01   3.022377E+01
   8.091324E+01   3.022388E+01
   8.091235E+01   3.022383E+01
   8.091162E+01   3.022378E+01
   8.091073E+01   3.022336E+01
   8.090976E+01   3.022280E+01
   8.090888E+01   3.022177E+01
   8.090829E+01   3.022164E+01
   8.090716E+01   3.022093E+01
   8.090657E+01   3.022015E+01
   8.090641E+01   3.021967E+01
   8.090572E+01   3.021902E+01
   8.090518E+01   3.021860E+01
   8.090405E+01   3.021774E+01
   8.090344E+01   3.021643E+01
   8.090285E+01   3.021540E+01
   8.090263E+01   3.021470E+01
   8.090209E+01   3.021398E+01
   8.090068E+01   3.021367E+01
   8.089915E+01   3.021338E+01
   8.089797E+01   3.021298E+01
   8.089713E+01   3.021247E+01
   8.089599E+01   3.021130E+01
   8.089549E+01   3.020998E+01
   8.089510E+01   3.020877E+01
   8.089432E+01   3.020617E+01
   8.089057E+01   3.020232E+01
   8.088693E+01   3.019676E+01
   8.088563E+01   3.018801E+01
   8.087549E+01   3.017900E+01
   8.086541E+01   3.017213E+01
   8.086385E+01   3.016728E+01
   8.086874E+01   3.016358E+01
   8.087172E+01   3.016058E+01
   8.087152E+01   3.015657E+01
   8.087141E+01   3.015334E+01
   8.087206E+01   3.014999E+01
   8.087531E+01   3.014251E+01
   8.087611E+01   3.013880E+01
   8.087737E+01   3.013589E+01
   8.087830E+01   3.013067E+01
   8.087562E+01   3.012692E+01
   8.087341E+01   3.012602E+01
   8.086895E+01   3.012564E+01
   8.085970E+01   3.012203E+01
   8.085417E+01   3.011952E+01
   8.085073E+01   3.011821E+01
   8.084595E+01   3.011653E+01
   8.084263E+01   3.011346E+01
   8.084238E+01   3.010900E+01
   8.084491E+01   3.010743E+01
   8.084544E+01   3.010387E+01
   8.084236E+01   3.010108E+01
   8.083858E+01   3.009866E+01
   8.083168E+01   3.009712E+01
   8.082607E+01   3.010002E+01
   8.082202E+01   3.009988E+01
   8.081877E+01   3.009658E+01
   8.081580E+01   3.009640E+01
   8.081410E+01   3.009536E+01
   8.081364E+01   3.009290E+01
   8.080932E+01   3.009072E+01
   8.080562E+01   3.008991E+01
   8.080393E+01   3.008801E+01
   8.080091E+01   3.008386E+01
   8.079906E+01   3.008070E+01
   8.079452E+01   3.007766E+01
   8.079109E+01   3.007316E+01
   8.078897E+01   3.007230E+01
   8.078752E+01   3.006762E+01
   8.078351E+01   3.006153E+01
   8.078024E+01   3.005759E+01
   8.077646E+01   3.005444E+01
   8.077170E+01   3.005368E+01
   8.076055E+01   3.004801E+01
   8.075819E+01   3.004434E+01
   8.075586E+01   3.003998E+01
   8.075519E+01   3.003123E+01
   8.075735E+01   3.002605E+01
   8.075390E+01   3.002008E+01
   8.074955E+01   3.000967E+01
   8.074426E+01   3.000366E+01
   8.073834E+01   2.999908E+01
   8.072447E+01   2.999963E+01
   8.071587E+01   2.999395E+01
   8.071273E+01   2.998997E+01
   8.070389E+01   2.998407E+01
   8.070038E+01   2.998000E+01
   8.069708E+01   2.997962E+01
   8.069372E+01   2.997721E+01
   8.068941E+01   2.997306E+01
   8.068684E+01   2.996961E+01
   8.068271E+01   2.996281E+01
   8.067989E+01   2.996098E+01
   8.067522E+01   2.995743E+01
   8.066995E+01   2.995721E+01
   8.066471E+01   2.995725E+01
   8.065631E+01   2.995510E+01
   8.064522E+01   2.995728E+01
   8.063956E+01   2.996031E+01
   8.063772E+01   2.996330E+01
   8.062855E+01   2.996524E+01
   8.062330E+01   2.996427E+01
   8.061497E+01   2.996104E+01
   8.060718E+01   2.995870E+01
   8.059569E+01   2.995350E+01
   8.058167E+01   2.993724E+01
   8.057836E+01   2.993063E+01
   8.057401E+01   2.992344E+01
   8.057075E+01   2.991507E+01
   8.056906E+01   2.990872E+01
   8.057068E+01   2.990333E+01
   8.057059E+01   2.989831E+01
   8.057193E+01   2.989440E+01
   8.057004E+01   2.989071E+01
   8.056574E+01   2.987897E+01
   8.055985E+01   2.987465E+01
   8.055764E+01   2.986839E+01
   8.056125E+01   2.986646E+01
   8.055647E+01   2.986304E+01
   8.055127E+01   2.985607E+01
   8.055289E+01   2.985071E+01
   8.054858E+01   2.985042E+01
   8.054342E+01   2.984629E+01
   8.053776E+01   2.984448E+01
   8.053386E+01   2.983822E+01
   8.052811E+01   2.983349E+01
   8.052362E+01   2.983061E+01
   8.051756E+01   2.982545E+01
   8.050714E+01   2.982310E+01
   8.050172E+01   2.981776E+01
   8.049882E+01   2.981252E+01
   8.049850E+01   2.981018E+01
   8.050009E+01   2.980883E+01
   8.049532E+01   2.980461E+01
   8.049233E+01   2.980170E+01
   8.049441E+01   2.979868E+01
   8.049409E+01   2.979583E+01
   8.048594E+01   2.979588E+01
   8.048015E+01   2.979526E+01
   8.047666E+01   2.979790E+01
   8.046423E+01   2.980234E+01
   8.045577E+01   2.980263E+01
   8.044654E+01   2.979874E+01
   8.044085E+01   2.980079E+01
   8.043648E+01   2.980619E+01
   8.043291E+01   2.980249E+01
   8.043024E+01   2.979886E+01
   8.042145E+01   2.979594E+01
   8.041405E+01   2.979383E+01
   8.041229E+01   2.979184E+01
   8.040861E+01   2.979472E+01
   8.040655E+01   2.979428E+01
   8.040661E+01   2.979031E+01
   8.040682E+01   2.978660E+01
   8.040473E+01   2.978324E+01
   8.040487E+01   2.977967E+01
   8.040276E+01   2.977667E+01
   8.039850E+01   2.976706E+01
   8.039731E+01   2.976152E+01
   8.039633E+01   2.975838E+01
   8.039331E+01   2.975863E+01
   8.038528E+01   2.975859E+01
   8.038652E+01   2.975164E+01
   8.038086E+01   2.975066E+01
   8.037572E+01   2.975002E+01
   8.037311E+01   2.974939E+01
   8.037058E+01   2.974995E+01
   8.036857E+01   2.975081E+01
   8.036663E+01   2.974935E+01
   8.036487E+01   2.974502E+01
   8.036517E+01   2.974185E+01
   8.036463E+01   2.973996E+01
   8.036754E+01   2.973651E+01
   8.036958E+01   2.973446E+01
   8.036936E+01   2.973287E+01
   8.036625E+01   2.972993E+01
   8.036633E+01   2.972438E+01
   8.036870E+01   2.972166E+01
   8.037337E+01   2.972139E+01
   8.037554E+01   2.972077E+01
   8.037629E+01   2.971919E+01
   8.037280E+01   2.971686E+01
   8.037232E+01   2.971488E+01
   8.037407E+01   2.971294E+01
   8.037486E+01   2.970819E+01
   8.037839E+01   2.970178E+01
   8.037966E+01   2.969880E+01
   8.038019E+01   2.969014E+01
   8.038141E+01   2.968771E+01
   8.038486E+01   2.968501E+01
   8.038394E+01   2.968054E+01
   8.038373E+01   2.967632E+01
   8.038499E+01   2.967370E+01
   8.038977E+01   2.967180E+01
   8.039009E+01   2.967061E+01
   8.038968E+01   2.966850E+01
   8.038940E+01   2.966621E+01
   8.039057E+01   2.966427E+01
   8.039789E+01   2.966215E+01
   8.039841E+01   2.965955E+01
   8.040095E+01   2.965920E+01
   8.040578E+01   2.965948E+01
   8.040797E+01   2.965781E+01
   8.040904E+01   2.965546E+01
   8.041047E+01   2.965371E+01
   8.041324E+01   2.965418E+01
   8.041498E+01   2.965350E+01
   8.041629E+01   2.965073E+01
   8.041477E+01   2.964786E+01
   8.041407E+01   2.964460E+01
   8.041430E+01   2.964321E+01
   8.041948E+01   2.963960E+01
   8.042010E+01   2.963767E+01
   8.041960E+01   2.963377E+01
   8.042018E+01   2.963270E+01
   8.042092E+01   2.963122E+01
   8.042076E+01   2.962978E+01
   8.041843E+01   2.962664E+01
   8.041311E+01   2.962629E+01
   8.041059E+01   2.962504E+01
   8.040778E+01   2.961914E+01
   8.040770E+01   2.961440E+01
   8.040583E+01   2.961313E+01
   8.040764E+01   2.960973E+01
   8.040819E+01   2.959707E+01
   8.040397E+01   2.959066E+01
   8.040104E+01   2.958762E+01
   8.039778E+01   2.958668E+01
   8.039639E+01   2.958444E+01
   8.039122E+01   2.958128E+01
   8.039053E+01   2.957615E+01
   8.038832E+01   2.957225E+01
   8.038338E+01   2.957138E+01
   8.037903E+01   2.957148E+01
   8.037848E+01   2.956996E+01
   8.037945E+01   2.956207E+01
   8.037792E+01   2.956065E+01
   8.037092E+01   2.956291E+01
   8.036586E+01   2.956321E+01
   8.036335E+01   2.956391E+01
   8.036213E+01   2.956232E+01
   8.036345E+01   2.955874E+01
   8.036437E+01   2.955721E+01
   8.036192E+01   2.955602E+01
   8.035849E+01   2.955547E+01
   8.035447E+01   2.955520E+01
   8.034769E+01   2.955509E+01
   8.034572E+01   2.955396E+01
   8.034257E+01   2.955287E+01
   8.034357E+01   2.955084E+01
   8.034587E+01   2.954862E+01
   8.034141E+01   2.954241E+01
   8.034176E+01   2.954050E+01
   8.034360E+01   2.953992E+01
   8.034720E+01   2.954042E+01
   8.034970E+01   2.953983E+01
   8.035152E+01   2.953652E+01
   8.035657E+01   2.953448E+01
   8.035786E+01   2.953314E+01
   8.035769E+01   2.953105E+01
   8.035620E+01   2.952873E+01
   8.035443E+01   2.952700E+01
   8.034954E+01   2.952536E+01
   8.034824E+01   2.952394E+01
   8.034948E+01   2.952083E+01
   8.034977E+01   2.951886E+01
   8.034764E+01   2.951694E+01
   8.034383E+01   2.951221E+01
   8.034077E+01   2.950979E+01
   8.033720E+01   2.951138E+01
   8.033399E+01   2.951323E+01
   8.033199E+01   2.951297E+01
   8.033107E+01   2.951082E+01
   8.032975E+01   2.950633E+01
   8.032755E+01   2.950496E+01
   8.031699E+01   2.950085E+01
   8.031369E+01   2.949879E+01
   8.031291E+01   2.949684E+01
   8.031355E+01   2.949418E+01
   8.031460E+01   2.949144E+01
   8.031415E+01   2.948678E+01
   8.031284E+01   2.948428E+01
   8.031168E+01   2.948474E+01
   8.031009E+01   2.948537E+01
   8.030434E+01   2.948606E+01
   8.030156E+01   2.948988E+01
   8.029977E+01   2.949055E+01
   8.029738E+01   2.948945E+01
   8.029634E+01   2.948795E+01
   8.029663E+01   2.948511E+01
   8.029471E+01   2.948143E+01
   8.029209E+01   2.947844E+01
   8.028791E+01   2.947779E+01
   8.028685E+01   2.947672E+01
   8.028817E+01   2.947214E+01
   8.029202E+01   2.946680E+01
   8.029531E+01   2.946210E+01
   8.030134E+01   2.945674E+01
   8.030232E+01   2.945271E+01
   8.029803E+01   2.945159E+01
   8.029386E+01   2.945349E+01
   8.028761E+01   2.945145E+01
   8.028156E+01   2.945127E+01
   8.027924E+01   2.945376E+01
   8.028065E+01   2.945700E+01
   8.027934E+01   2.945850E+01
   8.027580E+01   2.945850E+01
   8.027163E+01   2.945715E+01
   8.026921E+01   2.945538E+01
   8.026945E+01   2.945385E+01
   8.027156E+01   2.945385E+01
   8.027473E+01   2.945179E+01
   8.027424E+01   2.944956E+01
   8.027188E+01   2.945001E+01
   8.026900E+01   2.944987E+01
   8.026740E+01   2.944865E+01
   8.026426E+01   2.944922E+01
   8.025986E+01   2.945107E+01
   8.025811E+01   2.945151E+01
   8.025676E+01   2.945081E+01
   8.025622E+01   2.944865E+01
   8.025435E+01   2.944769E+01
   8.025070E+01   2.944699E+01
   8.024542E+01   2.944661E+01
   8.024285E+01   2.944403E+01
   8.024520E+01   2.943956E+01
   8.024736E+01   2.943299E+01
   8.024661E+01   2.943000E+01
   8.024407E+01   2.942364E+01
   8.024581E+01   2.941677E+01
   8.024199E+01   2.941219E+01
   8.024469E+01   2.940885E+01
   8.024839E+01   2.940609E+01
   8.025706E+01   2.940131E+01
   8.026708E+01   2.939618E+01
   8.027217E+01   2.939515E+01
   8.027564E+01   2.939205E+01
   8.027304E+01   2.938802E+01
   8.027780E+01   2.938070E+01
   8.027569E+01   2.937716E+01
   8.027179E+01   2.937176E+01
   8.027163E+01   2.936888E+01
   8.027163E+01   2.936285E+01
   8.027950E+01   2.935718E+01
   8.027911E+01   2.935056E+01
   8.028161E+01   2.934471E+01
   8.028648E+01   2.933888E+01
   8.029119E+01   2.933603E+01
   8.029088E+01   2.933090E+01
   8.029644E+01   2.932372E+01
   8.030233E+01   2.932310E+01
   8.031093E+01   2.932073E+01
   8.031681E+01   2.931444E+01
   8.031547E+01   2.930881E+01
   8.031859E+01   2.930335E+01
   8.031328E+01   2.929470E+01
   8.030714E+01   2.929003E+01
   8.030449E+01   2.927672E+01
   8.029940E+01   2.926208E+01
   8.029882E+01   2.925177E+01
   8.030093E+01   2.924223E+01
   8.029349E+01   2.923449E+01
   8.029267E+01   2.922718E+01
   8.029639E+01   2.921919E+01
   8.029383E+01   2.921130E+01
   8.029783E+01   2.920686E+01
   8.029268E+01   2.919654E+01
   8.028434E+01   2.919677E+01
   8.027595E+01   2.920747E+01
   8.026655E+01   2.920580E+01
   8.025760E+01   2.921125E+01
   8.025595E+01   2.922014E+01
   8.024719E+01   2.922037E+01
   8.024403E+01   2.921256E+01
   8.024325E+01   2.920769E+01
   8.024144E+01   2.920117E+01
   8.025178E+01   2.919457E+01
   8.025923E+01   2.918119E+01
   8.025840E+01   2.916984E+01
   8.026039E+01   2.916170E+01
   8.027268E+01   2.914284E+01
   8.026435E+01   2.913914E+01
   8.025156E+01   2.913609E+01
   8.024668E+01   2.912744E+01
   8.023752E+01   2.912003E+01
   8.023151E+01   2.911628E+01
   8.022123E+01   2.912016E+01
   8.021376E+01   2.912213E+01
   8.020594E+01   2.912487E+01
   8.020211E+01   2.913004E+01
   8.019726E+01   2.913046E+01
   8.018785E+01   2.913549E+01
   8.018385E+01   2.913733E+01
   8.017924E+01   2.913177E+01
   8.017474E+01   2.912656E+01
   8.016797E+01   2.912622E+01
   8.016520E+01   2.911659E+01
   8.014526E+01   2.910464E+01
   8.013340E+01   2.906075E+01
   8.012936E+01   2.904091E+01
   8.012694E+01   2.903407E+01
   8.012979E+01   2.902603E+01
   8.012620E+01   2.901725E+01
   8.012490E+01   2.901297E+01
   8.013192E+01   2.901088E+01
   8.012676E+01   2.900608E+01
   8.011986E+01   2.898662E+01
   8.010840E+01   2.898365E+01
   8.010840E+01   2.898365E+01
   8.005888E+01   2.891612E+01
   8.006043E+01   2.889226E+01
   8.006407E+01   2.884619E+01
   8.006475E+01   2.883769E+01
   8.007423E+01   2.882548E+01
   8.008571E+01   2.882444E+01
   8.010249E+01   2.882641E+01
   8.011616E+01   2.882787E+01
   8.012948E+01   2.882040E+01
   8.014212E+01   2.881016E+01
   8.015353E+01   2.879883E+01
   8.016970E+01   2.878371E+01
   8.019872E+01   2.876600E+01
   8.021592E+01   2.875543E+01
   8.022450E+01   2.875728E+01
   8.023660E+01   2.875707E+01
   8.025060E+01   2.875778E+01
   8.026355E+01   2.874696E+01
   8.026191E+01   2.873217E+01
   8.026781E+01   2.872029E+01
   8.027748E+01   2.871066E+01
   8.028706E+01   2.871079E+01
   8.029906E+01   2.870649E+01
   8.030811E+01   2.870464E+01
   8.031263E+01   2.870229E+01
   8.032161E+01   2.869133E+01
   8.032240E+01   2.868477E+01
   8.032153E+01   2.868012E+01
   8.032464E+01   2.867289E+01
   8.033495E+01   2.866217E+01
   8.035090E+01   2.865179E+01
   8.035772E+01   2.864648E+01
   8.036082E+01   2.864498E+01
   8.035814E+01   2.864324E+01
   8.035773E+01   2.863929E+01
   8.035929E+01   2.863760E+01
   8.036309E+01   2.863448E+01
   8.036566E+01   2.863609E+01
   8.036942E+01   2.863480E+01
   8.037098E+01   2.863098E+01
   8.037199E+01   2.862899E+01
   8.037513E+01   2.862893E+01
   8.037792E+01   2.862969E+01
   8.038333E+01   2.863085E+01
   8.038510E+01   2.862979E+01
   8.038822E+01   2.863101E+01
   8.040445E+01   2.863489E+01
   8.041796E+01   2.863901E+01
   8.042401E+01   2.863714E+01
   8.042751E+01   2.863779E+01
   8.043473E+01   2.863653E+01
   8.044019E+01   2.863138E+01
   8.044620E+01   2.862870E+01
   8.046054E+01   2.862196E+01
   8.046035E+01   2.861819E+01
   8.046342E+01   2.861537E+01
   8.046212E+01   2.861299E+01
   8.046917E+01   2.859500E+01
   8.047219E+01   2.859065E+01
   8.047090E+01   2.858708E+01
   8.047051E+01   2.858292E+01
   8.048114E+01   2.858569E+01
   8.049488E+01   2.857637E+01
   8.049959E+01   2.856970E+01
   8.050623E+01   2.856894E+01
   8.051840E+01   2.855070E+01
   8.053072E+01   2.857246E+01
   8.052158E+01   2.857682E+01
   8.052000E+01   2.858722E+01
   8.051752E+01   2.860614E+01
   8.051255E+01   2.862146E+01
   8.050792E+01   2.864137E+01
   8.050549E+01   2.865584E+01
   8.050642E+01   2.867129E+01
   8.053965E+01   2.869075E+01
   8.055211E+01   2.869273E+01
   8.054851E+01   2.869546E+01
   8.054350E+01   2.869632E+01
   8.054064E+01   2.870227E+01
   8.054037E+01   2.870860E+01
   8.053741E+01   2.871585E+01
   8.054162E+01   2.871581E+01
   8.054514E+01   2.871088E+01
   8.054764E+01   2.870981E+01
   8.054982E+01   2.871099E+01
   8.055007E+01   2.871339E+01
   8.054933E+01   2.871612E+01
   8.055034E+01   2.871854E+01
   8.055458E+01   2.871950E+01
   8.055950E+01   2.872229E+01
   8.055404E+01   2.872770E+01
   8.054804E+01   2.873356E+01
   8.053806E+01   2.873641E+01
   8.054020E+01   2.874023E+01
   8.054715E+01   2.874215E+01
   8.055147E+01   2.874779E+01
   8.055670E+01   2.875255E+01
   8.055269E+01   2.875193E+01
   8.054713E+01   2.875014E+01
   8.054364E+01   2.875202E+01
   8.054078E+01   2.875984E+01
   8.053618E+01   2.876650E+01
   8.053435E+01   2.876839E+01
   8.053554E+01   2.877126E+01
   8.053922E+01   2.877101E+01
   8.054396E+01   2.876981E+01
   8.054787E+01   2.877135E+01
   8.055007E+01   2.877397E+01
   8.054867E+01   2.877672E+01
   8.054441E+01   2.878551E+01
   8.053735E+01   2.879101E+01
   8.053733E+01   2.879379E+01
   8.053874E+01   2.879476E+01
   8.053760E+01   2.879597E+01
   8.053224E+01   2.879596E+01
   8.053098E+01   2.879969E+01
   8.052868E+01   2.880222E+01
   8.052646E+01   2.880541E+01
   8.052310E+01   2.880793E+01
   8.051976E+01   2.881123E+01
   8.051686E+01   2.881049E+01
   8.051366E+01   2.881221E+01
   8.051071E+01   2.881504E+01
   8.051361E+01   2.881797E+01
   8.051570E+01   2.881850E+01
   8.051818E+01   2.881976E+01
   8.051729E+01   2.882191E+01
   8.051424E+01   2.882327E+01
   8.051398E+01   2.882416E+01
   8.051488E+01   2.882507E+01
   8.051532E+01   2.882634E+01
   8.051767E+01   2.882734E+01
   8.051864E+01   2.882990E+01
   8.051596E+01   2.883452E+01
   8.051415E+01   2.883473E+01
   8.051326E+01   2.883295E+01
   8.051225E+01   2.883129E+01
   8.051007E+01   2.883161E+01
   8.050892E+01   2.883119E+01
   8.050748E+01   2.883211E+01
   8.050625E+01   2.883241E+01
   8.050683E+01   2.883365E+01
   8.050793E+01   2.883396E+01
   8.050766E+01   2.883566E+01
   8.050687E+01   2.883594E+01
   8.050545E+01   2.883625E+01
   8.050464E+01   2.883761E+01
   8.050680E+01   2.883786E+01
   8.050799E+01   2.883939E+01
   8.050718E+01   2.884025E+01
   8.050633E+01   2.884123E+01
   8.050571E+01   2.884237E+01
   8.050476E+01   2.884079E+01
   8.050351E+01   2.884053E+01
   8.050312E+01   2.884179E+01
   8.050242E+01   2.884363E+01
   8.050263E+01   2.884548E+01
   8.050286E+01   2.884715E+01
   8.050238E+01   2.884799E+01
   8.050098E+01   2.884783E+01
   8.050065E+01   2.884838E+01
   8.050029E+01   2.885013E+01
   8.049841E+01   2.885356E+01
   8.049725E+01   2.885686E+01
   8.049690E+01   2.885761E+01
   8.049907E+01   2.885807E+01
   8.049783E+01   2.886021E+01
   8.049991E+01   2.886293E+01
   8.050168E+01   2.886625E+01
   8.049645E+01   2.886838E+01
   8.049585E+01   2.887347E+01
   8.049915E+01   2.887720E+01
   8.050481E+01   2.888029E+01
   8.050356E+01   2.888750E+01
   8.050754E+01   2.889596E+01
   8.050264E+01   2.890506E+01
   8.050858E+01   2.892205E+01
   8.049624E+01   2.892214E+01
   8.049193E+01   2.892324E+01
   8.048770E+01   2.892417E+01
   8.048166E+01   2.893500E+01
   8.047400E+01   2.893869E+01
   8.046726E+01   2.893756E+01
   8.047307E+01   2.894752E+01
   8.048078E+01   2.895806E+01
   8.048971E+01   2.898251E+01
   8.048945E+01   2.898592E+01
   8.048760E+01   2.898863E+01
   8.048622E+01   2.899102E+01
   8.048392E+01   2.899380E+01
   8.048534E+01   2.899749E+01
   8.048687E+01   2.899607E+01
   8.049044E+01   2.899475E+01
   8.049905E+01   2.899400E+01
   8.051198E+01   2.899625E+01
   8.051899E+01   2.900197E+01
   8.052315E+01   2.900722E+01
   8.052937E+01   2.901047E+01
   8.053461E+01   2.901368E+01
   8.053594E+01   2.901756E+01
   8.053341E+01   2.902226E+01
   8.053330E+01   2.902496E+01
   8.053379E+01   2.902991E+01
   8.053723E+01   2.903260E+01
   8.054005E+01   2.903622E+01
   8.054434E+01   2.903724E+01
   8.054523E+01   2.904318E+01
   8.054508E+01   2.905032E+01
   8.054924E+01   2.905123E+01
   8.055199E+01   2.905538E+01
   8.055737E+01   2.905928E+01
   8.055967E+01   2.906493E+01
   8.056131E+01   2.906890E+01
   8.055949E+01   2.907393E+01
   8.054340E+01   2.908182E+01
   8.053529E+01   2.908767E+01
   8.053113E+01   2.909194E+01
   8.052765E+01   2.909706E+01
   8.052604E+01   2.910261E+01
   8.052674E+01   2.910610E+01
   8.052973E+01   2.910633E+01
   8.054077E+01   2.910884E+01
   8.054373E+01   2.911105E+01
   8.054886E+01   2.911307E+01
   8.055337E+01   2.911452E+01
   8.055581E+01   2.911623E+01
   8.055922E+01   2.911617E+01
   8.056676E+01   2.911912E+01
   8.056848E+01   2.912305E+01
   8.057067E+01   2.912835E+01
   8.056978E+01   2.913337E+01
   8.056573E+01   2.913810E+01
   8.056551E+01   2.914419E+01
   8.057225E+01   2.914511E+01
   8.057802E+01   2.914725E+01
   8.059160E+01   2.914859E+01
   8.059251E+01   2.915186E+01
   8.059112E+01   2.915687E+01
   8.059333E+01   2.916484E+01
   8.059928E+01   2.917042E+01
   8.060335E+01   2.916989E+01
   8.060491E+01   2.917082E+01
   8.060980E+01   2.917469E+01
   8.061895E+01   2.918120E+01
   8.062593E+01   2.917652E+01
   8.063533E+01   2.917784E+01
   8.064312E+01   2.917928E+01
   8.065067E+01   2.918054E+01
   8.066338E+01   2.918326E+01
   8.067001E+01   2.918269E+01
   8.067613E+01   2.919064E+01
   8.068441E+01   2.919074E+01
   8.069640E+01   2.918738E+01
   8.070478E+01   2.919320E+01
   8.070621E+01   2.920764E+01
   8.070620E+01   2.921264E+01
   8.070388E+01   2.922169E+01
   8.070695E+01   2.922907E+01
   8.071693E+01   2.923615E+01
   8.072098E+01   2.923486E+01
   8.072261E+01   2.923602E+01
   8.072627E+01   2.923769E+01
   8.073289E+01   2.924212E+01
   8.073751E+01   2.924536E+01
   8.073922E+01   2.924689E+01
   8.073609E+01   2.924733E+01
   8.073993E+01   2.924879E+01
   8.074148E+01   2.925159E+01
   8.074572E+01   2.925304E+01
   8.074910E+01   2.925517E+01
   8.074892E+01   2.925595E+01
   8.074934E+01   2.925705E+01
   8.075045E+01   2.925913E+01
   8.075120E+01   2.926060E+01
   8.075226E+01   2.926170E+01
   8.075375E+01   2.926276E+01
   8.075379E+01   2.926451E+01
   8.075360E+01   2.926504E+01
   8.075458E+01   2.926447E+01
   8.075446E+01   2.926534E+01
   8.075442E+01   2.926620E+01
   8.075480E+01   2.926673E+01
   8.075565E+01   2.926743E+01
   8.075712E+01   2.926691E+01
   8.075662E+01   2.926830E+01
   8.075642E+01   2.926886E+01
   8.074815E+01   2.927442E+01
   8.074425E+01   2.927887E+01
   8.074121E+01   2.928699E+01
   8.073661E+01   2.928978E+01
   8.073298E+01   2.929339E+01
   8.073384E+01   2.929541E+01
   8.073495E+01   2.929702E+01
   8.073538E+01   2.929780E+01
   8.073474E+01   2.929919E+01
   8.073805E+01   2.930262E+01
   8.074268E+01   2.930237E+01
   8.074846E+01   2.930282E+01
   8.075134E+01   2.930536E+01
   8.075267E+01   2.930777E+01
   8.075821E+01   2.930808E+01
   8.076371E+01   2.930584E+01
   8.076599E+01   2.930198E+01
   8.076889E+01   2.930288E+01
   8.077265E+01   2.930104E+01
   8.077234E+01   2.931180E+01
   8.077142E+01   2.931884E+01
   8.076306E+01   2.932464E+01
   8.076126E+01   2.933440E+01
   8.075848E+01   2.934358E+01
   8.075944E+01   2.934937E+01
   8.076237E+01   2.935135E+01
   8.076126E+01   2.935807E+01
   8.076377E+01   2.936339E+01
   8.076676E+01   2.935777E+01
   8.077113E+01   2.936157E+01
   8.077918E+01   2.936472E+01
   8.079084E+01   2.936502E+01
   8.080265E+01   2.936497E+01
   8.081322E+01   2.936507E+01
   8.082152E+01   2.937012E+01
   8.083186E+01   2.937818E+01
   8.083685E+01   2.938066E+01
   8.084098E+01   2.937681E+01
   8.084952E+01   2.937585E+01
   8.085865E+01   2.938836E+01
   8.085943E+01   2.939916E+01
   8.085357E+01   2.940361E+01
   8.085168E+01   2.940769E+01
   8.085519E+01   2.940892E+01
   8.086187E+01   2.941462E+01
   8.086764E+01   2.941182E+01
   8.087620E+01   2.941326E+01
   8.088205E+01   2.941954E+01
   8.088927E+01   2.942344E+01
   8.089498E+01   2.942922E+01
   8.089948E+01   2.943290E+01
   8.090140E+01   2.943704E+01
   8.090665E+01   2.943829E+01
   8.090815E+01   2.944116E+01
   8.090190E+01   2.944443E+01
   8.089630E+01   2.944390E+01
   8.089325E+01   2.944379E+01
   8.088853E+01   2.944272E+01
   8.088513E+01   2.944253E+01
   8.088385E+01   2.944817E+01
   8.087661E+01   2.946229E+01
   8.087055E+01   2.946716E+01
   8.086066E+01   2.946659E+01
   8.085631E+01   2.946999E+01
   8.085637E+01   2.947567E+01
   8.085345E+01   2.947948E+01
   8.084624E+01   2.948636E+01
   8.083900E+01   2.949297E+01
   8.082358E+01   2.950036E+01
   8.082413E+01   2.951047E+01
   8.081863E+01   2.951336E+01
   8.081645E+01   2.951541E+01
   8.081385E+01   2.951432E+01
   8.081150E+01   2.951391E+01
   8.080746E+01   2.951399E+01
   8.080412E+01   2.951492E+01
   8.079815E+01   2.951043E+01
   8.079283E+01   2.950697E+01
   8.079032E+01   2.950593E+01
   8.078731E+01   2.950685E+01
   8.078629E+01   2.950969E+01
   8.078431E+01   2.951487E+01
   8.078171E+01   2.951943E+01
   8.078109E+01   2.952104E+01
   8.077998E+01   2.952361E+01
   8.077359E+01   2.952417E+01
   8.076382E+01   2.952665E+01
   8.076164E+01   2.952787E+01
   8.075462E+01   2.952966E+01
   8.075201E+01   2.953042E+01
   8.074823E+01   2.953116E+01
   8.074803E+01   2.953364E+01
   8.074838E+01   2.953898E+01
   8.074805E+01   2.954838E+01
   8.074761E+01   2.955577E+01
   8.075288E+01   2.955718E+01
   8.076000E+01   2.955571E+01
   8.077365E+01   2.955544E+01
   8.077646E+01   2.956001E+01
   8.077668E+01   2.956363E+01
   8.077570E+01   2.956564E+01
   8.077721E+01   2.956940E+01
   8.077845E+01   2.957396E+01
   8.077894E+01   2.957998E+01
   8.078254E+01   2.959104E+01
   8.078654E+01   2.960372E+01
   8.078758E+01   2.961124E+01
   8.078576E+01   2.961620E+01
   8.078278E+01   2.962223E+01
   8.078131E+01   2.963236E+01
   8.078632E+01   2.963744E+01
   8.078895E+01   2.964387E+01
   8.077838E+01   2.964375E+01
   8.076216E+01   2.964811E+01
   8.076291E+01   2.966183E+01
   8.077152E+01   2.966872E+01
   8.077906E+01   2.966662E+01
   8.077896E+01   2.966905E+01
   8.077965E+01   2.967311E+01
   8.078038E+01   2.967838E+01
   8.078616E+01   2.967836E+01
   8.078912E+01   2.967913E+01
   8.079231E+01   2.967860E+01
   8.079387E+01   2.968295E+01
   8.079940E+01   2.968745E+01
   8.081585E+01   2.968748E+01
   8.082884E+01   2.969215E+01
   8.085046E+01   2.969548E+01
   8.086404E+01   2.970657E+01
   8.090244E+01   2.972261E+01
   8.091550E+01   2.972576E+01
   8.093033E+01   2.973099E+01
   8.093429E+01   2.973403E+01
   8.094616E+01   2.973569E+01
   8.094921E+01   2.973275E+01
   8.095763E+01   2.972605E+01
   8.097443E+01   2.972352E+01
   8.097839E+01   2.972845E+01
   8.098442E+01   2.973413E+01
   8.098810E+01   2.974169E+01
   8.100352E+01   2.974102E+01
   8.102272E+01   2.974533E+01
   8.103100E+01   2.974272E+01
   8.104424E+01   2.975312E+01
   8.105963E+01   2.976179E+01
   8.106309E+01   2.977489E+01
   8.106209E+01   2.978908E+01
   8.106752E+01   2.979547E+01
   8.107031E+01   2.981144E+01
   8.106578E+01   2.982704E+01
   8.105389E+01   2.983337E+01
   8.103890E+01   2.984794E+01
   8.103731E+01   2.986165E+01
   8.103638E+01   2.986910E+01
   8.103697E+01   2.987717E+01
   8.103393E+01   2.989527E+01
   8.102968E+01   2.990362E+01
   8.102219E+01   2.991332E+01
   8.101596E+01   2.991327E+01
   8.100182E+01   2.992239E+01
   8.100243E+01   2.993372E+01
   8.100804E+01   2.994184E+01
   8.101123E+01   2.994566E+01
   8.101646E+01   2.995600E+01
   8.101726E+01   2.996751E+01
   8.101768E+01   2.997636E+01
   8.101549E+01   2.998120E+01
   8.102479E+01   2.998666E+01
   8.103293E+01   3.000130E+01
   8.103760E+01   3.000964E+01
   8.103884E+01   3.001432E+01
   8.104462E+01   3.001926E+01
   8.105505E+01   3.002652E+01
   8.106413E+01   3.003718E+01
   8.107133E+01   3.004435E+01
   8.107934E+01   3.004771E+01
   8.109198E+01   3.005328E+01
   8.109800E+01   3.006409E+01
   8.109951E+01   3.006969E+01
   8.110026E+01   3.007362E+01
   8.110662E+01   3.007801E+01
   8.110859E+01   3.008240E+01
   8.110768E+01   3.008830E+01
   8.110314E+01   3.009465E+01
   8.109663E+01   3.010070E+01
   8.108952E+01   3.009904E+01
   8.108211E+01   3.009949E+01
   8.108453E+01   3.010947E+01
   8.108499E+01   3.011537E+01
   8.108242E+01   3.012142E+01
   8.108030E+01   3.012339E+01
   8.108181E+01   3.013398E+01
   8.108242E+01   3.014124E+01
   8.108287E+01   3.014684E+01
   8.108060E+01   3.015092E+01
   8.107152E+01   3.015682E+01
   8.106804E+01   3.015773E+01
   8.106351E+01   3.015879E+01
   8.106154E+01   3.016257E+01
   8.105973E+01   3.016771E+01
   8.105534E+01   3.017058E+01
   8.105367E+01   3.017467E+01
   8.105020E+01   3.017936E+01
   8.104384E+01   3.018117E+01
   8.104369E+01   3.018858E+01
   8.103991E+01   3.019418E+01
   8.103443E+01   3.019720E+01
   8.102870E+01   3.019537E+01
   8.102080E+01   3.019555E+01
   8.099498E+01   3.018554E+01
   8.096863E+01   3.018607E+01
   8.094017E+01   3.017975E+01
   8.092330E+01   3.019450E+01
   8.092778E+01   3.021285E+01
   8.092284E+01   3.022096E+01
   8.092024E+01   3.022662E+01
   8.091873E+01   3.022702E+01
   8.091740E+01   3.022637E+01
   8.091672E+01   3.022574E+01
   8.091569E+01   3.022471E+01
   8.091511E+01   3.022431E+01
   8.091382E+01   3.022377E+01
   8.091324E+01   3.022388E+01
   8.091235E+01   3.022383E+01
   8.091162E+01   3.022378E+01
   8.091073E+01   3.022336E+01
   8.090976E+01   3.022280E+01
   8.090888E+01   3.022177E+01
   8.090829E+01   3.022164E+01
   8.090716E+01   3.022093E+01
   8.090657E+01   3.022015E+01
   8.090641E+01   3.021967E+01
   8.090572E+01   3.021902E+01
   8.090518E+01   3.021860E+01
   8.090405E+01   3.021774E+01
   8.090344E+01   3.021643E+01
   8.090285E+01   3.021540E+01
   8.090263E+01   3.021470E+01
   8.090209E+01   3.021398E+01
   8.090068E+01   3.021367E+01
   8.089915E+01   3.021338E+01
   8.089797E+01   3.021298E+01
   8.089713E+01   3.021247E+01
   8.089599E+01   3.021130E+01
   8.089549E+01   3.020998E+01
   8.089510E+01   3.020877E+01
   8.089432E+01   3.020617E+01
   8.089057E+01   3.020232E+01
   8.088693E+01   3.019676E+01
   8.088563E+01   3.018801E+01
   8.087549E+01   3.017900E+01
   8.086541E+01   3.017213E+01
   8.086385E+01   3.016728E+01
   8.086874E+01   3.016358E+01
   8.087172E+01   3.016058E+01
   8.087152E+01   3.015657E+01
   8.087141E+01   3.015334E+01
   8.087206E+01   3.014999E+01
   8.087531E+01   3.014251E+01
   8.087611E+01   3.013880E+01
   8.087737E+01   3.013589E+01
   8.087830E+01   3.013067E+01
   8.087562E+01   3.012692E+01
   8.087341E+01   3.012602E+01
   8.086895E+01   3.012564E+01
   8.085970E+01   3.012203E+01
   8.085417E+01   3.011952E+01
   8.085073E+01   3.011821E+01
   8.084595E+01   3.011653E+01
   8.084263E+01   3.011346E+01
   8.084238E+01   3.010900E+01
   8.084491E+01   3.010743E+01
   8.084544E+01   3.010387E+01
   8.084236E+01   3.010108E+01
   8.083858E+01   3.009866E+01
   8.083168E+01   3.009712E+01
   8.082607E+01   3.010002E+01
   8.082202E+01   3.009988E+01
   8.081877E+01   3.009658E+01
   8.081580E+01   3.009640E+01
   8.081410E+01   3.009536E+01
   8.081364E+01   3.009290E+01
   8.080932E+01   3.009072E+01
   8.080562E+01   3.008991E+01
   8.080393E+01   3.008801E+01
   8.080091E+01   3.008386E+01
   8.079906E+01   3.008070E+01
   8.079452E+01   3.007766E+01
   8.079109E+01   3.007316E+01
   8.078897E+01   3.007230E+01
   8.078752E+01   3.006762E+01
   8.078351E+01   3.006153E+01
   8.078024E+01   3.005759E+01
   8.077646E+01   3.005444E+01
   8.077170E+01   3.005368E+01
   8.076055E+01   3.004801E+01
   8.075819E+01   3.004434E+01
   8.075586E+01   3.003998E+01
   8.075519E+01   3.003123E+01
   8.075735E+01   3.002605E+01
   8.075390E+01   3.002008E+01
   8.074955E+01   3.000967E+01
   8.074426E+01   3.000366E+01
   8.073834E+01   2.999908E+01
   8.072447E+01   2.999963E+01
   8.071587E+01   2.999395E+01
   8.071273E+01   2.998997E+01
   8.070389E+01   2.998407E+01
   8.070038E+01   2.998000E+01
   8.069708E+01   2.997962E+01
   8.069372E+01   2.997721E+01
   8.068941E+01   2.997306E+01
   8.068684E+01   2.996961E+01
   8.068271E+01   2.996281E+01
   8.067989E+01   2.996098E+01
   8.067522E+01   2.995743E+01
   8.066995E+01   2.995721E+01
   8.066471E+01   2.995725E+01
   8.065631E+01   2.995510E+01
   8.064522E+01   2.995728E+01
   8.063956E+01   2.996031E+01
   8.063772E+01   2.996330E+01
   8.062855E+01   2.996524E+01
   8.062330E+01   2.996427E+01
   8.061497E+01   2.996104E+01
   8.060718E+01   2.995870E+01
   8.059569E+01   2.995350E+01
   8.058167E+01   2.993724E+01
   8.057836E+01   2.993063E+01
   8.057401E+01   2.992344E+01
   8.057075E+01   2.991507E+01
   8.056906E+01   2.990872E+01
   8.057068E+01   2.990333E+01
   8.057059E+01   2.989831E+01
   8.057193E+01   2.989440E+01
   8.057004E+01   2.989071E+01
   8.056574E+01   2.987897E+01
   8.055985E+01   2.987465E+01
   8.055764E+01   2.986839E+01
   8.056125E+01   2.986646E+01
   8.055647E+01   2.986304E+01
   8.055127E+01   2.985607E+01
   8.055289E+01   2.985071E+01
   8.054858E+01   2.985042E+01
   8.054342E+01   2.984629E+01
   8.053776E+01   2.984448E+01
   8.053386E+01   2.983822E+01
   8.052811E+01   2.983349E+01
   8.052362E+01   2.983061E+01
   8.051756E+01   2.982545E+01
   8.050714E+01   2.982310E+01
   8.050172E+01   2.981776E+01
   8.049882E+01   2.981252E+01
   8.049850E+01   2.981018E+01
   8.050009E+01   2.980883E+01
   8.049532E+01   2.980461E+01
   8.049233E+01   2.980170E+01
   8.049441E+01   2.979868E+01
   8.049409E+01   2.979583E+01
   8.048594E+01   2.979588E+01
   8.048015E+01   2.979526E+01
   8.047666E+01   2.979790E+01
   8.046423E+01   2.980234E+01
   8.045577E+01   2.980263E+01
   8.044654E+01   2.979874E+01
   8.044085E+01   2.980079E+01
   8.043648E+01   2.980619E+01
   8.043291E+01   2.980249E+01
   8.043024E+01   2.979886E+01
   8.042145E+01   2.979594E+01
   8.041405E+01   2.979383E+01
   8.041229E+01   2.979184E+01
   8.040861E+01   2.979472E+01
   8.040655E+01   2.979428E+01
   8.040661E+01   2.979031E+01
   8.040682E+01   2.978660E+01
   8.040473E+01   2.978324E+01
   8.040487E+01   2.977967E+01
   8.040276E+01   2.977667E+01
   8.039850E+01   2.976706E+01
   8.039731E+01   2.976152E+01
   8.039633E+01   2.975838E+01
   8.039331E+01   2.975863E+01
   8.038528E+01   2.975859E+01
   8.038652E+01   2.975164E+01
   8.038086E+01   2.975066E+01
   8.037572E+01   2.975002E+01
   8.037311E+01   2.974939E+01
   8.037058E+01   2.974995E+01
   8.036857E+01   2.975081E+01
   8.036663E+01   2.974935E+01
   8.036487E+01   2.974502E+01
   8.036517E+01   2.974185E+01
   8.036463E+01   2.973996E+01
   8.036754E+01   2.973651E+01
   8.036958E+01   2.973446E+01
   8.036936E+01   2.973287E+01
   8.036625E+01   2.972993E+01
   8.036633E+01   2.972438E+01
   8.036870E+01   2.972166E+01
   8.037337E+01   2.972139E+01
   8.037554E+01   2.972077E+01
   8.037629E+01   2.971919E+01
   8.037280E+01   2.971686E+01
   8.037232E+01   2.971488E+01
   8.037407E+01   2.971294E+01
   8.037486E+01   2.970819E+01
   8.037839E+01   2.970178E+01
   8.037966E+01   2.969880E+01
   8.038019E+01   2.969014E+01
   8.038141E+01   2.968771E+01
   8.038486E+01   2.968501E+01
   8.038394E+01   2.968054E+01
   8.038373E+01   2.967632E+01
   8.038499E+01   2.967370E+01
   8.038977E+01   2.967180E+01
   8.039009E+01   2.967061E+01
   8.038968E+01   2.966850E+01
   8.038940E+01   2.966621E+01
   8.039057E+01   2.966427E+01
   8.039789E+01   2.966215E+01
   8.039841E+01   2.965955E+01
   8.040095E+01   2.965920E+01
   8.040578E+01   2.965948E+01
   8.040797E+01   2.965781E+01
   8.040904E+01   2.965546E+01
   8.041047E+01   2.965371E+01
   8.041324E+01   2.965418E+01
   8.041498E+01   2.965350E+01
   8.041629E+01   2.965073E+01
   8.041477E+01   2.964786E+01
   8.041407E+01   2.964460E+01
   8.041430E+01   2.964321E+01
   8.041948E+01   2.963960E+01
   8.042010E+01   2.963767E+01
   8.041960E+01   2.963377E+01
   8.042018E+01   2.963270E+01
   8.042092E+01   2.963122E+01
   8.042076E+01   2.962978E+01
   8.041843E+01   2.962664E+01
   8.041311E+01   2.962629E+01
   8.041059E+01   2.962504E+01
   8.040778E+01   2.961914E+01
   8.040770E+01   2.961440E+01
   8.040583E+01   2.961313E+01
   8.040764E+01   2.960973E+01
   8.040819E+01   2.959707E+01
   8.040397E+01   2.959066E+01
   8.040104E+01   2.958762E+01
   8.039778E+01   2.958668E+01
   8.039639E+01   2.958444E+01
   8.039122E+01   2.958128E+01
   8.039053E+01   2.957615E+01
   8.038832E+01   2.957225E+01
   8.038338E+01   2.957138E+01
   8.037903E+01   2.957148E+01
   8.037848E+01   2.956996E+01
   8.037945E+01   2.956207E+01
   8.037792E+01   2.956065E+01
   8.037092E+01   2.956291E+01
   8.036586E+01   2.956321E+01
   8.036335E+01   2.956391E+01
   8.036213E+01   2.956232E+01
   8.036345E+01   2.955874E+01
   8.036437E+01   2.955721E+01
   8.036192E+01   2.955602E+01
   8.035849E+01   2.955547E+01
   8.035447E+01   2.955520E+01
   8.034769E+01   2.955509E+01
   8.034572E+01   2.955396E+01
   8.034257E+01   2.955287E+01
   8.034357E+01   2.955084E+01
   8.034587E+01   2.954862E+01
   8.034141E+01   2.954241E+01
   8.034176E+01   2.954050E+01
   8.034360E+01   2.953992E+01
   8.034720E+01   2.954042E+01
   8.034970E+01   2.953983E+01
   8.035152E+01   2.953652E+01
   8.035657E+01   2.953448E+01
   8.035786E+01   2.953314E+01
   8.035769E+01   2.953105E+01
   8.035620E+01   2.952873E+01
   8.035443E+01   2.952700E+01
   8.034954E+01   2.952536E+01
   8.034824E+01   2.952394E+01
   8.034948E+01   2.952083E+01
   8.034977E+01   2.951886E+01
   8.034764E+01   2.951694E+01
   8.034383E+01   2.951221E+01
   8.034077E+01   2.950979E+01
   8.033720E+01   2.951138E+01
   8.033399E+01   2.951323E+01
   8.033199E+01   2.951297E+01
   8.033107E+01   2.951082E+01
   8.032975E+01   2.950633E+01
   8.032755E+01   2.950496E+01
   8.031699E+01   2.950085E+01
   8.031369E+01   2.949879E+01
   8.031291E+01   2.949684E+01
   8.031355E+01   2.949418E+01
   8.031460E+01   2.949144E+01
   8.031415E+01   2.948678E+01
   8.031284E+01   2.948428E+01
   8.031168E+01   2.948474E+01
   8.031009E+01   2.948537E+01
   8.030434E+01   2.948606E+01
   8.030156E+01   2.948988E+01
   8.029977E+01   2.949055E+01
   8.029738E+01   2.948945E+01
   8.029634E+01   2.948795E+01
   8.029663E+01   2.948511E+01
   8.029471E+01   2.948143E+01
   8.029209E+01   2.947844E+01
   8.028791E+01   2.947779E+01
   8.028685E+01   2.947672E+01
   8.028817E+01   2.947214E+01
   8.029202E+01   2.946680E+01
   8.029531E+01   2.946210E+01
   8.030134E+01   2.945674E+01
   8.030232E+01   2.945271E+01
   8.029803E+01   2.945159E+01
   8.029386E+01   2.945349E+01
   8.028761E+01   2.945145E+01
   8.028156E+01   2.945127E+01
   8.027924E+01   2.945376E+01
   8.028065E+01   2.945700E+01
   8.027934E+01   2.945850E+01
   8.027580E+01   2.945850E+01
   8.027163E+01   2.945715E+01
   8.026921E+01   2.945538E+01
   8.026945E+01   2.945385E+01
   8.027156E+01   2.945385E+01
   8.027473E+01   2.945179E+01
   8.027424E+01   2.944956E+01
   8.027188E+01   2.945001E+01
   8.026900E+01   2.944987E+01
   8.026740E+01   2.944865E+01
   8.026426E+01   2.944922E+01
   8.025986E+01   2.945107E+01
   8.025811E+01   2.945151E+01
   8.025676E+01   2.945081E+01
   8.025622E+01   2.944865E+01
   8.025435E+01   2.944769E+01
   8.025070E+01   2.944699E+01
   8.024542E+01   2.944661E+01
   8.024285E+01   2.944403E+01
   8.024520E+01   2.943956E+01
   8.024736E+01   2.943299E+01
   8.024661E+01   2.943000E+01
   8.024407E+01   2.942364E+01
   8.024581E+01   2.941677E+01
   8.024199E+01   2.941219E+01
   8.024469E+01   2.940885E+01
   8.024839E+01   2.940609E+01
   8.025706E+01   2.940131E+01
   8.026708E+01   2.939618E+01
   8.027217E+01   2.939515E+01
   8.027564E+01   2.939205E+01
   8.027304E+01   2.938802E+01
   8.027780E+01   2.938070E+01
   8.027569E+01   2.937716E+01
   8.027179E+01   2.937176E+01
   8.027163E+01   2.936888E+01
   8.027163E+01   2.936285E+01
   8.027950E+01   2.935718E+01
   8.027911E+01   2.935056E+01
   8.028161E+01   2.934471E+01
   8.028648E+01   2.933888E+01
   8.029119E+01   2.933603E+01
   8.029088E+01   2.933090E+01
   8.029644E+01   2.932372E+01
   8.030233E+01   2.932310E+01
   8.031093E+01   2.932073E+01
   8.031681E+01   2.931444E+01
   8.031547E+01   2.930881E+01
   8.031859E+01   2.930335E+01
   8.031328E+01   2.929470E+01
   8.030714E+01   2.929003E+01
   8.030449E+01   2.927672E+01
   8.029940E+01   2.926208E+01
   8.029882E+01   2.925177E+01
   8.030093E+01   2.924223E+01
   8.029349E+01   2.923449E+01
   8.029267E+01   2.922718E+01
   8.029639E+01   2.921919E+01
   8.029383E+01   2.921130E+01
   8.029783E+01   2.920686E+01
   8.029268E+01   2.919654E+01
   8.028434E+01   2.919677E+01
   8.027595E+01   2.920747E+01
   8.026655E+01   2.920580E+01
   8.025760E+01   2.921125E+01
   8.025595E+01   2.922014E+01
   8.024719E+01   2.922037E+01
   8.024403E+01   2.921256E+01
   8.024325E+01   2.920769E+01
   8.024144E+01   2.920117E+01
   8.025178E+01   2.919457E+01
   8.025923E+01   2.918119E+01
   8.025840E+01   2.916984E+01
   8.026039E+01   2.916170E+01
   8.027268E+01   2.914284E+01
   8.026435E+01   2.913914E+01
   8.025156E+01   2.913609E+01
   8.024668E+01   2.912744E+01
   8.023752E+01   2.912003E+01
   8.023151E+01   2.911628E+01
   8.022123E+01   2.912016E+01
   8.021376E+01   2.912213E+01
   8.020594E+01   2.912487E+01
   8.020211E+01   2.913004E+01
   8.019726E+01   2.913046E+01
   8.018785E+01   2.913549E+01
   8.018385E+01   2.913733E+01
   8.017924E+01   2.913177E+01
   8.017474E+01   2.912656E+01
   8.016797E+01   2.912622E+01
   8.016520E+01   2.911659E+01
   8.014526E+01   2.910464E+01
   8.013340E+01   2.906075E+01
   8.012936E+01   2.904091E+01
   8.012694E+01   2.903407E+01
   8.012979E+01   2.902603E+01
   8.012620E+01   2.901725E+01
   8.012490E+01   2.901297E+01
   8.013192E+01   2.901088E+01
   8.012676E+01   2.900608E+01
   8.011986E+01   2.898662E+01
   8.010840E+01   2.898365E+01
polygon
   8.055647E+01   2.986304E+01
   8.055127E+01   2.985607E+01
   8.055289E+01   2.985071E+01
   8.054858E+01   2.985042E+01
   8.054342E+01   2.984629E+01
   8.053776E+01   2.984448E+01
   8.053386E+01   2.983822E+01
   8.052811E+01   2.983349E+01
   8.052362E+01   2.983061E+01
   8.051756E+01   2.982545E+01
   8.050714E+01   2.982310E+01
   8.050172E+01   2.981776E+01
   8.049882E+01   2.981252E+01
   8.049850E+01   2.981018E+01
   8.050009E+01   2.980883E+01
   8.049532E+01   2.980461E+01
   8.049233E+01   2.980170E+01
   8.049441E+01   2.979868E+01
   8.049409E+01   2.979583E+01
   8.048594E+01   2.979588E+01
   8.048015E+01   2.979526E+01
   8.047666E+01   2.979790E+01
   8.046423E+01   2.980234E+01
   8.045577E+01   2.980263E+01
   8.044654E+01   2.979874E+01
   8.044085E+01   2.980079E+01
   8.043648E+01   2.980619E+01
   8.043291E+01   2.980249E+01
   8.043024E+01   2.979886E+01
   8.042145E+01   2.979594E+01
   8.041405E+01   2.979383E+01
   8.041229E+01   2.979184E+01
   8.040861E+01   2.979472E+01
   8.040655E+01   2.979428E+01
   8.040661E+01   2.979031E+01
   8.040682E+01   2.978660E+01
   8.040473E+01   2.978324E+01
   8.040487E+01   2.977967E+01
   8.040276E+01   2.977667E+01
   8.039850E+01   2.976706E+01
   8.039731E+01   2.976152E+01
   8.039633E+01   2.975838E+01
   8.039331E+01   2.975863E+01
   8.038528E+01   2.975859E+01
   8.038652E+01   2.975164E+01
   8.038086E+01   2.975066E+01
   8.037572E+01   2.975002E+01
   8.037311E+01   2.974939E+01
   8.037058E+01   2.974995E+01
   8.036857E+01   2.975081E+01
   8.036663E+01   2.974935E+01
   8.036487E+01   2.974502E+01
   8.036517E+01   2.974185E+01
   8.036463E+01   2.973996E+01
   8.036754E+01   2.973651E+01
   8.036958E+01   2.973446E+01
   8.036936E+01   2.973287E+01
   8.036625E+01   2.972993E+01
   8.036633E+01   2.972438E+01
   8.036870E+01   2.972166E+01
   8.037337E+01   2.972139E+01
   8.037554E+01   2.972077E+01
   8.037629E+01   2.971919E+01
   8.037280E+01   2.971686E+01
   8.037232E+01   2.971488E+01
   8.037407E+01   2.971294E+01
   8.037486E+01   2.970819E+01
   8.037839E+01   2.970178E+01
   8.037966E+01   2.969880E+01
   8.038019E+01   2.969014E+01
   8.038141E+01   2.968771E+01
   8.038486E+01   2.968501E+01
   8.038394E+01   2.968054E+01
   8.038373E+01   2.967632E+01
   8.038499E+01   2.967370E+01
   8.038977E+01   2.967180E+01
   8.039009E+01   2.967061E+01
   8.038968E+01   2.966850E+01
   8.038940E+01   2.966621E+01
   8.039057E+01   2.966427E+01
   8.039789E+01   2.966215E+01
   8.039841E+01   2.965955E+01
   8.040095E+01   2.965920E+01
   8.040578E+01   2.965948E+01
   8.040797E+01   2.965781E+01
   8.040904E+01   2.965546E+01
   8.041047E+01   2.965371E+01
   8.041324E+01   2.965418E+01
   8.041498E+01   2.965350E+01
   8.041629E+01   2.965073E+01
   8.041477E+01   2.964786E+01
   8.041407E+01   2.964460E+01
   8.041430E+01   2.964321E+01
   8.041948E+01   2.963960E+01
   8.042010E+01   2.963767E+01
   8.041960E+01   2.963377E+01
   8.042018E+01   2.963270E+01
   8.042092E+01   2.963122E+01
   8.042076E+01   2.962978E+01
   8.041843E+01   2.962664E+01
   8.041311E+01   2.962629E+01
   8.041059E+01   2.962504E+01
   8.040778E+01   2.961914E+01
   8.040770E+01   2.961440E+01
   8.040583E+01   2.961313E+01
   8.040764E+01   2.960973E+01
   8.040819E+01   2.959707E+01
   8.040397E+01   2.959066E+01
   8.040104E+01   2.958762E+01
   8.039778E+01   2.958668E+01
   8.039639E+01   2.958444E+01
   8.039122E+01   2.958128E+01
   8.039053E+01   2.957615E+01
   8.038832E+01   2.957225E+01
   8.038338E+01   2.957138E+01
   8.037903E+01   2.957148E+01
   8.037848E+01   2.956996E+01
   8.037945E+01   2.956207E+01
   8.037792E+01   2.956065E+01
   8.037092E+01   2.956291E+01
   8.036586E+01   2.956321E+01
   8.036335E+01   2.956391E+01
   8.036213E+01   2.956232E+01
   8.036345E+01   2.955874E+01
   8.036437E+01   2.955721E+01
   8.036192E+01   2.955602E+01
   8.035849E+01   2.955547E+01
   8.035447E+01   2.955520E+01
   8.034769E+01   2.955509E+01
   8.034572E+01   2.955396E+01
   8.034257E+01   2.955287E+01
   8.034357E+01   2.955084E+01
   8.034587E+01   2.954862E+01
   8.034141E+01   2.954241E+01
   8.034176E+01   2.954050E+01
   8.034360E+01   2.953992E+01
   8.034720E+01   2.954042E+01
   8.034970E+01   2.953983E+01
   8.035152E+01   2.953652E+01
   8.035657E+01   2.953448E+01
   8.035786E+01   2.953314E+01
   8.035769E+01   2.953105E+01
   8.035620E+01   2.952873E+01
   8.035443E+01   2.952700E+01
   8.034954E+01   2.952536E+01
   8.034824E+01   2.952394E+01
   8.034948E+01   2.952083E+01
   8.034977E+01   2.951886E+01
   8.034764E+01   2.951694E+01
   8.034383E+01   2.951221E+01
   8.034077E+01   2.950979E+01
   8.033720E+01   2.951138E+01
   8.033399E+01   2.951323E+01
   8.033199E+01   2.951297E+01
   8.033107E+01   2.951082E+01
   8.032975E+01   2.950633E+01
   8.032755E+01   2.950496E+01
   8.031699E+01   2.950085E+01
   8.031369E+01   2.949879E+01
   8.031291E+01   2.949684E+01
   8.031355E+01   2.949418E+01
   8.031460E+01   2.949144E+01
   8.031415E+01   2.948678E+01
   8.031284E+01   2.948428E+01
   8.031168E+01   2.948474E+01
   8.031009E+01   2.948537E+01
   8.030434E+01   2.948606E+01
   8.030156E+01   2.948988E+01
   8.029977E+01   2.949055E+01
   8.029738E+01   2.948945E+01
   8.029634E+01   2.948795E+01
   8.029663E+01   2.948511E+01
   8.029471E+01   2.948143E+01
   8.029209E+01   2.947844E+01
   8.028791E+01   2.947779E+01
   8.028685E+01   2.947672E+01
   8.028817E+01   2.947214E+01
   8.029202E+01   2.946680E+01
   8.029531E+01   2.946210E+01
   8.030134E+01   2.945674E+01
   8.030232E+01   2.945271E+01
   8.029803E+01   2.945159E+01
   8.029386E+01   2.945349E+01
   8.028761E+01   2.945145E+01
   8.028156E+01   2.945127E+01
   8.027924E+01   2.945376E+01
   8.028065E+01   2.945700E+01
   8.027934E+01   2.945850E+01
   8.027580E+01   2.945850E+01
   8.027163E+01   2.945715E+01
   8.026921E+01   2.945538E+01
   8.026945E+01   2.945385E+01
   8.027156E+01   2.945385E+01
   8.027473E+01   2.945179E+01
   8.027424E+01   2.944956E+01
   8.027188E+01   2.945001E+01
   8.026900E+01   2.944987E+01
   8.026740E+01   2.944865E+01
   8.026426E+01   2.944922E+01
   8.025986E+01   2.945107E+01
   8.025811E+01   2.945151E+01
   8.025676E+01   2.945081E+01
   8.025622E+01   2.944865E+01
   8.025435E+01   2.944769E+01
   8.025070E+01   2.944699E+01
   8.024542E+01   2.944661E+01
   8.024285E+01   2.944403E+01
   8.024520E+01   2.943956E+01
   8.024736E+01   2.943299E+01
   8.024661E+01   2.943000E+01
   8.024407E+01   2.942364E+01
   8.024581E+01   2.941677E+01
   8.024199E+01   2.941219E+01
   8.024469E+01   2.940885E+01
   8.024839E+01   2.940609E+01
   8.025706E+01   2.940131E+01
   8.026708E+01   2.939618E+01
   8.027217E+01   2.939515E+01
   8.027564E+01   2.939205E+01
   8.027304E+01   2.938802E+01
   8.027780E+01   2.938070E+01
   8.027569E+01   2.937716E+01
   8.027179E+01   2.937176E+01
   8.027163E+01   2.936888E+01
   8.027163E+01   2.936285E+01
   8.027950E+01   2.935718E+01
   8.027911E+01   2.935056E+01
   8.028161E+01   2.934471E+01
   8.028648E+01   2.933888E+01
   8.029119E+01   2.933603E+01
   8.029088E+01   2.933090E+01
   8.029644E+01   2.932372E+01
   8.030233E+01   2.932310E+01
   8.031093E+01   2.932073E+01
   8.031681E+01   2.931444E+01
   8.031547E+01   2.930881E+01
   8.031859E+01   2.930335E+01
   8.031328E+01   2.929470E+01
   8.030714E+01   2.929003E+01
   8.030449E+01   2.927672E+01
   8.029940E+01   2.926208E+01
   8.029882E+01   2.925177E+01
   8.030093E+01   2.924223E+01
   8.029349E+01   2.923449E+01
   8.029267E+01   2.922718E+01
   8.029639E+01   2.921919E+01
   8.029383E+01   2.921130E+01
   8.029783E+01   2.920686E+01
   8.029268E+01   2.919654E+01
   8.028434E+01   2.919677E+01
   8.027595E+01   2.920747E+01
   8.026655E+01   2.920580E+01
   8.025760E+01   2.921125E+01
   8.025595E+01   2.922014E+01
   8.024719E+01   2.922037E+01
   8.024403E+01   2.921256E+01
   8.024325E+01   2.920769E+01
   8.024144E+01   2.920117E+01
   8.025178E+01   2.919457E+01
   8.025923E+01   2.918119E+01
   8.025840E+01   2.916984E+01
   8.026039E+01   2.916170E+01
   8.027268E+01   2.914284E+01
   8.026435E+01   2.913914E+01
   8.025156E+01   2.913609E+01
   8.024668E+01   2.912744E+01
   8.023752E+01   2.912003E+01
   8.023151E+01   2.911628E+01
   8.022123E+01   2.912016E+01
   8.021376E+01   2.912213E+01
   8.020594E+01   2.912487E+01
   8.020211E+01   2.913004E+01
   8.019726E+01   2.913046E+01
   8.018785E+01   2.913549E+01
   8.018385E+01   2.913733E+01
   8.017924E+01   2.913177E+01
   8.017474E+01   2.912656E+01
   8.016797E+01   2.912622E+01
   8.016520E+01   2.911659E+01
   8.014526E+01   2.910464E+01
   8.013340E+01   2.906075E+01
   8.012936E+01   2.904091E+01
   8.012694E+01   2.903407E+01
   8.012979E+01   2.902603E+01
   8.012620E+01   2.901725E+01
   8.012490E+01   2.901297E+01
   8.013192E+01   2.901088E+01
   8.012676E+01   2.900608E+01
   8.011986E+01   2.898662E+01
   8.010840E+01   2.898365E+01
   8.005888E+01   2.891612E+01
   8.006043E+01   2.889226E+01
   8.006407E+01   2.884619E+01
   8.006475E+01   2.883769E+01
   8.007423E+01   2.882548E+01
   8.008571E+01   2.882444E+01
   8.010249E+01   2.882641E+01
   8.011616E+01   2.882787E+01
   8.012948E+01   2.882040E+01
   8.014212E+01   2.881016E+01
   8.015353E+01   2.879883E+01
   8.016970E+01   2.878371E+01
   8.019872E+01   2.876600E+01
   8.021592E+01   2.875543E+01
   8.022450E+01   2.875728E+01
   8.023660E+01   2.875707E+01
   8.025060E+01   2.875778E+01
   8.026355E+01   2.874696E+01
   8.026191E+01   2.873217E+01
   8.026781E+01   2.872029E+01
   8.027748E+01   2.871066E+01
   8.028706E+01   2.871079E+01
   8.029906E+01   2.870649E+01
   8.030811E+01   2.870464E+01
   8.031263E+01   2.870229E+01
   8.032161E+01   2.869133E+01
   8.032240E+01   2.868477E+01
   8.032153E+01   2.868012E+01
   8.032464E+01   2.867289E+01
   8.033495E+01   2.866217E+01
   8.035090E+01   2.865179E+01
   8.035772E+01   2.864648E+01
   8.036082E+01   2.864498E+01
   8.035814E+01   2.864324E+01
   8.035773E+01   2.863929E+01
   8.035929E+01   2.863760E+01
   8.036309E+01   2.863448E+01
   8.036566E+01   2.863609E+01
   8.036942E+01   2.863480E+01
   8.037098E+01   2.863098E+01
   8.037199E+01   2.862899E+01
   8.037513E+01   2.862893E+01
   8.037792E+01   2.862969E+01
   8.038333E+01   2.863085E+01
   8.038510E+01   2.862979E+01
   8.038822E+01   2.863101E+01
   8.040445E+01   2.863489E+01
   8.041796E+01   2.863901E+01
   8.042401E+01   2.863714E+01
   8.042751E+01   2.863779E+01
   8.043473E+01   2.863653E+01
   8.044019E+01   2.863138E+01
   8.044620E+01   2.862870E+01
   8.046054E+01   2.862196E+01
   8.046035E+01   2.861819E+01
   8.046342E+01   2.861537E+01
   8.046212E+01   2.861299E+01
   8.046917E+01   2.859500E+01
   8.047219E+01   2.859065E+01
   8.047090E+01   2.858708E+01
   8.047051E+01   2.858292E+01
   8.048114E+01   2.858569E+01
   8.049488E+01   2.857637E+01
   8.049959E+01   2.856970E+01
   8.050623E+01   2.856894E+01
   8.051840E+01   2.855070E+01
   8.053072E+01   2.857246E+01
   8.052158E+01   2.857682E+01
   8.052000E+01   2.858722E+01
   8.051752E+01   2.860614E+01
   8.051255E+01   2.862146E+01
   8.050792E+01   2.864137E+01
   8.050549E+01   2.865584E+01
   8.050642E+01   2.867129E+01
   8.053965E+01   2.869075E+01
   8.055211E+01   2.869273E+01
   8.054851E+01   2.869546E+01
   8.054350E+01   2.869632E+01
   8.054064E+01   2.870227E+01
   8.054037E+01   2.870860E+01
   8.053741E+01   2.871585E+01
   8.054162E+01   2.871581E+01
   8.054514E+01   2.871088E+01
   8.054764E+01   2.870981E+01
   8.054982E+01   2.871099E+01
   8.055007E+01   2.871339E+01
   8.054933E+01   2.871612E+01
   8.055034E+01   2.871854E+01
   8.055458E+01   2.871950E+01
   8.055950E+01   2.872229E+01
   8.055404E+01   2.872770E+01
   8.054804E+01   2.873356E+01
   8.053806E+01   2.873641E+01
   8.054020E+01   2.874023E+01
   8.054715E+01   2.874215E+01
   8.055147E+01   2.874779E+01
   8.055670E+01   2.875255E+01
   8.055269E+01   2.875193E+01
   8.054713E+01   2.875014E+01
   8.054364E+01   2.875202E+01
   8.054078E+01   2.875984E+01
   8.053618E+01   2.876650E+01
   8.053435E+01   2.876839E+01
   8.053554E+01   2.877126E+01
   8.053922E+01   2.877101E+01
   8.054396E+01   2.876981E+01
   8.054787E+01   2.877135E+01
   8.055007E+01   2.877397E+01
   8.054867E+01   2.877672E+01
   8.054441E+01   2.878551E+01
   8.053735E+01   2.879101E+01
   8.053733E+01   2.879379E+01
   8.053874E+01   2.879476E+01
   8.053760E+01   2.879597E+01
   8.053224E+01   2.879596E+01
   8.053098E+01   2.879969E+01
   8.052868E+01   2.880222E+01
   8.052646E+01   2.880541E+01
   8.052310E+01   2.880793E+01
   8.051976E+01   2.881123E+01
   8.051686E+01   2.881049E+01
   8.051366E+01   2.881221E+01
   8.051071E+01   2.881504E+01
   8.051361E+01   2.881797E+01
   8.051570E+01   2.881850E+01
   8.051818E+01   2.881976E+01
   8.051729E+01   2.882191E+01
   8.051424E+01   2.882327E+01
   8.051398E+01   2.882416E+01
   8.051488E+01   2.882507E+01
   8.051532E+01   2.882634E+01
   8.051767E+01   2.882734E+01
   8.051864E+01   2.882990E+01
   8.051596E+01   2.883452E+01
   8.051415E+01   2.883473E+01
   8.051326E+01   2.883295E+01
   8.051225E+01   2.883129E+01
   8.051007E+01   2.883161E+01
   8.050892E+01   2.883119E+01
   8.050748E+01   2.883211E+01
   8.050625E+01   2.883241E+01
   8.050683E+01   2.883365E+01
   8.050793E+01   2.883396E+01
   8.050766E+01   2.883566E+01
   8.050687E+01   2.883594E+01
   8.050545E+01   2.883625E+01
   8.050464E+01   2.883761E+01
   8.050680E+01   2.883786E+01
   8.050799E+01   2.883939E+01
   8.050718E+01   2.884025E+01
   8.050633E+01   2.884123E+01
   8.050571E+01   2.884237E+01
   8.050476E+01   2.884079E+01
   8.050351E+01   2.884053E+01
   8.050312E+01   2.884179E+01
   8.050242E+01   2.884363E+01
   8.050263E+01   2.884548E+01
   8.050286E+01   2.884715E+01
   8.050238E+01   2.884799E+01
   8.050098E+01   2.884783E+01
   8.050065E+01   2.884838E+01
   8.050029E+01   2.885013E+01
   8.049841E+01   2.885356E+01
   8.049725E+01   2.885686E+01
   8.049690E+01   2.885761E+01
   8.049907E+01   2.885807E+01
   8.049783E+01   2.886021E+01
   8.049991E+01   2.886293E+01
   8.050168E+01   2.886625E+01
   8.049645E+01   2.886838E+01
   8.049585E+01   2.887347E+01
   8.049915E+01   2.887720E+01
   8.050481E+01   2.888029E+01
   8.050356E+01   2.888750E+01
   8.050754E+01   2.889596E+01
   8.050264E+01   2.890506E+01
   8.050858E+01   2.892205E+01
   8.049624E+01   2.892214E+01
   8.049193E+01   2.892324E+01
   8.048770E+01   2.892417E+01
   8.048166E+01   2.893500E+01
   8.047400E+01   2.893869E+01
   8.046726E+01   2.893756E+01
   8.047307E+01   2.894752E+01
   8.048078E+01   2.895806E+01
   8.048971E+01   2.898251E+01
   8.048945E+01   2.898592E+01
   8.048760E+01   2.898863E+01
   8.048622E+01   2.899102E+01
   8.048392E+01   2.899380E+01
   8.048534E+01   2.899749E+01
   8.048687E+01   2.899607E+01
   8.049044E+01   2.899475E+01
   8.049905E+01   2.899400E+01
   8.051198E+01   2.899625E+01
   8.051899E+01   2.900197E+01
   8.052315E+01   2.900722E+01
   8.052937E+01   2.901047E+01
   8.053461E+01   2.901368E+01
   8.053594E+01   2.901756E+01
   8.053341E+01   2.902226E+01
   8.053330E+01   2.902496E+01
   8.053379E+01   2.902991E+01
   8.053723E+01   2.903260E+01
   8.054005E+01   2.903622E+01
   8.054434E+01   2.903724E+01
   8.054523E+01   2.904318E+01
   8.054508E+01   2.905032E+01
   8.054924E+01   2.905123E+01
   8.055199E+01   2.905538E+01
   8.055737E+01   2.905928E+01
   8.055967E+01   2.906493E+01
   8.056131E+01   2.906890E+01
   8.055949E+01   2.907393E+01
   8.054340E+01   2.908182E+01
   8.053529E+01   2.908767E+01
   8.053113E+01   2.909194E+01
   8.052765E+01   2.909706E+01
   8.052604E+01   2.910261E+01
   8.052674E+01   2.910610E+01
   8.052973E+01   2.910633E+01
   8.054077E+01   2.910884E+01
   8.054373E+01   2.911105E+01
   8.054886E+01   2.911307E+01
   8.055337E+01   2.911452E+01
   8.055581E+01   2.911623E+01
   8.055922E+01   2.911617E+01
   8.056676E+01   2.911912E+01
   8.056848E+01   2.912305E+01
   8.057067E+01   2.912835E+01
   8.056978E+01   2.913337E+01
   8.056573E+01   2.913810E+01
   8.056551E+01   2.914419E+01
   8.057225E+01   2.914511E+01
   8.057802E+01   2.914725E+01
   8.059160E+01   2.914859E+01
   8.059251E+01   2.915186E+01
   8.059112E+01   2.915687E+01
   8.059333E+01   2.916484E+01
   8.059928E+01   2.917042E+01
   8.060335E+01   2.916989E+01
   8.060491E+01   2.917082E+01
   8.060980E+01   2.917469E+01
   8.061895E+01   2.918120E+01
   8.062593E+01   2.917652E+01
   8.063533E+01   2.917784E+01
   8.064312E+01   2.917928E+01
   8.065067E+01   2.918054E+01
   8.066338E+01   2.918326E+01
   8.067001E+01   2.918269E+01
   8.067613E+01   2.919064E+01
   8.068441E+01   2.919074E+01
   8.069640E+01   2.918738E+01
   8.070478E+01   2.919320E+01
   8.070621E+01   2.920764E+01
   8.070620E+01   2.921264E+01
   8.070388E+01   2.922169E+01
   8.070695E+01   2.922907E+01
   8.071693E+01   2.923615E+01
   8.072098E+01   2.923486E+01
   8.072261E+01   2.923602E+01
   8.072627E+01   2.923769E+01
   8.073289E+01   2.924212E+01
   8.073751E+01   2.924536E+01
   8.073922E+01   2.924689E+01
   8.073609E+01   2.924733E+01
   8.073993E+01   2.924879E+01
   8.074148E+01   2.925159E+01
   8.074572E+01   2.925304E+01
   8.074910E+01   2.925517E+01
   8.074892E+01   2.925595E+01
   8.074934E+01   2.925705E+01
   8.075045E+01   2.925913E+01
   8.075120E+01   2.926060E+01
   8.075226E+01   2.926170E+01
   8.075375E+01   2.926276E+01
   8.075379E+01   2.926451E+01
   8.075360E+01   2.926504E+01
   8.075458E+01   2.926447E+01
   8.075446E+01   2.926534E+01
   8.075442E+01   2.926620E+01
   8.075480E+01   2.926673E+01
   8.075565E+01   2.926743E+01
   8.075712E+01   2.926691E+01
   8.075662E+01   2.926830E+01
   8.075642E+01   2.926886E+01
   8.074815E+01   2.927442E+01
   8.074425E+01   2.927887E+01
   8.074121E+01   2.928699E+01
   8.073661E+01   2.928978E+01
   8.073298E+01   2.929339E+01
   8.073384E+01   2.929541E+01
   8.073495E+01   2.929702E+01
   8.073538E+01   2.929780E+01
   8.073474E+01   2.929919E+01
   8.073805E+01   2.930262E+01
   8.074268E+01   2.930237E+01
   8.074846E+01   2.930282E+01
   8.075134E+01   2.930536E+01
   8.075267E+01   2.930777E+01
   8.075821E+01   2.930808E+01
   8.076371E+01   2.930584E+01
   8.076599E+01   2.930198E+01
   8.076889E+01   2.930288E+01
   8.077265E+01   2.930104E+01
   8.077234E+01   2.931180E+01
   8.077142E+01   2.931884E+01
   8.076306E+01   2.932464E+01
   8.076126E+01   2.933440E+01
   8.075848E+01   2.934358E+01
   8.075944E+01   2.934937E+01
   8.076237E+01   2.935135E+01
   8.076126E+01   2.935807E+01
   8.076377E+01   2.936339E+01
   8.076676E+01   2.935777E+01
   8.077113E+01   2.936157E+01
   8.077918E+01   2.936472E+01
   8.079084E+01   2.936502E+01
   8.080265E+01   2.936497E+01
   8.081322E+01   2.936507E+01
   8.082152E+01   2.937012E+01
   8.083186E+01   2.937818E+01
   8.083685E+01   2.938066E+01
   8.084098E+01   2.937681E+01
   8.084952E+01   2.937585E+01
   8.085865E+01   2.938836E+01
   8.085943E+01   2.939916E+01
   8.085357E+01   2.940361E+01
   8.085168E+01   2.940769E+01
   8.085519E+01   2.940892E+01
   8.086187E+01   2.941462E+01
   8.086764E+01   2.941182E+01
   8.087620E+01   2.941326E+01
   8.088205E+01   2.941954E+01
   8.088927E+01   2.942344E+01
   8.089498E+01   2.942922E+01
   8.089948E+01   2.943290E+01
   8.090140E+01   2.943704E+01
   8.090665E+01   2.943829E+01
   8.090815E+01   2.944116E+01
   8.090190E+01   2.944443E+01
   8.089630E+01   2.944390E+01
   8.089325E+01   2.944379E+01
   8.088853E+01   2.944272E+01
   8.088513E+01   2.944253E+01
   8.088385E+01   2.944817E+01
   8.087661E+01   2.946229E+01
   8.087055E+01   2.946716E+01
   8.086066E+01   2.946659E+01
   8.085631E+01   2.946999E+01
   8.085637E+01   2.947567E+01
   8.085345E+01   2.947948E+01
   8.084624E+01   2.948636E+01
   8.083900E+01   2.949297E+01
   8.082358E+01   2.950036E+01
   8.082413E+01   2.951047E+01
   8.081863E+01   2.951336E+01
   8.081645E+01   2.951541E+01
   8.081385E+01   2.951432E+01
   8.081150E+01   2.951391E+01
   8.080746E+01   2.951399E+01
   8.080412E+01   2.951492E+01
   8.079815E+01   2.951043E+01
   8.079283E+01   2.950697E+01
   8.079032E+01   2.950593E+01
   8.078731E+01   2.950685E+01
   8.078629E+01   2.950969E+01
   8.078431E+01   2.951487E+01
   8.078171E+01   2.951943E+01
   8.078109E+01   2.952104E+01
   8.077998E+01   2.952361E+01
   8.077359E+01   2.952417E+01
   8.076382E+01   2.952665E+01
   8.076164E+01   2.952787E+01
   8.075462E+01   2.952966E+01
   8.075201E+01   2.953042E+01
   8.074823E+01   2.953116E+01
   8.074803E+01   2.953364E+01
   8.074838E+01   2.953898E+01
   8.074805E+01   2.954838E+01
   8.074761E+01   2.955577E+01
   8.075288E+01   2.955718E+01
   8.076000E+01   2.955571E+01
   8.077365E+01   2.955544E+01
   8.077646E+01   2.956001E+01
   8.077668E+01   2.956363E+01
   8.077570E+01   2.956564E+01
   8.077721E+01   2.956940E+01
   8.077845E+01   2.957396E+01
   8.077894E+01   2.957998E+01
   8.078254E+01   2.959104E+01
   8.078654E+01   2.960372E+01
   8.078758E+01   2.961124E+01
   8.078576E+01   2.961620E+01
   8.078278E+01   2.962223E+01
   8.078131E+01   2.963236E+01
   8.078632E+01   2.963744E+01
   8.078895E+01   2.964387E+01
   8.077838E+01   2.964375E+01
   8.076216E+01   2.964811E+01
   8.076291E+01   2.966183E+01
   8.077152E+01   2.966872E+01
   8.077906E+01   2.966662E+01
   8.077896E+01   2.966905E+01
   8.077965E+01   2.967311E+01
   8.078038E+01   2.967838E+01
   8.078616E+01   2.967836E+01
   8.078912E+01   2.967913E+01
   8.079231E+01   2.967860E+01
   8.079387E+01   2.968295E+01
   8.079940E+01   2.968745E+01
   8.081585E+01   2.968748E+01
   8.082884E+01   2.969215E+01
   8.085046E+01   2.969548E+01
   8.086404E+01   2.970657E+01
   8.090244E+01   2.972261E+01
   8.091550E+01   2.972576E+01
   8.093033E+01   2.973099E+01
   8.093429E+01   2.973403E+01
   8.094616E+01   2.973569E+01
   8.094921E+01   2.973275E+01
   8.095763E+01   2.972605E+01
   8.097443E+01   2.972352E+01
   8.097839E+01   2.972845E+01
   8.098442E+01   2.973413E+01
   8.098810E+01   2.974169E+01
   8.100352E+01   2.974102E+01
   8.102272E+01   2.974533E+01
   8.103100E+01   2.974272E+01
   8.104424E+01   2.975312E+01
   8.105963E+01   2.976179E+01
   8.106309E+01   2.977489E+01
   8.106209E+01   2.978908E+01
   8.106752E+01   2.979547E+01
   8.107031E+01   2.981144E+01
   8.106578E+01   2.982704E+01
   8.105389E+01   2.983337E+01
   8.103890E+01   2.984794E+01
   8.103731E+01   2.986165E+01
   8.103638E+01   2.986910E+01
   8.103697E+01   2.987717E+01
   8.103393E+01   2.989527E+01
   8.102968E+01   2.990362E+01
   8.102219E+01   2.991332E+01
   8.101596E+01   2.991327E+01
   8.100182E+01   2.992239E+01
   8.100243E+01   2.993372E+01
   8.100804E+01   2.994184E+01
   8.101123E+01   2.994566E+01
   8.101646E+01   2.995600E+01
   8.101726E+01   2.996751E+01
   8.101768E+01   2.997636E+01
   8.101549E+01   2.998120E+01
   8.102479E+01   2.998666E+01
   8.103293E+01   3.000130E+01
   8.103760E+01   3.000964E+01
   8.103884E+01   3.001432E+01
   8.104462E+01   3.001926E+01
   8.105505E+01   3.002652E+01
   8.106413E+01   3.003718E+01
   8.107133E+01   3.004435E+01
   8.107934E+01   3.004771E+01
   8.109198E+01   3.005328E+01
   8.109800E+01   3.006409E+01
   8.109951E+01   3.006969E+01
   8.110026E+01   3.007362E+01
   8.110662E+01   3.007801E+01
   8.110859E+01   3.008240E+01
   8.110768E+01   3.008830E+01
   8.110314E+01   3.009465E+01
   8.109663E+01   3.010070E+01
   8.108952E+01   3.009904E+01
   8.108211E+01   3.009949E+01
   8.108453E+01   3.010947E+01
   8.108499E+01   3.011537E+01
   8.108242E+01   3.012142E+01
   8.108030E+01   3.012339E+01
   8.108181E+01   3.013398E+01
   8.108242E+01   3.014124E+01
   8.108287E+01   3.014684E+01
   8.108060E+01   3.015092E+01
   8.107152E+01   3.015682E+01
   8.106804E+01   3.015773E+01
   8.106351E+01   3.015879E+01
   8.106154E+01   3.016257E+01
   8.105973E+01   3.016771E+01
   8.105534E+01   3.017058E+01
   8.105367E+01   3.017467E+01
   8.105020E+01   3.017936E+01
   8.104384E+01   3.018117E+01
   8.104369E+01   3.018858E+01
   8.103991E+01   3.019418E+01
   8.103443E+01   3.019720E+01
   8.102870E+01   3.019537E+01
   8.102080E+01   3.019555E+01
   8.099498E+01   3.018554E+01
   8.096863E+01   3.018607E+01
   8.094017E+01   3.017975E+01
   8.092330E+01   3.019450E+01
   8.092778E+01   3.021285E+01
   8.092284E+01   3.022096E+01
   8.092024E+01   3.022662E+01
   8.091873E+01   3.022702E+01
   8.091740E+01   3.022637E+01
   8.091672E+01   3.022574E+01
   8.091569E+01   3.022471E+01
   8.091511E+01   3.022431E+01
   8.091382E+01   3.022377E+01
   8.091324E+01   3.022388E+01
   8.091235E+01   3.022383E+01
   8.091162E+01   3.022378E+01
   8.091073E+01   3.022336E+01
   8.090976E+01   3.022280E+01
   8.090888E+01   3.022177E+01
   8.090829E+01   3.022164E+01
   8.090716E+01   3.022093E+01
   8.090657E+01   3.022015E+01
   8.090641E+01   3.021967E+01
   8.090572E+01   3.021902E+01
   8.090518E+01   3.021860E+01
   8.090405E+01   3.021774E+01
   8.090344E+01   3.021643E+01
   8.090285E+01   3.021540E+01
   8.090263E+01   3.021470E+01
   8.090209E+01   3.021398E+01
   8.090068E+01   3.021367E+01
   8.089915E+01   3.021338E+01
   8.089797E+01   3.021298E+01
   8.089713E+01   3.021247E+01
   8.089599E+01   3.021130E+01
   8.089549E+01   3.020998E+01
   8.089510E+01   3.020877E+01
   8.089432E+01   3.020617E+01
   8.089057E+01   3.020232E+01
   8.088693E+01   3.019676E+01
   8.088563E+01   3.018801E+01
   8.087549E+01   3.017900E+01
   8.086541E+01   3.017213E+01
   8.086385E+01   3.016728E+01
   8.086874E+01   3.016358E+01
   8.087172E+01   3.016058E+01
   8.087152E+01   3.015657E+01
   8.087141E+01   3.015334E+01
   8.087206E+01   3.014999E+01
   8.087531E+01   3.014251E+01
   8.087611E+01   3.013880E+01
   8.087737E+01   3.013589E+01
   8.087830E+01   3.013067E+01
   8.087562E+01   3.012692E+01
   8.087341E+01   3.012602E+01
   8.086895E+01   3.012564E+01
   8.085970E+01   3.012203E+01
   8.085417E+01   3.011952E+01
   8.085073E+01   3.011821E+01
   8.084595E+01   3.011653E+01
   8.084263E+01   3.011346E+01
   8.084238E+01   3.010900E+01
   8.084491E+01   3.010743E+01
   8.084544E+01   3.010387E+01
   8.084236E+01   3.010108E+01
   8.083858E+01   3.009866E+01
   8.083168E+01   3.009712E+01
   8.082607E+01   3.010002E+01
   8.082202E+01   3.009988E+01
   8.081877E+01   3.009658E+01
   8.081580E+01   3.009640E+01
   8.081410E+01   3.009536E+01
   8.081364E+01   3.009290E+01
   8.080932E+01   3.009072E+01
   8.080562E+01   3.008991E+01
   8.080393E+01   3.008801E+01
   8.080091E+01   3.008386E+01
   8.079906E+01   3.008070E+01
   8.079452E+01   3.007766E+01
   8.079109E+01   3.007316E+01
   8.078897E+01   3.007230E+01
   8.078752E+01   3.006762E+01
   8.078351E+01   3.006153E+01
   8.078024E+01   3.005759E+01
   8.077646E+01   3.005444E+01
   8.077170E+01   3.005368E+01
   8.076055E+01   3.004801E+01
   8.075819E+01   3.004434E+01
   8.075586E+01   3.003998E+01
   8.075519E+01   3.003123E+01
   8.075735E+01   3.002605E+01
   8.075390E+01   3.002008E+01
   8.074955E+01   3.000967E+01
   8.074426E+01   3.000366E+01
   8.073834E+01   2.999908E+01
   8.072447E+01   2.999963E+01
   8.071587E+01   2.999395E+01
   8.071273E+01   2.998997E+01
   8.070389E+01   2.998407E+01
   8.070038E+01   2.998000E+01
   8.069708E+01   2.997962E+01
   8.069372E+01   2.997721E+01
   8.068941E+01   2.997306E+01
   8.068684E+01   2.996961E+01
   8.068271E+01   2.996281E+01
   8.067989E+01   2.996098E+01
   8.067522E+01   2.995743E+01
   8.066995E+01   2.995721E+01
   8.066471E+01   2.995725E+01
   8.065631E+01   2.995510E+01
   8.064522E+01   2.995728E+01
   8.063956E+01   2.996031E+01
   8.063772E+01   2.996330E+01
   8.062855E+01   2.996524E+01
   8.062330E+01   2.996427E+01
   8.061497E+01   2.996104E+01
   8.060718E+01   2.995870E+01
   8.059569E+01   2.995350E+01
   8.058167E+01   2.993724E+01
   8.057836E+01   2.993063E+01
   8.057401E+01   2.992344E+01
   8.057075E+01   2.991507E+01
   8.056906E+01   2.990872E+01
   8.057068E+01   2.990333E+01
   8.057059E+01   2.989831E+01
   8.057193E+01   2.989440E+01
   8.057004E+01   2.989071E+01
   8.056574E+01   2.987897E+01
   8.055985E+01   2.987465E+01
   8.055764E+01   2.986839E+01
   8.056125E+01   2.986646E+01
