   8.482227E+01   2.806471E+01
   8.482665E+01   2.807340E+01
   8.482918E+01   2.808123E+01
   8.483169E+01   2.809024E+01
   8.483616E+01   2.809404E+01
   8.483698E+01   2.809856E+01
   8.483771E+01   2.810133E+01
   8.483698E+01   2.810327E+01
   8.483767E+01   2.810592E+01
   8.483944E+01   2.810824E+01
   8.484134E+01   2.811014E+01
   8.484256E+01   2.811211E+01
   8.484196E+01   2.811424E+01
   8.484271E+01   2.811567E+01
   8.484664E+01   2.811740E+01
   8.485001E+01   2.811905E+01
   8.485290E+01   2.812123E+01
   8.485455E+01   2.812278E+01
   8.485738E+01   2.812121E+01
   8.485890E+01   2.812020E+01
   8.485962E+01   2.812097E+01
   8.486116E+01   2.812149E+01
   8.486444E+01   2.812141E+01
   8.486647E+01   2.812083E+01
   8.486923E+01   2.812059E+01
   8.487055E+01   2.811904E+01
   8.487112E+01   2.811809E+01
   8.487217E+01   2.811734E+01
   8.487335E+01   2.811643E+01
   8.487665E+01   2.811471E+01
   8.487882E+01   2.811352E+01
   8.488038E+01   2.811319E+01
   8.488226E+01   2.811134E+01
   8.488379E+01   2.810994E+01
   8.488469E+01   2.810800E+01
   8.488535E+01   2.810671E+01
   8.488524E+01   2.810563E+01
   8.488711E+01   2.810443E+01
   8.488820E+01   2.810376E+01
   8.489125E+01   2.810165E+01
   8.489248E+01   2.810037E+01
   8.489341E+01   2.810152E+01
   8.489532E+01   2.810304E+01
   8.489995E+01   2.810673E+01
   8.490099E+01   2.810640E+01
   8.490350E+01   2.810536E+01
   8.490626E+01   2.810516E+01
   8.490885E+01   2.810481E+01
   8.491041E+01   2.810418E+01
   8.491258E+01   2.810329E+01
   8.491396E+01   2.810300E+01
   8.491513E+01   2.810278E+01
   8.491680E+01   2.810330E+01
   8.491889E+01   2.810436E+01
   8.491965E+01   2.810525E+01
   8.492131E+01   2.810630E+01
   8.492132E+01   2.810798E+01
   8.492127E+01   2.810879E+01
   8.492102E+01   2.811062E+01
   8.492036E+01   2.811429E+01
   8.492004E+01   2.811543E+01
   8.492174E+01   2.811676E+01
   8.492248E+01   2.811864E+01
   8.492379E+01   2.811984E+01
   8.493128E+01   2.812405E+01
   8.494230E+01   2.812173E+01
   8.495650E+01   2.812688E+01
   8.495825E+01   2.813377E+01
   8.495563E+01   2.814126E+01
   8.495715E+01   2.814709E+01
   8.496039E+01   2.816072E+01
   8.496458E+01   2.817399E+01
   8.497064E+01   2.818740E+01
   8.497013E+01   2.819769E+01
   8.496162E+01   2.821279E+01
   8.496647E+01   2.821842E+01
   8.497761E+01   2.822732E+01
   8.499133E+01   2.824414E+01
   8.500001E+01   2.824639E+01
   8.501311E+01   2.825739E+01
   8.502808E+01   2.826267E+01
   8.506486E+01   2.833970E+01
   8.510827E+01   2.834636E+01
   8.510871E+01   2.834833E+01
   8.511507E+01   2.836830E+01
   8.511840E+01   2.837192E+01
   8.512289E+01   2.837496E+01
   8.512246E+01   2.838466E+01
   8.512607E+01   2.839754E+01
   8.511638E+01   2.840969E+01
   8.511739E+01   2.841708E+01
   8.511551E+01   2.842315E+01
   8.511319E+01   2.843358E+01
   8.511392E+01   2.844096E+01
   8.511305E+01   2.844429E+01
   8.510234E+01   2.844877E+01
   8.510205E+01   2.845992E+01
   8.510928E+01   2.846672E+01
   8.511203E+01   2.847149E+01
   8.511377E+01   2.847974E+01
   8.511797E+01   2.848539E+01
   8.512405E+01   2.848901E+01
   8.512911E+01   2.848770E+01
   8.514720E+01   2.848756E+01
   8.515227E+01   2.849045E+01
   8.515734E+01   2.850406E+01
   8.516312E+01   2.851940E+01
   8.516530E+01   2.852722E+01
   8.517586E+01   2.853228E+01
   8.518686E+01   2.853793E+01
   8.518831E+01   2.854603E+01
   8.518585E+01   2.856065E+01
   8.518758E+01   2.856383E+01
   8.518845E+01   2.857165E+01
   8.518382E+01   2.857599E+01
   8.518122E+01   2.858048E+01
   8.518078E+01   2.858829E+01
   8.517687E+01   2.859104E+01
   8.517412E+01   2.859524E+01
   8.518049E+01   2.860030E+01
   8.518643E+01   2.860407E+01
   8.518903E+01   2.860580E+01
   8.519155E+01   2.861096E+01
   8.519457E+01   2.861706E+01
   8.519699E+01   2.862038E+01
   8.519717E+01   2.862255E+01
   8.519753E+01   2.862588E+01
   8.519590E+01   2.862841E+01
   8.519366E+01   2.863009E+01
   8.519094E+01   2.863047E+01
   8.518696E+01   2.863101E+01
   8.518502E+01   2.863204E+01
   8.518678E+01   2.863753E+01
   8.518811E+01   2.864122E+01
   8.518406E+01   2.864279E+01
   8.518182E+01   2.864454E+01
   8.517923E+01   2.864539E+01
   8.517506E+01   2.864539E+01
   8.517053E+01   2.864418E+01
   8.516612E+01   2.864388E+01
   8.516310E+01   2.864279E+01
   8.515772E+01   2.864358E+01
   8.515597E+01   2.864635E+01
   8.515452E+01   2.864925E+01
   8.515108E+01   2.865119E+01
   8.514830E+01   2.865433E+01
   8.514413E+01   2.865686E+01
   8.514443E+01   2.866121E+01
   8.514075E+01   2.866472E+01
   8.513839E+01   2.866611E+01
   8.513446E+01   2.867160E+01
   8.513253E+01   2.867487E+01
   8.512927E+01   2.867843E+01
   8.512661E+01   2.867958E+01
   8.512371E+01   2.868151E+01
   8.511906E+01   2.868429E+01
   8.511483E+01   2.868695E+01
   8.511036E+01   2.868351E+01
   8.510197E+01   2.868175E+01
   8.509647E+01   2.867898E+01
   8.509242E+01   2.867698E+01
   8.508952E+01   2.867269E+01
   8.508439E+01   2.867167E+01
   8.507822E+01   2.867269E+01
   8.507303E+01   2.867734E+01
   8.506892E+01   2.867982E+01
   8.506409E+01   2.868030E+01
   8.506065E+01   2.868169E+01
   8.505817E+01   2.868248E+01
   8.505406E+01   2.867988E+01
   8.505382E+01   2.867589E+01
   8.505237E+01   2.867028E+01
   8.504415E+01   2.866937E+01
   8.504186E+01   2.866581E+01
   8.504089E+01   2.865916E+01
   8.503636E+01   2.865723E+01
   8.502948E+01   2.865584E+01
   8.502658E+01   2.865119E+01
   8.502205E+01   2.864793E+01
   8.501945E+01   2.864297E+01
   8.501534E+01   2.863899E+01
   8.501123E+01   2.863711E+01
   8.500731E+01   2.863409E+01
   8.500392E+01   2.863047E+01
   8.500120E+01   2.862551E+01
   8.499969E+01   2.862268E+01
   8.499468E+01   2.861802E+01
   8.499069E+01   2.861416E+01
   8.498761E+01   2.861102E+01
   8.498640E+01   2.860812E+01
   8.498622E+01   2.860467E+01
   8.498864E+01   2.860286E+01
   8.499269E+01   2.860063E+01
   8.498719E+01   2.859561E+01
   8.498465E+01   2.859253E+01
   8.498169E+01   2.859084E+01
   8.497686E+01   2.859030E+01
   8.497354E+01   2.858933E+01
   8.497215E+01   2.858722E+01
   8.496792E+01   2.858643E+01
   8.496315E+01   2.858625E+01
   8.495668E+01   2.858335E+01
   8.494854E+01   2.858230E+01
   8.494582E+01   2.859428E+01
   8.493626E+01   2.859472E+01
   8.492526E+01   2.859457E+01
   8.491904E+01   2.859457E+01
   8.490631E+01   2.858878E+01
   8.490240E+01   2.859385E+01
   8.490023E+01   2.859066E+01
   8.489125E+01   2.859008E+01
   8.488329E+01   2.858227E+01
   8.487678E+01   2.858053E+01
   8.486983E+01   2.858227E+01
   8.485782E+01   2.857272E+01
   8.477750E+01   2.861006E+01
   8.476751E+01   2.861078E+01
   8.476331E+01   2.861324E+01
   8.475955E+01   2.861382E+01
   8.475217E+01   2.861556E+01
   8.474551E+01   2.861860E+01
   8.473871E+01   2.861686E+01
   8.473361E+01   2.861780E+01
   8.473006E+01   2.862062E+01
   8.472493E+01   2.862040E+01
   8.472190E+01   2.862568E+01
   8.471922E+01   2.862878E+01
   8.471662E+01   2.863037E+01
   8.471431E+01   2.863240E+01
   8.470751E+01   2.863392E+01
   8.470318E+01   2.863449E+01
   8.469862E+01   2.863507E+01
   8.469588E+01   2.863630E+01
   8.469870E+01   2.864215E+01
   8.470079E+01   2.864534E+01
   8.470130E+01   2.864873E+01
   8.469848E+01   2.865105E+01
   8.469747E+01   2.865386E+01
   8.470115E+01   2.866268E+01
   8.470426E+01   2.867164E+01
   8.469899E+01   2.867135E+01
   8.469530E+01   2.867266E+01
   8.469176E+01   2.867699E+01
   8.468757E+01   2.867931E+01
   8.468316E+01   2.867880E+01
   8.467716E+01   2.867923E+01
   8.467275E+01   2.868097E+01
   8.466812E+01   2.868393E+01
   8.466812E+01   2.868783E+01
   8.466726E+01   2.869318E+01
   8.466516E+01   2.869434E+01
   8.466263E+01   2.869636E+01
   8.465317E+01   2.870014E+01
   8.465014E+01   2.871027E+01
   8.464742E+01   2.871905E+01
   8.464289E+01   2.872555E+01
   8.463593E+01   2.873039E+01
   8.463109E+01   2.873206E+01
   8.462776E+01   2.873327E+01
   8.462110E+01   2.873599E+01
   8.461324E+01   2.873629E+01
   8.460522E+01   2.873342E+01
   8.459796E+01   2.873539E+01
   8.459100E+01   2.873675E+01
   8.457451E+01   2.873539E+01
   8.456574E+01   2.874204E+01
   8.455787E+01   2.874597E+01
   8.455243E+01   2.875097E+01
   8.454502E+01   2.874643E+01
   8.453806E+01   2.874340E+01
   8.453110E+01   2.874401E+01
   8.452369E+01   2.874340E+01
   8.450962E+01   2.874522E+01
   8.449888E+01   2.874144E+01
   8.449071E+01   2.873493E+01
   8.448406E+01   2.873947E+01
   8.448073E+01   2.874582E+01
   8.447634E+01   2.874718E+01
   8.447029E+01   2.875051E+01
   8.446227E+01   2.875278E+01
   8.445849E+01   2.875505E+01
   8.445607E+01   2.875928E+01
   8.445214E+01   2.876518E+01
   8.444011E+01   2.876866E+01
   8.444110E+01   2.877744E+01
   8.444548E+01   2.878303E+01
   8.444352E+01   2.878833E+01
   8.443943E+01   2.879589E+01
   8.443247E+01   2.880073E+01
   8.443036E+01   2.880845E+01
   8.443263E+01   2.881692E+01
   8.443036E+01   2.882388E+01
   8.442416E+01   2.882509E+01
   8.441977E+01   2.883144E+01
   8.441145E+01   2.883023E+01
   8.440479E+01   2.882856E+01
   8.440101E+01   2.883537E+01
   8.440086E+01   2.883870E+01
   8.440721E+01   2.884339E+01
   8.440903E+01   2.885065E+01
   8.439844E+01   2.885700E+01
   8.438952E+01   2.886033E+01
   8.437499E+01   2.886547E+01
   8.436320E+01   2.886018E+01
   8.435699E+01   2.886033E+01
   8.434656E+01   2.886880E+01
   8.433854E+01   2.887152E+01
   8.433506E+01   2.886517E+01
   8.433037E+01   2.886335E+01
   8.432462E+01   2.886184E+01
   8.432175E+01   2.886653E+01
   8.431540E+01   2.886971E+01
   8.430541E+01   2.887046E+01
   8.429679E+01   2.887228E+01
   8.428787E+01   2.887727E+01
   8.428333E+01   2.888347E+01
   8.427531E+01   2.888620E+01
   8.427198E+01   2.889073E+01
   8.426911E+01   2.889557E+01
   8.426639E+01   2.889890E+01
   8.425852E+01   2.889618E+01
   8.425020E+01   2.888937E+01
   8.423583E+01   2.889164E+01
   8.422993E+01   2.889225E+01
   8.422624E+01   2.889306E+01
   8.421395E+01   2.889400E+01
   8.419206E+01   2.889928E+01
   8.417553E+01   2.889054E+01
   8.416191E+01   2.887707E+01
   8.414963E+01   2.887712E+01
   8.413603E+01   2.888545E+01
   8.412677E+01   2.888920E+01
   8.411205E+01   2.888319E+01
   8.410177E+01   2.888682E+01
   8.409365E+01   2.888110E+01
   8.408984E+01   2.887255E+01
   8.408854E+01   2.885491E+01
   8.407556E+01   2.884580E+01
   8.406913E+01   2.884144E+01
   8.405659E+01   2.884166E+01
   8.405116E+01   2.883807E+01
   8.404676E+01   2.882781E+01
   8.404441E+01   2.881830E+01
   8.403143E+01   2.881195E+01
   8.402218E+01   2.880131E+01
   8.400832E+01   2.880100E+01
   8.400366E+01   2.880553E+01
   8.399606E+01   2.881208E+01
   8.397227E+01   2.881699E+01
   8.396330E+01   2.882689E+01
   8.395646E+01   2.883562E+01
   8.394350E+01   2.883074E+01
   8.393910E+01   2.881871E+01
   8.394188E+01   2.880879E+01
   8.393860E+01   2.879107E+01
   8.391829E+01   2.877778E+01
   8.390259E+01   2.877394E+01
   8.389307E+01   2.877233E+01
   8.389406E+01   2.875750E+01
   8.389039E+01   2.874825E+01
   8.388464E+01   2.874164E+01
   8.387558E+01   2.873403E+01
   8.386643E+01   2.872561E+01
   8.384948E+01   2.872656E+01
   8.383657E+01   2.872419E+01
   8.382583E+01   2.871908E+01
   8.382033E+01   2.871408E+01
   8.381068E+01   2.871217E+01
   8.379297E+01   2.869014E+01
   8.381583E+01   2.867790E+01
   8.383578E+01   2.866528E+01
   8.384869E+01   2.865412E+01
   8.385540E+01   2.864313E+01
   8.386391E+01   2.862500E+01
   8.386503E+01   2.861189E+01
   8.386008E+01   2.861012E+01
   8.384872E+01   2.860395E+01
   8.384346E+01   2.860485E+01
   8.382679E+01   2.859625E+01
   8.381084E+01   2.859121E+01
   8.380494E+01   2.858523E+01
   8.380126E+01   2.857978E+01
   8.380378E+01   2.857207E+01
   8.381677E+01   2.855005E+01
   8.382637E+01   2.853814E+01
   8.381955E+01   2.852747E+01
   8.378441E+01   2.849800E+01
   8.375982E+01   2.847677E+01
   8.375329E+01   2.846856E+01
   8.375228E+01   2.845616E+01
   8.373976E+01   2.844264E+01
   8.373619E+01   2.843107E+01
   8.373171E+01   2.842108E+01
   8.373801E+01   2.841014E+01
   8.375291E+01   2.840404E+01
   8.376191E+01   2.839910E+01
   8.375694E+01   2.839309E+01
   8.375397E+01   2.839366E+01
   8.375004E+01   2.839457E+01
   8.374845E+01   2.839399E+01
   8.374574E+01   2.839456E+01
   8.374292E+01   2.839453E+01
   8.373968E+01   2.839470E+01
   8.373645E+01   2.839467E+01
   8.373087E+01   2.839603E+01
   8.372485E+01   2.839570E+01
   8.371334E+01   2.839512E+01
   8.370425E+01   2.839963E+01
   8.370129E+01   2.839585E+01
   8.370421E+01   2.839085E+01
   8.370940E+01   2.838371E+01
   8.371490E+01   2.837865E+01
   8.371734E+01   2.837764E+01
   8.372013E+01   2.837650E+01
   8.372055E+01   2.837301E+01
   8.371826E+01   2.836882E+01
   8.371998E+01   2.836418E+01
   8.372271E+01   2.835894E+01
   8.372540E+01   2.835869E+01
   8.372705E+01   2.835611E+01
   8.372782E+01   2.834806E+01
   8.373432E+01   2.834536E+01
   8.373898E+01   2.834125E+01
   8.373881E+01   2.833816E+01
   8.374079E+01   2.833479E+01
   8.374234E+01   2.833209E+01
   8.374520E+01   2.832919E+01
   8.374746E+01   2.832698E+01
   8.374987E+01   2.832552E+01
   8.375364E+01   2.832422E+01
   8.375626E+01   2.832312E+01
   8.375832E+01   2.832146E+01
   8.375867E+01   2.831927E+01
   8.376063E+01   2.831705E+01
   8.376233E+01   2.831541E+01
   8.376429E+01   2.831445E+01
   8.376593E+01   2.831335E+01
   8.376734E+01   2.831255E+01
   8.377003E+01   2.831167E+01
   8.377259E+01   2.831101E+01
   8.377450E+01   2.830914E+01
   8.377124E+01   2.830631E+01
   8.376939E+01   2.830361E+01
   8.376766E+01   2.830034E+01
   8.376485E+01   2.829700E+01
   8.376286E+01   2.829589E+01
   8.376135E+01   2.829259E+01
   8.376621E+01   2.828977E+01
   8.377441E+01   2.828254E+01
   8.376683E+01   2.827473E+01
   8.376825E+01   2.827258E+01
   8.377039E+01   2.827118E+01
   8.377276E+01   2.826938E+01
   8.377639E+01   2.826803E+01
   8.377785E+01   2.827073E+01
   8.378188E+01   2.826834E+01
   8.379229E+01   2.826310E+01
   8.380115E+01   2.826068E+01
   8.380827E+01   2.826146E+01
   8.381121E+01   2.826154E+01
   8.381714E+01   2.826016E+01
   8.382224E+01   2.825664E+01
   8.380388E+01   2.823473E+01
   8.379983E+01   2.822769E+01
   8.380960E+01   2.821957E+01
   8.380448E+01   2.822117E+01
   8.380163E+01   2.821327E+01
   8.379688E+01   2.820764E+01
   8.379438E+01   2.820599E+01
   8.379224E+01   2.820483E+01
   8.378890E+01   2.820358E+01
   8.378710E+01   2.820158E+01
   8.378429E+01   2.819938E+01
   8.378349E+01   2.819732E+01
   8.378146E+01   2.819696E+01
   8.377954E+01   2.819811E+01
   8.377838E+01   2.819927E+01
   8.377718E+01   2.819969E+01
   8.377425E+01   2.819836E+01
   8.376836E+01   2.819510E+01
   8.375663E+01   2.819038E+01
   8.376310E+01   2.817209E+01
   8.376295E+01   2.815991E+01
   8.376088E+01   2.814827E+01
   8.375240E+01   2.814797E+01
   8.374445E+01   2.814812E+01
   8.373234E+01   2.814674E+01
   8.371760E+01   2.813490E+01
   8.370786E+01   2.812814E+01
   8.370847E+01   2.812529E+01
   8.370711E+01   2.811679E+01
   8.371467E+01   2.811322E+01
   8.372017E+01   2.810818E+01
   8.373004E+01   2.810140E+01
   8.372378E+01   2.809858E+01
   8.371765E+01   2.808986E+01
   8.371069E+01   2.808341E+01
   8.371071E+01   2.807416E+01
   8.370886E+01   2.806100E+01
   8.370328E+01   2.805399E+01
   8.369853E+01   2.805240E+01
   8.369589E+01   2.805308E+01
   8.369443E+01   2.804523E+01
   8.368854E+01   2.803874E+01
   8.369821E+01   2.803239E+01
   8.368881E+01   2.802885E+01
   8.368199E+01   2.802069E+01
   8.367507E+01   2.801670E+01
   8.367040E+01   2.801452E+01
   8.364591E+01   2.801336E+01
   8.363114E+01   2.801594E+01
   8.362734E+01   2.800631E+01
   8.362566E+01   2.800591E+01
   8.362059E+01   2.800835E+01
   8.361712E+01   2.801032E+01
   8.360807E+01   2.801039E+01
   8.360490E+01   2.801228E+01
   8.360303E+01   2.800265E+01
   8.360258E+01   2.799624E+01
   8.359169E+01   2.798862E+01
   8.358412E+01   2.798705E+01
   8.358457E+01   2.797911E+01
   8.357667E+01   2.797443E+01
   8.356567E+01   2.797543E+01
   8.355493E+01   2.797634E+01
   8.354842E+01   2.797578E+01
   8.353855E+01   2.796939E+01
   8.353217E+01   2.796587E+01
   8.352892E+01   2.796528E+01
   8.352285E+01   2.796382E+01
   8.350967E+01   2.796876E+01
   8.350592E+01   2.797244E+01
   8.350217E+01   2.797665E+01
   8.348942E+01   2.797977E+01
   8.347998E+01   2.797741E+01
   8.347559E+01   2.797470E+01
   8.347313E+01   2.797095E+01
   8.347042E+01   2.796813E+01
   8.346789E+01   2.796504E+01
   8.346593E+01   2.796308E+01
   8.346488E+01   2.796119E+01
   8.346441E+01   2.795760E+01
   8.346376E+01   2.795539E+01
   8.346069E+01   2.795289E+01
   8.345511E+01   2.794961E+01
   8.344818E+01   2.794693E+01
   8.344413E+01   2.794457E+01
   8.344361E+01   2.794290E+01
   8.344326E+01   2.793692E+01
   8.343972E+01   2.793345E+01
   8.344350E+01   2.793193E+01
   8.344882E+01   2.792814E+01
   8.345708E+01   2.793331E+01
   8.346535E+01   2.793171E+01
   8.347815E+01   2.792408E+01
   8.348623E+01   2.792293E+01
   8.349046E+01   2.792913E+01
   8.350267E+01   2.792725E+01
   8.350876E+01   2.793391E+01
   8.350509E+01   2.793940E+01
   8.351317E+01   2.793960E+01
   8.352238E+01   2.792525E+01
   8.352621E+01   2.792500E+01
   8.353047E+01   2.793175E+01
   8.353055E+01   2.793923E+01
   8.353453E+01   2.793899E+01
   8.353720E+01   2.793024E+01
   8.354604E+01   2.792954E+01
   8.356009E+01   2.793483E+01
   8.356485E+01   2.793427E+01
   8.356776E+01   2.794051E+01
   8.357127E+01   2.794329E+01
   8.357567E+01   2.793388E+01
   8.357821E+01   2.793045E+01
   8.359316E+01   2.793098E+01
   8.360871E+01   2.792492E+01
   8.361463E+01   2.792997E+01
   8.361898E+01   2.792930E+01
   8.362135E+01   2.792611E+01
   8.362569E+01   2.792647E+01
   8.362603E+01   2.792427E+01
   8.362523E+01   2.791543E+01
   8.363303E+01   2.791405E+01
   8.363305E+01   2.790523E+01
   8.363317E+01   2.790071E+01
   8.363987E+01   2.790214E+01
   8.364500E+01   2.789861E+01
   8.365426E+01   2.790237E+01
   8.366720E+01   2.792137E+01
   8.367372E+01   2.792665E+01
   8.368041E+01   2.792587E+01
   8.367941E+01   2.792029E+01
   8.368653E+01   2.791897E+01
   8.368937E+01   2.792399E+01
   8.370173E+01   2.791859E+01
   8.371351E+01   2.791739E+01
   8.371852E+01   2.792041E+01
   8.372548E+01   2.791226E+01
   8.373604E+01   2.790402E+01
   8.374708E+01   2.790266E+01
   8.374943E+01   2.790733E+01
   8.375776E+01   2.790571E+01
   8.375891E+01   2.790909E+01
   8.377332E+01   2.790464E+01
   8.378459E+01   2.789043E+01
   8.379110E+01   2.788379E+01
   8.380081E+01   2.787858E+01
   8.382095E+01   2.787785E+01
   8.383653E+01   2.786996E+01
   8.384710E+01   2.787084E+01
   8.384716E+01   2.788210E+01
   8.385120E+01   2.787454E+01
   8.385948E+01   2.787463E+01
   8.386068E+01   2.788236E+01
   8.386603E+01   2.788438E+01
   8.387604E+01   2.788791E+01
   8.387710E+01   2.788851E+01
   8.388089E+01   2.788742E+01
   8.387970E+01   2.788371E+01
   8.388413E+01   2.788235E+01
   8.388902E+01   2.788591E+01
   8.389209E+01   2.788624E+01
   8.389614E+01   2.788417E+01
   8.390041E+01   2.788276E+01
   8.390566E+01   2.788205E+01
   8.391417E+01   2.787776E+01
   8.390982E+01   2.787390E+01
   8.391346E+01   2.787107E+01
   8.391882E+01   2.787166E+01
   8.392323E+01   2.786885E+01
   8.392588E+01   2.786812E+01
   8.393089E+01   2.787190E+01
   8.393533E+01   2.787559E+01
   8.393683E+01   2.787787E+01
   8.393879E+01   2.787815E+01
   8.394353E+01   2.787431E+01
   8.394679E+01   2.787034E+01
   8.394931E+01   2.786915E+01
   8.395254E+01   2.786978E+01
   8.395876E+01   2.787323E+01
   8.396274E+01   2.787183E+01
   8.396749E+01   2.787022E+01
   8.397002E+01   2.787111E+01
   8.397143E+01   2.787273E+01
   8.397268E+01   2.787211E+01
   8.397407E+01   2.786802E+01
   8.397968E+01   2.786561E+01
   8.399365E+01   2.786631E+01
   8.399713E+01   2.786382E+01
   8.399770E+01   2.786102E+01
   8.399830E+01   2.785551E+01
   8.400168E+01   2.785522E+01
   8.401297E+01   2.785239E+01
   8.402216E+01   2.785136E+01
   8.401991E+01   2.785582E+01
   8.401527E+01   2.785827E+01
   8.401824E+01   2.786173E+01
   8.402844E+01   2.785658E+01
   8.403956E+01   2.785721E+01
   8.404012E+01   2.785378E+01
   8.403903E+01   2.785061E+01
   8.404246E+01   2.784998E+01
   8.404272E+01   2.785275E+01
   8.404223E+01   2.785482E+01
   8.404978E+01   2.785596E+01
   8.405152E+01   2.784932E+01
   8.406390E+01   2.785467E+01
   8.406946E+01   2.785814E+01
   8.407001E+01   2.786400E+01
   8.407538E+01   2.786391E+01
   8.407896E+01   2.786412E+01
   8.407723E+01   2.786915E+01
   8.408042E+01   2.786947E+01
   8.408806E+01   2.786833E+01
   8.409916E+01   2.786712E+01
   8.410111E+01   2.786429E+01
   8.409705E+01   2.786086E+01
   8.409565E+01   2.785824E+01
   8.409836E+01   2.785651E+01
   8.410356E+01   2.785530E+01
   8.410690E+01   2.786137E+01
   8.411087E+01   2.786065E+01
   8.411265E+01   2.785462E+01
   8.411426E+01   2.785156E+01
   8.411935E+01   2.785113E+01
   8.412111E+01   2.785575E+01
   8.411988E+01   2.785947E+01
   8.412752E+01   2.785887E+01
   8.412898E+01   2.785253E+01
   8.412327E+01   2.785014E+01
   8.412119E+01   2.784746E+01
   8.412651E+01   2.784517E+01
   8.413295E+01   2.784691E+01
   8.414149E+01   2.784976E+01
   8.414711E+01   2.784898E+01
   8.415194E+01   2.784712E+01
   8.415664E+01   2.784737E+01
   8.415435E+01   2.784259E+01
   8.415701E+01   2.783940E+01
   8.416168E+01   2.784065E+01
   8.416252E+01   2.784534E+01
   8.416462E+01   2.784672E+01
   8.416864E+01   2.784534E+01
   8.417246E+01   2.784932E+01
   8.417550E+01   2.785192E+01
   8.418411E+01   2.784942E+01
   8.419233E+01   2.784652E+01
   8.420145E+01   2.785206E+01
   8.420762E+01   2.784892E+01
   8.420602E+01   2.784399E+01
   8.420743E+01   2.783993E+01
   8.421123E+01   2.783936E+01
   8.421164E+01   2.784158E+01
   8.421024E+01   2.784447E+01
   8.421591E+01   2.784686E+01
   8.421983E+01   2.784452E+01
   8.422346E+01   2.783783E+01
   8.422666E+01   2.783672E+01
   8.422878E+01   2.784084E+01
   8.422726E+01   2.784416E+01
   8.423095E+01   2.784659E+01
   8.423526E+01   2.784428E+01
   8.424112E+01   2.784659E+01
   8.424687E+01   2.784342E+01
   8.425254E+01   2.783862E+01
   8.426303E+01   2.783932E+01
   8.426691E+01   2.783722E+01
   8.426608E+01   2.783329E+01
   8.426987E+01   2.783321E+01
   8.427131E+01   2.783650E+01
   8.427790E+01   2.783714E+01
   8.428343E+01   2.783773E+01
   8.429125E+01   2.783813E+01
   8.429285E+01   2.783595E+01
   8.429642E+01   2.782817E+01
   8.430489E+01   2.782003E+01
   8.430562E+01   2.781722E+01
   8.430099E+01   2.781566E+01
   8.430071E+01   2.781323E+01
   8.430236E+01   2.780993E+01
   8.429970E+01   2.780771E+01
   8.429790E+01   2.780530E+01
   8.429897E+01   2.780067E+01
   8.429970E+01   2.779632E+01
   8.430159E+01   2.779131E+01
   8.430725E+01   2.778905E+01
   8.431353E+01   2.778542E+01
   8.431705E+01   2.777699E+01
   8.431583E+01   2.776911E+01
   8.431594E+01   2.776262E+01
   8.432132E+01   2.775975E+01
   8.432394E+01   2.775108E+01
   8.432918E+01   2.774823E+01
   8.433864E+01   2.774454E+01
   8.434143E+01   2.774876E+01
   8.434780E+01   2.774992E+01
   8.435377E+01   2.775094E+01
   8.436081E+01   2.775400E+01
   8.436132E+01   2.775920E+01
   8.436420E+01   2.776384E+01
   8.436656E+01   2.777200E+01
   8.436883E+01   2.777601E+01
   8.437557E+01   2.777853E+01
   8.438124E+01   2.777884E+01
   8.438419E+01   2.777714E+01
   8.438870E+01   2.777608E+01
   8.439875E+01   2.777137E+01
   8.440488E+01   2.776241E+01
   8.441289E+01   2.775935E+01
   8.441971E+01   2.775537E+01
   8.441705E+01   2.775120E+01
   8.442016E+01   2.774804E+01
   8.442440E+01   2.774653E+01
   8.442132E+01   2.774381E+01
   8.442420E+01   2.774231E+01
   8.443068E+01   2.774129E+01
   8.444373E+01   2.775136E+01
   8.445429E+01   2.775982E+01
   8.446079E+01   2.775652E+01
   8.447029E+01   2.775192E+01
   8.447030E+01   2.776131E+01
   8.446298E+01   2.777087E+01
   8.444857E+01   2.777834E+01
   8.442997E+01   2.779136E+01
   8.443263E+01   2.781367E+01
   8.444023E+01   2.781650E+01
   8.444288E+01   2.782120E+01
   8.445270E+01   2.782104E+01
   8.446315E+01   2.781943E+01
   8.446634E+01   2.782111E+01
   8.447677E+01   2.782329E+01
   8.449039E+01   2.782069E+01
   8.449354E+01   2.781931E+01
   8.450814E+01   2.781673E+01
   8.451826E+01   2.781689E+01
   8.452026E+01   2.782798E+01
   8.452354E+01   2.783306E+01
   8.453810E+01   2.783326E+01
   8.454559E+01   2.783183E+01
   8.455663E+01   2.783805E+01
   8.455844E+01   2.784811E+01
   8.455685E+01   2.785302E+01
   8.455924E+01   2.785795E+01
   8.457758E+01   2.786531E+01
   8.457768E+01   2.787174E+01
   8.458694E+01   2.787828E+01
   8.459257E+01   2.787920E+01
   8.460260E+01   2.787611E+01
   8.460698E+01   2.787147E+01
   8.461742E+01   2.787931E+01
   8.462581E+01   2.787902E+01
   8.462628E+01   2.787346E+01
   8.463451E+01   2.786118E+01
   8.464738E+01   2.786031E+01
   8.464916E+01   2.785763E+01
   8.464666E+01   2.785460E+01
   8.465376E+01   2.785244E+01
   8.465852E+01   2.785128E+01
   8.466103E+01   2.784801E+01
   8.466375E+01   2.784152E+01
   8.466301E+01   2.783587E+01
   8.466513E+01   2.782595E+01
   8.466720E+01   2.781866E+01
   8.468805E+01   2.781053E+01
   8.469539E+01   2.780874E+01
   8.470772E+01   2.780659E+01
   8.471471E+01   2.780120E+01
   8.472639E+01   2.780042E+01
   8.473770E+01   2.780325E+01
   8.474704E+01   2.780580E+01
   8.475629E+01   2.781230E+01
   8.477001E+01   2.781441E+01
   8.477526E+01   2.780844E+01
   8.477802E+01   2.781852E+01
   8.477317E+01   2.782971E+01
   8.477564E+01   2.783640E+01
   8.477232E+01   2.783825E+01
   8.477076E+01   2.784131E+01
   8.476733E+01   2.784438E+01
   8.476779E+01   2.784863E+01
   8.476598E+01   2.785303E+01
   8.476500E+01   2.785988E+01
   8.475772E+01   2.786057E+01
   8.475490E+01   2.786686E+01
   8.475138E+01   2.787624E+01
   8.474571E+01   2.788069E+01
   8.473954E+01   2.788986E+01
   8.473778E+01   2.789659E+01
   8.473321E+01   2.790734E+01
   8.473438E+01   2.791711E+01
   8.473245E+01   2.792494E+01
   8.473247E+01   2.792698E+01
   8.473403E+01   2.793130E+01
   8.473943E+01   2.794081E+01
   8.474564E+01   2.795326E+01
   8.475681E+01   2.796309E+01
   8.476730E+01   2.796748E+01
   8.477472E+01   2.797416E+01
   8.477192E+01   2.797766E+01
   8.477612E+01   2.797738E+01
   8.477756E+01   2.798042E+01
   8.478428E+01   2.798329E+01
   8.478584E+01   2.798816E+01
   8.478838E+01   2.799628E+01
   8.479684E+01   2.799792E+01
   8.479715E+01   2.800245E+01
   8.480102E+01   2.800060E+01
   8.480513E+01   2.800087E+01
   8.481109E+01   2.800280E+01
   8.480963E+01   2.801433E+01
   8.481296E+01   2.802328E+01
   8.481304E+01   2.802750E+01
   8.481187E+01   2.803265E+01
   8.480878E+01   2.803634E+01
   8.481043E+01   2.803997E+01
   8.481807E+01   2.804724E+01
   8.481824E+01   2.805329E+01
   8.481992E+01   2.805584E+01
   8.482097E+01   2.805746E+01
   8.482097E+01   2.805987E+01
   8.482056E+01   2.806109E+01
   8.482079E+01   2.806327E+01
   8.482176E+01   2.806424E+01
END
   8.376473E+01   2.829791E+01
   8.376410E+01   2.829638E+01
   8.376241E+01   2.829406E+01
   8.376452E+01   2.829159E+01
   8.377407E+01   2.828543E+01
   8.376665E+01   2.827537E+01
   8.376746E+01   2.827346E+01
   8.376972E+01   2.827157E+01
   8.377222E+01   2.826928E+01
   8.377594E+01   2.826813E+01
   8.377736E+01   2.826993E+01
   8.378073E+01   2.826960E+01
   8.378987E+01   2.826516E+01
   8.379896E+01   2.826224E+01
   8.380690E+01   2.826188E+01
   8.380985E+01   2.826106E+01
   8.381486E+01   2.826075E+01
   8.382051E+01   2.826056E+01
   8.380935E+01   2.824086E+01
   8.379872E+01   2.822866E+01
   8.380743E+01   2.822045E+01
   8.380597E+01   2.821895E+01
   8.380276E+01   2.821696E+01
   8.379821E+01   2.820888E+01
   8.379480E+01   2.820602E+01
   8.379273E+01   2.820528E+01
   8.379085E+01   2.820386E+01
   8.378718E+01   2.820270E+01
   8.378622E+01   2.819905E+01
   8.378369E+01   2.819783E+01
   8.378214E+01   2.819702E+01
   8.378010E+01   2.819787E+01
   8.377894E+01   2.819919E+01
   8.377774E+01   2.819977E+01
   8.377523E+01   2.819870E+01
   8.377140E+01   2.819818E+01
   8.376285E+01   2.819162E+01
   8.376130E+01   2.817444E+01
   8.376065E+01   2.816301E+01
   8.376429E+01   2.815293E+01
   8.375729E+01   2.814604E+01
   8.374524E+01   2.814799E+01
   8.373451E+01   2.814816E+01
   8.372313E+01   2.813994E+01
   8.370769E+01   2.812854E+01
   8.370840E+01   2.812669E+01
   8.370643E+01   2.811854E+01
   8.371171E+01   2.811437E+01
   8.371844E+01   2.810884E+01
   8.372488E+01   2.810532E+01
   8.372707E+01   2.810113E+01
   8.372011E+01   2.809156E+01
   8.370302E+01   2.809022E+01
   8.370859E+01   2.807560E+01
   8.371273E+01   2.806317E+01
   8.370566E+01   2.805584E+01
   8.370149E+01   2.805238E+01
   8.369712E+01   2.805254E+01
   8.369162E+01   2.804700E+01
   8.369248E+01   2.803894E+01
   8.369418E+01   2.803393E+01
   8.369350E+01   2.802653E+01
   8.368608E+01   2.802250E+01
   8.367678E+01   2.801746E+01
   8.367216E+01   2.801623E+01
   8.365504E+01   2.801211E+01
   8.363761E+01   2.801816E+01
   8.362717E+01   2.800705E+01
   8.362618E+01   2.800554E+01
   8.362295E+01   2.800861E+01
   8.361834E+01   2.800903E+01
   8.361029E+01   2.801257E+01
   8.360584E+01   2.801179E+01
   8.360499E+01   2.800544E+01
   8.360338E+01   2.799739E+01
   8.359442E+01   2.798999E+01
   8.358517E+01   2.798789E+01
   8.358507E+01   2.798116E+01
   8.357854E+01   2.797549E+01
   8.357135E+01   2.797608E+01
   8.355637E+01   2.797396E+01
   8.354984E+01   2.797679E+01
   8.354184E+01   2.797164E+01
   8.353382E+01   2.796819E+01
   8.353115E+01   2.796472E+01
   8.352509E+01   2.796592E+01
   8.351004E+01   2.796801E+01
   8.350734E+01   2.797156E+01
   8.350340E+01   2.797492E+01
   8.349737E+01   2.797736E+01
   8.348248E+01   2.798121E+01
   8.347800E+01   2.797480E+01
   8.347409E+01   2.797195E+01
   8.347166E+01   2.796873E+01
   8.346848E+01   2.796579E+01
   8.346672E+01   2.796380E+01
   8.346506E+01   2.796164E+01
   8.346451E+01   2.795806E+01
   8.346389E+01   2.795613E+01
   8.346247E+01   2.795383E+01
   8.345745E+01   2.795074E+01
   8.345052E+01   2.794828E+01
   8.344505E+01   2.794551E+01
   8.344365E+01   2.794322E+01
   8.344569E+01   2.793887E+01
   8.344008E+01   2.793405E+01
   8.344177E+01   2.793210E+01
   8.344752E+01   2.792840E+01
   8.345227E+01   2.793275E+01
   8.346333E+01   2.793241E+01
   8.347594E+01   2.792568E+01
   8.348377E+01   2.792257E+01
   8.348755E+01   2.792691E+01
   8.349540E+01   2.792715E+01
   8.350968E+01   2.793269E+01
   8.350355E+01   2.793714E+01
   8.351030E+01   2.794061E+01
   8.352252E+01   2.793089E+01
   8.352436E+01   2.792408E+01
   8.352724E+01   2.792904E+01
   8.353039E+01   2.793756E+01
   8.353225E+01   2.793953E+01
   8.353703E+01   2.793226E+01
   8.354026E+01   2.792775E+01
   8.355477E+01   2.793102E+01
   8.356403E+01   2.793393E+01
   8.356684E+01   2.793546E+01
   8.357051E+01   2.794356E+01
   8.357677E+01   2.793601E+01
   8.357381E+01   2.793072E+01
   8.358884E+01   2.793157E+01
   8.360093E+01   2.792351E+01
   8.361366E+01   2.792829E+01
   8.361808E+01   2.793025E+01
   8.361905E+01   2.792739E+01
   8.362478E+01   2.792670E+01
   8.362667E+01   2.792486E+01
   8.362105E+01   2.791742E+01
   8.363107E+01   2.791461E+01
   8.363171E+01   2.791156E+01
   8.363310E+01   2.790104E+01
   8.363439E+01   2.789924E+01
   8.364370E+01   2.789917E+01
   8.364874E+01   2.790245E+01
   8.366006E+01   2.791144E+01
   8.367121E+01   2.792532E+01
   8.367872E+01   2.792682E+01
   8.368125E+01   2.792232E+01
   8.368418E+01   2.791673E+01
   8.368732E+01   2.792338E+01
   8.369739E+01   2.791682E+01
   8.371121E+01   2.791678E+01
   8.371748E+01   2.792060E+01
   8.372181E+01   2.791685E+01
   8.373480E+01   2.790471E+01
   8.374612E+01   2.789945E+01
   8.374428E+01   2.790744E+01
   8.375785E+01   2.790294E+01
   8.375612E+01   2.790947E+01
   8.376719E+01   2.790701E+01
   8.378364E+01   2.789220E+01
   8.378975E+01   2.788499E+01
   8.379823E+01   2.788199E+01
   8.381538E+01   2.787409E+01
   8.382894E+01   2.787277E+01
   8.384589E+01   2.786914E+01
   8.384377E+01   2.788066E+01
   8.385092E+01   2.787736E+01
   8.385758E+01   2.787353E+01
   8.385993E+01   2.787972E+01
   8.386561E+01   2.788426E+01
   8.387394E+01   2.788598E+01
   8.387659E+01   2.788823E+01
   8.388069E+01   2.788792E+01
   8.388065E+01   2.788542E+01
   8.388253E+01   2.788233E+01
   8.388818E+01   2.788535E+01
   8.389115E+01   2.788638E+01
   8.389471E+01   2.788497E+01
   8.389966E+01   2.788297E+01
   8.390449E+01   2.788225E+01
   8.391265E+01   2.787916E+01
   8.391082E+01   2.787514E+01
   8.391192E+01   2.787162E+01
   8.391716E+01   2.787136E+01
   8.392295E+01   2.786911E+01
   8.392479E+01   2.786795E+01
   8.392916E+01   2.787089E+01
   8.393382E+01   2.787375E+01
   8.393629E+01   2.787724E+01
   8.393769E+01   2.787820E+01
   8.394281E+01   2.787563E+01
   8.394591E+01   2.787103E+01
   8.394798E+01   2.786943E+01
   8.395162E+01   2.786945E+01
   8.395819E+01   2.787317E+01
   8.396109E+01   2.787215E+01
   8.396637E+01   2.787023E+01
   8.396939E+01   2.787070E+01
   8.397089E+01   2.787255E+01
   8.397235E+01   2.787253E+01
   8.397374E+01   2.786875E+01
   8.397753E+01   2.786616E+01
   8.398906E+01   2.786675E+01
   8.399625E+01   2.786518E+01
   8.399721E+01   2.786182E+01
   8.399711E+01   2.785715E+01
   8.400020E+01   2.785482E+01
   8.400909E+01   2.785401E+01
   8.402050E+01   2.785080E+01
   8.402200E+01   2.785361E+01
   8.401590E+01   2.785720E+01
   8.401623E+01   2.786027E+01
   8.402275E+01   2.786119E+01
   8.403457E+01   2.785806E+01
   8.404102E+01   2.785512E+01
   8.403845E+01   2.785144E+01
   8.404186E+01   2.784993E+01
   8.404315E+01   2.785163E+01
   8.404180E+01   2.785410E+01
   8.404815E+01   2.785636E+01
   8.405105E+01   2.785061E+01
   8.405566E+01   2.785000E+01
   8.406787E+01   2.785641E+01
   8.406901E+01   2.786233E+01
   8.407474E+01   2.786528E+01
   8.407802E+01   2.786336E+01
   8.407744E+01   2.786784E+01
   8.407918E+01   2.786974E+01
   8.408509E+01   2.786923E+01
   8.409770E+01   2.786619E+01
   8.410126E+01   2.786642E+01
   8.409821E+01   2.786131E+01
   8.409534E+01   2.785870E+01
   8.409723E+01   2.785778E+01
   8.410222E+01   2.785462E+01
   8.410619E+01   2.785959E+01
   8.410943E+01   2.786190E+01
   8.411225E+01   2.785663E+01
   8.411298E+01   2.785247E+01
   8.411812E+01   2.785065E+01
   8.412132E+01   2.785395E+01
   8.411982E+01   2.785870E+01
   8.412553E+01   2.785993E+01
   8.412967E+01   2.785437E+01
   8.412531E+01   2.785071E+01
   8.412057E+01   2.784849E+01
   8.412437E+01   2.784591E+01
   8.413046E+01   2.784636E+01
   8.413911E+01   2.784892E+01
   8.414533E+01   2.784987E+01
   8.415014E+01   2.784729E+01
   8.415563E+01   2.784807E+01
   8.415510E+01   2.784359E+01
   8.415595E+01   2.783942E+01
   8.415915E+01   2.783967E+01
   8.416286E+01   2.784388E+01
   8.416301E+01   2.784674E+01
   8.416705E+01   2.784583E+01
   8.417162E+01   2.784703E+01
   8.417366E+01   2.785259E+01
   8.418164E+01   2.785061E+01
   8.418876E+01   2.784663E+01
   8.419900E+01   2.785101E+01
   8.420651E+01   2.785082E+01
   8.420683E+01   2.784593E+01
   8.420659E+01   2.784126E+01
   8.420994E+01   2.783881E+01
   8.421202E+01   2.784020E+01
   8.421007E+01   2.784346E+01
   8.421350E+01   2.784670E+01
   8.421799E+01   2.784655E+01
   8.422198E+01   2.784069E+01
   8.422558E+01   2.783614E+01
   8.422827E+01   2.783972E+01
   8.422752E+01   2.784314E+01
   8.422846E+01   2.784612E+01
   8.423385E+01   2.784458E+01
   8.423945E+01   2.784619E+01
   8.424558E+01   2.784578E+01
   8.425088E+01   2.783915E+01
   8.426086E+01   2.783900E+01
   8.426670E+01   2.783843E+01
   8.426577E+01   2.783453E+01
   8.426906E+01   2.783246E+01
   8.426981E+01   2.783566E+01
   8.427638E+01   2.783633E+01
   8.428086E+01   2.783809E+01
   8.428957E+01   2.783767E+01
   8.429240E+01   2.783678E+01
   8.429491E+01   2.783090E+01
   8.430315E+01   2.782061E+01
   8.430590E+01   2.781824E+01
   8.430245E+01   2.781574E+01
   8.430039E+01   2.781469E+01
   8.430200E+01   2.781107E+01
   8.430064E+01   2.780788E+01
   8.429764E+01   2.780672E+01
   8.429818E+01   2.780251E+01
   8.429991E+01   2.779767E+01
   8.430039E+01   2.779165E+01
   8.430500E+01   2.779038E+01
   8.431210E+01   2.778689E+01
   8.431677E+01   2.777908E+01
   8.431791E+01   2.777177E+01
   8.431519E+01   2.776444E+01
   8.431922E+01   2.776046E+01
   8.432336E+01   2.775396E+01
   8.432677E+01   2.774819E+01
   8.433665E+01   2.774614E+01
   8.434160E+01   2.774570E+01
   8.434525E+01   2.775108E+01
   8.435257E+01   2.774920E+01
   8.436036E+01   2.775326E+01
   8.436188E+01   2.775689E+01
   8.436351E+01   2.776190E+01
   8.436600E+01   2.777025E+01
   8.436806E+01   2.777485E+01
   8.437279E+01   2.777813E+01
   8.437956E+01   2.777916E+01
   8.438387E+01   2.777734E+01
   8.438700E+01   2.777741E+01
   8.439638E+01   2.777254E+01
   8.440287E+01   2.776496E+01
   8.441079E+01   2.775981E+01
   8.441895E+01   2.775760E+01
   8.441744E+01   2.775192E+01
   8.441889E+01   2.774832E+01
   8.442283E+01   2.774843E+01
   8.442173E+01   2.774423E+01
   8.442222E+01   2.774140E+01
   8.442796E+01   2.774222E+01
   8.443817E+01   2.774350E+01
   8.445096E+01   2.775916E+01
   8.445901E+01   2.775844E+01
   8.446682E+01   2.775219E+01
   8.447177E+01   2.775574E+01
   8.446536E+01   2.776939E+01
   8.445368E+01   2.777702E+01
   8.443426E+01   2.778304E+01
   8.443100E+01   2.780548E+01
   8.443818E+01   2.781554E+01
   8.444167E+01   2.781952E+01
   8.444616E+01   2.782340E+01
   8.445846E+01   2.781958E+01
   8.446624E+01   2.781994E+01
   8.446589E+01   2.782474E+01
   8.448917E+01   2.782118E+01
   8.449214E+01   2.781947E+01
   8.450363E+01   2.781945E+01
   8.451722E+01   2.781623E+01
   8.452067E+01   2.782280E+01
   8.452244E+01   2.783270E+01
   8.453344E+01   2.783309E+01
   8.454182E+01   2.783324E+01
   8.455497E+01   2.783578E+01
   8.455877E+01   2.784604E+01
   8.455713E+01   2.785109E+01
   8.455800E+01   2.785756E+01
   8.457367E+01   2.786174E+01
   8.457650E+01   2.786920E+01
   8.458390E+01   2.787602E+01
   8.458989E+01   2.787995E+01
   8.459794E+01   2.787606E+01
   8.460519E+01   2.787201E+01
   8.461395E+01   2.787644E+01
   8.462225E+01   2.788061E+01
   8.462777E+01   2.787515E+01
   8.463276E+01   2.786952E+01
   8.464501E+01   2.786082E+01
   8.464968E+01   2.785849E+01
   8.464717E+01   2.785565E+01
   8.464956E+01   2.785268E+01
   8.465777E+01   2.785157E+01
   8.466001E+01   2.784996E+01
   8.466263E+01   2.784333E+01
   8.466367E+01   2.783901E+01
   8.466144E+01   2.782851E+01
   8.466769E+01   2.782179E+01
   8.468413E+01   2.781069E+01
   8.469241E+01   2.780969E+01
   8.470444E+01   2.780741E+01
   8.471144E+01   2.780068E+01
   8.472233E+01   2.780116E+01
   8.473713E+01   2.779912E+01
   8.474417E+01   2.780416E+01
   8.475599E+01   2.780810E+01
   8.476529E+01   2.781860E+01
   8.477182E+01   2.780967E+01
   8.478292E+01   2.781368E+01
   8.477342E+01   2.782613E+01
   8.477599E+01   2.783508E+01
   8.477328E+01   2.783793E+01
   8.477048E+01   2.783936E+01
   8.476765E+01   2.784367E+01
   8.476822E+01   2.784663E+01
   8.476739E+01   2.785252E+01
   8.476577E+01   2.785810E+01
   8.475971E+01   2.785974E+01
   8.475487E+01   2.786675E+01
   8.475573E+01   2.786940E+01
   8.474596E+01   2.787967E+01
   8.474967E+01   2.788592E+01
   8.473569E+01   2.789332E+01
   8.473476E+01   2.790276E+01
   8.473505E+01   2.791514E+01
   8.473356E+01   2.792465E+01
   8.473208E+01   2.792665E+01
   8.473613E+01   2.793083E+01
   8.473935E+01   2.793633E+01
   8.474082E+01   2.794834E+01
   8.474573E+01   2.796030E+01
   8.476502E+01   2.796782E+01
   8.477528E+01   2.797198E+01
   8.477147E+01   2.797634E+01
   8.477448E+01   2.797716E+01
   8.477775E+01   2.797857E+01
   8.478188E+01   2.798246E+01
   8.478555E+01   2.798756E+01
   8.478845E+01   2.799319E+01
   8.479393E+01   2.799778E+01
   8.479635E+01   2.800146E+01
   8.479975E+01   2.800117E+01
   8.480417E+01   2.800085E+01
   8.480833E+01   2.800215E+01
   8.481320E+01   2.800973E+01
   8.481280E+01   2.802151E+01
   8.481184E+01   2.802572E+01
   8.481310E+01   2.803044E+01
   8.480935E+01   2.803449E+01
   8.481012E+01   2.803958E+01
   8.481438E+01   2.804558E+01
   8.481820E+01   2.805287E+01
   8.481856E+01   2.805479E+01
   8.482076E+01   2.805700E+01
   8.482111E+01   2.805918E+01
   8.482079E+01   2.806052E+01
   8.482070E+01   2.806304E+01
   8.482142E+01   2.806401E+01
   8.482345E+01   2.806537E+01
   8.482775E+01   2.807515E+01
   8.483159E+01   2.808513E+01
   8.483297E+01   2.809125E+01
   8.483691E+01   2.809555E+01
   8.483718E+01   2.809925E+01
   8.483766E+01   2.810156E+01
   8.483701E+01   2.810427E+01
   8.483805E+01   2.810661E+01
   8.484003E+01   2.810882E+01
   8.484232E+01   2.811084E+01
   8.484228E+01   2.811287E+01
   8.484199E+01   2.811470E+01
   8.484360E+01   2.811644E+01
   8.484784E+01   2.811780E+01
   8.485082E+01   2.811963E+01
   8.485383E+01   2.812205E+01
   8.485520E+01   2.812252E+01
   8.485755E+01   2.812117E+01
   8.485907E+01   2.812031E+01
   8.485996E+01   2.812113E+01
   8.486219E+01   2.812169E+01
   8.486509E+01   2.812104E+01
   8.486733E+01   2.812065E+01
   8.486975E+01   2.812025E+01
   8.487077E+01   2.811885E+01
   8.487134E+01   2.811779E+01
   8.487266E+01   2.811685E+01
   8.487387E+01   2.811617E+01
   8.487734E+01   2.811438E+01
   8.487917E+01   2.811344E+01
   8.488086E+01   2.811289E+01
   8.488261E+01   2.811111E+01
   8.488397E+01   2.810964E+01
   8.488482E+01   2.810762E+01
   8.488515E+01   2.810609E+01
   8.488581E+01   2.810514E+01
   8.488738E+01   2.810424E+01
   8.488907E+01   2.810354E+01
   8.489209E+01   2.810032E+01
   8.489261E+01   2.810048E+01
   8.489443E+01   2.810222E+01
   8.489570E+01   2.810339E+01
   8.490029E+01   2.810681E+01
   8.490142E+01   2.810606E+01
   8.490436E+01   2.810533E+01
   8.490678E+01   2.810494E+01
   8.490920E+01   2.810474E+01
   8.491145E+01   2.810385E+01
   8.491275E+01   2.810318E+01
   8.491432E+01   2.810291E+01
   8.491581E+01   2.810279E+01
   8.491748E+01   2.810335E+01
   8.491918E+01   2.810486E+01
   8.492037E+01   2.810545E+01
   8.492143E+01   2.810672E+01
   8.492136E+01   2.810833E+01
   8.492126E+01   2.810913E+01
   8.492093E+01   2.811120E+01
   8.491996E+01   2.811497E+01
   8.492037E+01   2.811590E+01
   8.492202E+01   2.811760E+01
   8.492303E+01   2.811922E+01
   8.492383E+01   2.812026E+01
   8.493463E+01   2.812529E+01
   8.494508E+01   2.812394E+01
   8.495648E+01   2.812897E+01
   8.495649E+01   2.813939E+01
   8.495374E+01   2.814251E+01
   8.495682E+01   2.815059E+01
   8.496011E+01   2.816391E+01
   8.496358E+01   2.817792E+01
   8.497330E+01   2.818936E+01
   8.496710E+01   2.820408E+01
   8.496370E+01   2.821482E+01
   8.497086E+01   2.822322E+01
   8.497840E+01   2.822858E+01
   8.499284E+01   2.824150E+01
   8.499936E+01   2.825190E+01
   8.501703E+01   2.825829E+01
   8.503224E+01   2.827372E+01
   8.507990E+01   2.834500E+01
   8.510840E+01   2.834724E+01
   8.511232E+01   2.835701E+01
   8.511565E+01   2.837047E+01
   8.512101E+01   2.837250E+01
   8.512246E+01   2.838046E+01
   8.512246E+01   2.838683E+01
   8.512144E+01   2.840029E+01
   8.511739E+01   2.841375E+01
   8.511638E+01   2.841939E+01
   8.511348E+01   2.842677E+01
   8.511377E+01   2.843560E+01
   8.511464E+01   2.844226E+01
   8.510972E+01   2.844472E+01
   8.510010E+01   2.845455E+01
   8.510349E+01   2.846035E+01
   8.511088E+01   2.846845E+01
   8.511334E+01   2.847265E+01
   8.511710E+01   2.848105E+01
   8.511898E+01   2.848597E+01
   8.512550E+01   2.848901E+01
   8.513360E+01   2.848684E+01
   8.514822E+01   2.848785E+01
   8.515762E+01   2.849841E+01
   8.515705E+01   2.851057E+01
   8.516616E+01   2.852143E+01
   8.516631E+01   2.853271E+01
   8.518643E+01   2.853300E+01
   8.518628E+01   2.854024E+01
   8.518874E+01   2.855515E+01
   8.518570E+01   2.856210E+01
   8.518932E+01   2.856687E+01
   8.518831E+01   2.857252E+01
   8.518310E+01   2.857744E+01
   8.518179E+01   2.858323E+01
   8.517933E+01   2.858959E+01
   8.517586E+01   2.859162E+01
   8.517369E+01   2.859770E+01
   8.518266E+01   2.860204E+01
   8.518816E+01   2.860479E+01
   8.518946E+01   2.860754E+01
   8.519270E+01   2.861192E+01
   8.519523E+01   2.861887E+01
   8.519735E+01   2.862092E+01
   8.519729E+01   2.862370E+01
   8.519783E+01   2.862757E+01
   8.519451E+01   2.862944E+01
   8.519294E+01   2.863035E+01
   8.518931E+01   2.863047E+01
   8.518545E+01   2.863174E+01
   8.518569E+01   2.863294E+01
   8.518750E+01   2.863935E+01
   8.518702E+01   2.864201E+01
   8.518297E+01   2.864303E+01
   8.518104E+01   2.864472E+01
   8.517844E+01   2.864587E+01
   8.517331E+01   2.864448E+01
   8.516853E+01   2.864424E+01
   8.516449E+01   2.864352E+01
   8.516219E+01   2.864327E+01
   8.515706E+01   2.864376E+01
   8.515506E+01   2.864744E+01
   8.515343E+01   2.864968E+01
   8.515041E+01   2.865234E+01
   8.514564E+01   2.865620E+01
   8.514413E+01   2.865819E+01
   8.514310E+01   2.866212E+01
   8.513966E+01   2.866550E+01
   8.513634E+01   2.866647E+01
   8.513356E+01   2.867251E+01
   8.513223E+01   2.867601E+01
   8.512873E+01   2.867891E+01
   8.512522E+01   2.868036E+01
   8.512226E+01   2.868212E+01
   8.511658E+01   2.868544E+01
   8.511296E+01   2.868580E+01
   8.510680E+01   2.868302E+01
   8.510009E+01   2.868097E+01
   8.509472E+01   2.867843E+01
   8.509170E+01   2.867626E+01
   8.508886E+01   2.867185E+01
   8.508197E+01   2.867173E+01
   8.507623E+01   2.867396E+01
   8.507188E+01   2.867825E+01
   8.506638E+01   2.868042E+01
   8.506222E+01   2.868061E+01
   8.505992E+01   2.868224E+01
   8.505533E+01   2.868115E+01
   8.505436E+01   2.867861E+01
   8.505321E+01   2.867432E+01
   8.505195E+01   2.867003E+01
   8.504252E+01   2.866913E+01
   8.504126E+01   2.866430E+01
   8.504065E+01   2.865826E+01
   8.503388E+01   2.865711E+01
   8.502845E+01   2.865360E+01
   8.502494E+01   2.865016E+01
   8.502108E+01   2.864642E+01
   8.501848E+01   2.864170E+01
   8.501365E+01   2.863838E+01
   8.501039E+01   2.863717E+01
   8.500652E+01   2.863258E+01
   8.500314E+01   2.862926E+01
   8.500042E+01   2.862394E+01
   8.499873E+01   2.862213E+01
   8.499275E+01   2.861555E+01
   8.499015E+01   2.861331E+01
   8.498677E+01   2.860975E+01
   8.498622E+01   2.860745E+01
   8.498677E+01   2.860383E+01
   8.499003E+01   2.860262E+01
   8.499033E+01   2.859755E+01
   8.498622E+01   2.859453E+01
   8.498375E+01   2.859187E+01
   8.498085E+01   2.859036E+01
   8.497571E+01   2.859017E+01
   8.497293E+01   2.858873E+01
   8.497094E+01   2.858703E+01
   8.496574E+01   2.858685E+01
   8.496176E+01   2.858552E+01
   8.495535E+01   2.858256E+01
   8.494770E+01   2.858762E+01
   8.494509E+01   2.859501E+01
   8.493438E+01   2.859414E+01
   8.492194E+01   2.859486E+01
   8.491687E+01   2.859240E+01
   8.490558E+01   2.858922E+01
   8.490167E+01   2.859356E+01
   8.489878E+01   2.859008E+01
   8.488923E+01   2.858647E+01
   8.488083E+01   2.858184E+01
   8.487403E+01   2.858082E+01
   8.486925E+01   2.858242E+01
   8.485665E+01   2.857081E+01
   8.477359E+01   2.861064E+01
   8.476519E+01   2.861165E+01
   8.476201E+01   2.861281E+01
   8.475550E+01   2.861368E+01
   8.474797E+01   2.861816E+01
   8.474406E+01   2.861787E+01
   8.473639E+01   2.861729E+01
   8.473238E+01   2.861881E+01
   8.472819E+01   2.862011E+01
   8.472320E+01   2.862141E+01
   8.472103E+01   2.862683E+01
   8.471857E+01   2.862965E+01
   8.471575E+01   2.863081E+01
   8.471387E+01   2.863334E+01
   8.470614E+01   2.863449E+01
   8.470152E+01   2.863471E+01
   8.469776E+01   2.863529E+01
   8.469711E+01   2.863833E+01
   8.469920E+01   2.864338E+01
   8.470137E+01   2.864693E+01
   8.470014E+01   2.864953E+01
   8.469805E+01   2.865177E+01
   8.469985E+01   2.865741E+01
   8.470166E+01   2.866427E+01
   8.470209E+01   2.867193E+01
   8.469776E+01   2.867128E+01
   8.469306E+01   2.867453E+01
   8.469118E+01   2.867750E+01
   8.468706E+01   2.867952E+01
   8.468157E+01   2.867873E+01
   8.467586E+01   2.867988E+01
   8.467167E+01   2.868147E+01
   8.466791E+01   2.868465E+01
   8.466877E+01   2.868914E+01
   8.466682E+01   2.869391E+01
   8.466437E+01   2.869448E+01
   8.466212E+01   2.869759E+01
   8.465105E+01   2.870150E+01
   8.465045E+01   2.871587E+01
   8.464621E+01   2.871950E+01
   8.463895E+01   2.872752E+01
   8.463335E+01   2.873130E+01
   8.462972E+01   2.873175E+01
   8.462549E+01   2.873675E+01
   8.461868E+01   2.873599E+01
   8.461082E+01   2.873554E+01
   8.460265E+01   2.873402E+01
   8.459554E+01   2.873644E+01
   8.458858E+01   2.873554E+01
   8.457224E+01   2.873493E+01
   8.456287E+01   2.874325E+01
   8.455651E+01   2.874809E+01
   8.454986E+01   2.874991E+01
   8.454260E+01   2.874446E+01
   8.453534E+01   2.874431E+01
   8.452626E+01   2.874174E+01
   8.451522E+01   2.874930E+01
   8.450478E+01   2.874507E+01
   8.449298E+01   2.873675E+01
   8.448693E+01   2.873629E+01
   8.448300E+01   2.874204E+01
   8.447967E+01   2.874733E+01
   8.447483E+01   2.874749E+01
   8.446636E+01   2.875263E+01
   8.446061E+01   2.875263E+01
   8.445804E+01   2.875762E+01
   8.445471E+01   2.876095E+01
   8.444746E+01   2.876624E+01
   8.443739E+01   2.877013E+01
   8.444397E+01   2.877986E+01
   8.444458E+01   2.878470E+01
   8.444427E+01   2.879377E+01
   8.443732E+01   2.879755E+01
   8.443126E+01   2.880224E+01
   8.442990E+01   2.881177E+01
   8.443444E+01   2.882024E+01
   8.442869E+01   2.882418E+01
   8.442264E+01   2.882766E+01
   8.441750E+01   2.883189E+01
   8.440827E+01   2.882871E+01
   8.440358E+01   2.882947E+01
   8.440026E+01   2.883673E+01
   8.440328E+01   2.884082E+01
   8.440797E+01   2.884445E+01
   8.440449E+01   2.885156E+01
   8.439557E+01   2.885882E+01
   8.438785E+01   2.886048E+01
   8.436849E+01   2.886078E+01
   8.436017E+01   2.885957E+01
   8.435457E+01   2.886320E+01
   8.434262E+01   2.887334E+01
   8.433597E+01   2.886880E+01
   8.433385E+01   2.886441E+01
   8.432916E+01   2.886184E+01
   8.432357E+01   2.886215E+01
   8.432145E+01   2.886714E+01
   8.431252E+01   2.886925E+01
   8.430390E+01   2.887137E+01
   8.429301E+01   2.887379E+01
   8.428726E+01   2.887878E+01
   8.427970E+01   2.888499E+01
   8.427380E+01   2.888650E+01
   8.427198E+01   2.889406E+01
   8.426805E+01   2.889694E+01
   8.426533E+01   2.889860E+01
   8.425383E+01   2.888952E+01
   8.424082E+01   2.889043E+01
   8.423492E+01   2.889225E+01
   8.422781E+01   2.889255E+01
   8.422138E+01   2.889144E+01
   8.420599E+01   2.889576E+01
   8.418453E+01   2.890057E+01
   8.417189E+01   2.888477E+01
   8.416034E+01   2.887404E+01
   8.414653E+01   2.888071E+01
   8.413099E+01   2.888923E+01
   8.412220E+01   2.888206E+01
   8.410999E+01   2.888423E+01
   8.409594E+01   2.888743E+01
   8.408944E+01   2.887911E+01
   8.408345E+01   2.886566E+01
   8.408469E+01   2.884979E+01
   8.407285E+01   2.884279E+01
   8.406583E+01   2.884110E+01
   8.405100E+01   2.884439E+01
   8.405006E+01   2.883654E+01
   8.404801E+01   2.882185E+01
   8.404052E+01   2.881643E+01
   8.402717E+01   2.881105E+01
   8.401673E+01   2.880026E+01
   8.400439E+01   2.880191E+01
   8.400197E+01   2.880646E+01
   8.398966E+01   2.881473E+01
   8.396726E+01   2.881804E+01
   8.396051E+01   2.883080E+01
   8.395048E+01   2.883443E+01
   8.394127E+01   2.882890E+01
   8.393666E+01   2.881354E+01
   8.394290E+01   2.880659E+01
   8.393414E+01   2.878286E+01
   8.391332E+01   2.877930E+01
   8.389973E+01   2.877266E+01
   8.389493E+01   2.876501E+01
   8.389171E+01   2.875276E+01
   8.388961E+01   2.874473E+01
   8.387985E+01   2.873846E+01
   8.387281E+01   2.872972E+01
   8.386301E+01   2.872261E+01
   8.384276E+01   2.872656E+01
   8.383369E+01   2.872250E+01
   8.382445E+01   2.871843E+01
   8.381744E+01   2.871294E+01
   8.380510E+01   2.870607E+01
   8.380172E+01   2.868540E+01
   8.382298E+01   2.867302E+01
   8.383884E+01   2.866118E+01
   8.385084E+01   2.865105E+01
   8.385653E+01   2.863879E+01
   8.386806E+01   2.861971E+01
   8.386286E+01   2.861079E+01
   8.385551E+01   2.860921E+01
   8.384722E+01   2.860407E+01
   8.383765E+01   2.860117E+01
   8.382032E+01   2.859622E+01
   8.380747E+01   2.859011E+01
   8.380230E+01   2.858263E+01
   8.380050E+01   2.857825E+01
   8.380361E+01   2.856900E+01
   8.382070E+01   2.854738E+01
   8.382629E+01   2.853310E+01
   8.381629E+01   2.852251E+01
   8.377231E+01   2.848028E+01
   8.375592E+01   2.847610E+01
   8.375336E+01   2.846544E+01
   8.374721E+01   2.845139E+01
   8.373558E+01   2.843840E+01
   8.373437E+01   2.842743E+01
   8.373493E+01   2.841714E+01
   8.373997E+01   2.840758E+01
   8.375602E+01   2.840663E+01
   8.376021E+01   2.839394E+01
   8.375587E+01   2.839403E+01
   8.375245E+01   2.839347E+01
   8.374955E+01   2.839415E+01
   8.374775E+01   2.839403E+01
   8.374470E+01   2.839440E+01
   8.374190E+01   2.839420E+01
   8.373852E+01   2.839424E+01
   8.373552E+01   2.839458E+01
   8.372944E+01   2.839623E+01
   8.372219E+01   2.839639E+01
   8.371030E+01   2.839614E+01
   8.369944E+01   2.839931E+01
   8.370235E+01   2.839355E+01
   8.370462E+01   2.839036E+01
   8.371148E+01   2.838192E+01
   8.371591E+01   2.837887E+01
   8.371721E+01   2.837688E+01
   8.372188E+01   2.837597E+01
   8.371913E+01   2.837196E+01
   8.371795E+01   2.836714E+01
   8.372056E+01   2.836225E+01
   8.372348E+01   2.835929E+01
   8.372595E+01   2.835748E+01
   8.372657E+01   2.835293E+01
   8.372970E+01   2.834655E+01
   8.373514E+01   2.834432E+01
   8.373898E+01   2.833998E+01
   8.373921E+01   2.833647E+01
   8.374097E+01   2.833377E+01
   8.374301E+01   2.833161E+01
   8.374633E+01   2.832857E+01
   8.374859E+01   2.832668E+01
   8.375089E+01   2.832543E+01
   8.375409E+01   2.832363E+01
   8.375710E+01   2.832257E+01
   8.375826E+01   2.832033E+01
   8.375927E+01   2.831853E+01
   8.376093E+01   2.831632E+01
   8.376320E+01   2.831533E+01
   8.376488E+01   2.831396E+01
   8.376673E+01   2.831341E+01
   8.376814E+01   2.831225E+01
   8.377112E+01   2.831190E+01
   8.377316E+01   2.831067E+01
   8.377289E+01   2.830681E+01
   8.377072E+01   2.830501E+01
   8.376832E+01   2.830262E+01
   8.376461E+01   2.829877E+01
END
   8.368041E+01   2.792587E+01
   8.367941E+01   2.792029E+01
   8.368653E+01   2.791897E+01
   8.368937E+01   2.792399E+01
   8.370173E+01   2.791859E+01
   8.371351E+01   2.791739E+01
   8.371852E+01   2.792041E+01
   8.372548E+01   2.791226E+01
   8.373604E+01   2.790402E+01
   8.374708E+01   2.790266E+01
   8.374943E+01   2.790733E+01
   8.375776E+01   2.790571E+01
   8.375891E+01   2.790909E+01
   8.377332E+01   2.790464E+01
   8.378459E+01   2.789043E+01
   8.379110E+01   2.788379E+01
   8.380081E+01   2.787858E+01
   8.382095E+01   2.787785E+01
   8.383653E+01   2.786996E+01
   8.384710E+01   2.787084E+01
   8.384716E+01   2.788210E+01
   8.385120E+01   2.787454E+01
   8.385948E+01   2.787463E+01
   8.386068E+01   2.788236E+01
   8.386603E+01   2.788438E+01
   8.387604E+01   2.788791E+01
   8.387710E+01   2.788851E+01
   8.388089E+01   2.788742E+01
   8.387970E+01   2.788371E+01
   8.388413E+01   2.788235E+01
   8.388902E+01   2.788591E+01
   8.389209E+01   2.788624E+01
   8.389614E+01   2.788417E+01
   8.390041E+01   2.788276E+01
   8.390566E+01   2.788205E+01
   8.391417E+01   2.787776E+01
   8.390982E+01   2.787390E+01
   8.391346E+01   2.787107E+01
   8.391882E+01   2.787166E+01
   8.392323E+01   2.786885E+01
   8.392588E+01   2.786812E+01
   8.393089E+01   2.787190E+01
   8.393533E+01   2.787559E+01
   8.393683E+01   2.787787E+01
   8.393879E+01   2.787815E+01
   8.394353E+01   2.787431E+01
   8.394679E+01   2.787034E+01
   8.394931E+01   2.786915E+01
   8.395254E+01   2.786978E+01
   8.395876E+01   2.787323E+01
   8.396274E+01   2.787183E+01
   8.396749E+01   2.787022E+01
   8.397002E+01   2.787111E+01
   8.397143E+01   2.787273E+01
   8.397268E+01   2.787211E+01
   8.397407E+01   2.786802E+01
   8.397968E+01   2.786561E+01
   8.399365E+01   2.786631E+01
   8.399713E+01   2.786382E+01
   8.399770E+01   2.786102E+01
   8.399830E+01   2.785551E+01
   8.400168E+01   2.785522E+01
   8.401297E+01   2.785239E+01
   8.402216E+01   2.785136E+01
   8.401991E+01   2.785582E+01
   8.401527E+01   2.785827E+01
   8.401824E+01   2.786173E+01
   8.402844E+01   2.785658E+01
   8.403956E+01   2.785721E+01
   8.404012E+01   2.785378E+01
   8.403903E+01   2.785061E+01
   8.404246E+01   2.784998E+01
   8.404272E+01   2.785275E+01
   8.404223E+01   2.785482E+01
   8.404978E+01   2.785596E+01
   8.405152E+01   2.784932E+01
   8.406390E+01   2.785467E+01
   8.406946E+01   2.785814E+01
   8.407001E+01   2.786400E+01
   8.407538E+01   2.786391E+01
   8.407896E+01   2.786412E+01
   8.407723E+01   2.786915E+01
   8.408042E+01   2.786947E+01
   8.408806E+01   2.786833E+01
   8.409916E+01   2.786712E+01
   8.410111E+01   2.786429E+01
   8.409705E+01   2.786086E+01
   8.409565E+01   2.785824E+01
   8.409836E+01   2.785651E+01
   8.410356E+01   2.785530E+01
   8.410690E+01   2.786137E+01
   8.411087E+01   2.786065E+01
   8.411265E+01   2.785462E+01
   8.411426E+01   2.785156E+01
   8.411935E+01   2.785113E+01
   8.412111E+01   2.785575E+01
   8.411988E+01   2.785947E+01
   8.412752E+01   2.785887E+01
   8.412898E+01   2.785253E+01
   8.412327E+01   2.785014E+01
   8.412119E+01   2.784746E+01
   8.412651E+01   2.784517E+01
   8.413295E+01   2.784691E+01
   8.414149E+01   2.784976E+01
   8.414711E+01   2.784898E+01
   8.415194E+01   2.784712E+01
   8.415664E+01   2.784737E+01
   8.415435E+01   2.784259E+01
   8.415701E+01   2.783940E+01
   8.416168E+01   2.784065E+01
   8.416252E+01   2.784534E+01
   8.416462E+01   2.784672E+01
   8.416864E+01   2.784534E+01
   8.417246E+01   2.784932E+01
   8.417550E+01   2.785192E+01
   8.418411E+01   2.784942E+01
   8.419233E+01   2.784652E+01
   8.420145E+01   2.785206E+01
   8.420762E+01   2.784892E+01
   8.420602E+01   2.784399E+01
   8.420743E+01   2.783993E+01
   8.421123E+01   2.783936E+01
   8.421164E+01   2.784158E+01
   8.421024E+01   2.784447E+01
   8.421591E+01   2.784686E+01
   8.421983E+01   2.784452E+01
   8.422346E+01   2.783783E+01
   8.422666E+01   2.783672E+01
   8.422878E+01   2.784084E+01
   8.422726E+01   2.784416E+01
   8.423095E+01   2.784659E+01
   8.423526E+01   2.784428E+01
   8.424112E+01   2.784659E+01
   8.424687E+01   2.784342E+01
   8.425254E+01   2.783862E+01
   8.426303E+01   2.783932E+01
   8.426691E+01   2.783722E+01
   8.426608E+01   2.783329E+01
   8.426987E+01   2.783321E+01
   8.427131E+01   2.783650E+01
   8.427790E+01   2.783714E+01
   8.428343E+01   2.783773E+01
   8.429125E+01   2.783813E+01
   8.429285E+01   2.783595E+01
   8.429642E+01   2.782817E+01
   8.430489E+01   2.782003E+01
   8.430562E+01   2.781722E+01
   8.430099E+01   2.781566E+01
   8.430071E+01   2.781323E+01
   8.430236E+01   2.780993E+01
   8.429970E+01   2.780771E+01
   8.429790E+01   2.780530E+01
   8.429897E+01   2.780067E+01
   8.429970E+01   2.779632E+01
   8.430159E+01   2.779131E+01
   8.430725E+01   2.778905E+01
   8.431353E+01   2.778542E+01
   8.431705E+01   2.777699E+01
   8.431583E+01   2.776911E+01
   8.431594E+01   2.776262E+01
   8.432132E+01   2.775975E+01
   8.432394E+01   2.775108E+01
   8.432918E+01   2.774823E+01
   8.433864E+01   2.774454E+01
   8.434143E+01   2.774876E+01
   8.434780E+01   2.774992E+01
   8.435377E+01   2.775094E+01
   8.436081E+01   2.775400E+01
   8.436132E+01   2.775920E+01
   8.436420E+01   2.776384E+01
   8.436656E+01   2.777200E+01
   8.436883E+01   2.777601E+01
   8.437557E+01   2.777853E+01
   8.438124E+01   2.777884E+01
   8.438419E+01   2.777714E+01
   8.438870E+01   2.777608E+01
   8.439875E+01   2.777137E+01
   8.440488E+01   2.776241E+01
   8.441289E+01   2.775935E+01
   8.441971E+01   2.775537E+01
   8.441705E+01   2.775120E+01
   8.442016E+01   2.774804E+01
   8.442440E+01   2.774653E+01
   8.442132E+01   2.774381E+01
   8.442420E+01   2.774231E+01
   8.443068E+01   2.774129E+01
   8.444373E+01   2.775136E+01
   8.445429E+01   2.775982E+01
   8.446079E+01   2.775652E+01
   8.447029E+01   2.775192E+01
   8.447030E+01   2.776131E+01
   8.446298E+01   2.777087E+01
   8.444857E+01   2.777834E+01
   8.442997E+01   2.779136E+01
   8.443263E+01   2.781367E+01
   8.444023E+01   2.781650E+01
   8.444288E+01   2.782120E+01
   8.445270E+01   2.782104E+01
   8.446315E+01   2.781943E+01
   8.446634E+01   2.782111E+01
   8.447677E+01   2.782329E+01
   8.449039E+01   2.782069E+01
   8.449354E+01   2.781931E+01
   8.450814E+01   2.781673E+01
   8.451826E+01   2.781689E+01
   8.452026E+01   2.782798E+01
   8.452354E+01   2.783306E+01
   8.453810E+01   2.783326E+01
   8.454559E+01   2.783183E+01
   8.455663E+01   2.783805E+01
   8.455844E+01   2.784811E+01
   8.455685E+01   2.785302E+01
   8.455924E+01   2.785795E+01
   8.457758E+01   2.786531E+01
   8.457768E+01   2.787174E+01
   8.458694E+01   2.787828E+01
   8.459257E+01   2.787920E+01
   8.460260E+01   2.787611E+01
   8.460698E+01   2.787147E+01
   8.461742E+01   2.787931E+01
   8.462581E+01   2.787902E+01
   8.462628E+01   2.787346E+01
   8.463451E+01   2.786118E+01
   8.464738E+01   2.786031E+01
   8.464916E+01   2.785763E+01
   8.464666E+01   2.785460E+01
   8.465376E+01   2.785244E+01
   8.465852E+01   2.785128E+01
   8.466103E+01   2.784801E+01
   8.466375E+01   2.784152E+01
   8.466301E+01   2.783587E+01
   8.466513E+01   2.782595E+01
   8.466720E+01   2.781866E+01
   8.468805E+01   2.781053E+01
   8.469539E+01   2.780874E+01
   8.470772E+01   2.780659E+01
   8.471471E+01   2.780120E+01
   8.472639E+01   2.780042E+01
   8.473770E+01   2.780325E+01
   8.474704E+01   2.780580E+01
   8.475629E+01   2.781230E+01
   8.477001E+01   2.781441E+01
   8.477526E+01   2.780844E+01
   8.477802E+01   2.781852E+01
   8.477317E+01   2.782971E+01
   8.477564E+01   2.783640E+01
   8.477232E+01   2.783825E+01
   8.477076E+01   2.784131E+01
   8.476733E+01   2.784438E+01
   8.476779E+01   2.784863E+01
   8.476598E+01   2.785303E+01
   8.476500E+01   2.785988E+01
   8.475772E+01   2.786057E+01
   8.475490E+01   2.786686E+01
   8.475138E+01   2.787624E+01
   8.474571E+01   2.788069E+01
   8.473954E+01   2.788986E+01
   8.473778E+01   2.789659E+01
   8.473321E+01   2.790734E+01
   8.473438E+01   2.791711E+01
   8.473245E+01   2.792494E+01
   8.473247E+01   2.792698E+01
   8.473403E+01   2.793130E+01
   8.473943E+01   2.794081E+01
   8.474564E+01   2.795326E+01
   8.475681E+01   2.796309E+01
   8.476730E+01   2.796748E+01
   8.477472E+01   2.797416E+01
   8.477192E+01   2.797766E+01
   8.477612E+01   2.797738E+01
   8.477756E+01   2.798042E+01
   8.478428E+01   2.798329E+01
   8.478584E+01   2.798816E+01
   8.478838E+01   2.799628E+01
   8.479684E+01   2.799792E+01
   8.479715E+01   2.800245E+01
   8.480102E+01   2.800060E+01
   8.480513E+01   2.800087E+01
   8.481109E+01   2.800280E+01
   8.480963E+01   2.801433E+01
   8.481296E+01   2.802328E+01
   8.481304E+01   2.802750E+01
   8.481187E+01   2.803265E+01
   8.480878E+01   2.803634E+01
   8.481043E+01   2.803997E+01
   8.481807E+01   2.804724E+01
   8.481824E+01   2.805329E+01
   8.481992E+01   2.805584E+01
   8.482097E+01   2.805746E+01
   8.482097E+01   2.805987E+01
   8.482056E+01   2.806109E+01
   8.482079E+01   2.806327E+01
   8.482176E+01   2.806424E+01
   8.482526E+01   2.807113E+01
   8.482814E+01   2.807686E+01
   8.483136E+01   2.808746E+01
   8.483589E+01   2.809348E+01
   8.483690E+01   2.809814E+01
   8.483752E+01   2.809995E+01
   8.483717E+01   2.810247E+01
   8.483718E+01   2.810465E+01
   8.483851E+01   2.810708E+01
   8.484020E+01   2.810909E+01
   8.484257E+01   2.811142E+01
   8.484210E+01   2.811355E+01
   8.484229E+01   2.811520E+01
   8.484424E+01   2.811683E+01
   8.484946E+01   2.811866E+01
   8.485205E+01   2.812068E+01
   8.485426E+01   2.812255E+01
   8.485655E+01   2.812177E+01
   8.485856E+01   2.812038E+01
   8.485937E+01   2.812074E+01
   8.486065E+01   2.812129E+01
   8.486288E+01   2.812170E+01
   8.486561E+01   2.812085E+01
   8.486871E+01   2.812070E+01
   8.487037E+01   2.811965E+01
   8.487103E+01   2.811840E+01
   8.487187E+01   2.811756E+01
   8.487291E+01   2.811673E+01
   8.487578E+01   2.811535E+01
   8.487813E+01   2.811381E+01
   8.487999E+01   2.811342E+01
   8.488169E+01   2.811210E+01
   8.488336E+01   2.811028E+01
   8.488442E+01   2.810842E+01
   8.488526E+01   2.810701E+01
   8.488515E+01   2.810579E+01
   8.488672E+01   2.810473E+01
   8.488786E+01   2.810391E+01
   8.489011E+01   2.810275E+01
   8.489231E+01   2.810009E+01
   8.489286E+01   2.810094E+01
   8.489515E+01   2.810296E+01
   8.489684E+01   2.810467E+01
   8.490064E+01   2.810678E+01
   8.490281E+01   2.810554E+01
   8.490575E+01   2.810504E+01
   8.490799E+01   2.810480E+01
   8.490972E+01   2.810456E+01
   8.491210E+01   2.810347E+01
   8.491344E+01   2.810303E+01
   8.491483E+01   2.810278E+01
   8.491616E+01   2.810287E+01
   8.491800E+01   2.810354E+01
   8.491939E+01   2.810509E+01
   8.492114E+01   2.810599E+01
   8.492133E+01   2.810730E+01
   8.492144E+01   2.810848E+01
   8.492099E+01   2.810982E+01
   8.492061E+01   2.811223E+01
   8.491996E+01   2.811520E+01
   8.492063E+01   2.811613E+01
   8.492228E+01   2.811806E+01
   8.492363E+01   2.811965E+01
   8.492888E+01   2.812630E+01
   8.493996E+01   2.812425E+01
   8.495403E+01   2.812433E+01
   8.495648E+01   2.813252E+01
   8.495638E+01   2.813967E+01
   8.495556E+01   2.814602E+01
   8.495845E+01   2.815758E+01
   8.496155E+01   2.816689E+01
   8.496724E+01   2.818489E+01
   8.497050E+01   2.819346E+01
   8.496271E+01   2.820733E+01
   8.496383E+01   2.821744E+01
   8.497607E+01   2.822461E+01
   8.498634E+01   2.823944E+01
   8.499726E+01   2.823986E+01
   8.500127E+01   2.825332E+01
   8.502327E+01   2.826041E+01
   8.505120E+01   2.832418E+01
   8.509629E+01   2.834422E+01
   8.510871E+01   2.834789E+01
   8.511493E+01   2.836439E+01
   8.511667E+01   2.837134E+01
   8.512202E+01   2.837322E+01
   8.512289E+01   2.838248E+01
   8.512738E+01   2.839247E+01
   8.511652E+01   2.840810E+01
   8.511768E+01   2.841563E+01
   8.511580E+01   2.842127E+01
   8.511319E+01   2.843025E+01
   8.511348E+01   2.843719E+01
   8.511478E+01   2.844371E+01
   8.510451E+01   2.844602E+01
   8.510017E+01   2.845861E+01
   8.510451E+01   2.846122E+01
   8.511102E+01   2.847005E+01
   8.511319E+01   2.847844E+01
   8.511768E+01   2.848148E+01
   8.512361E+01   2.848741E+01
   8.512853E+01   2.848886E+01
   8.514098E+01   2.848843E+01
   8.515024E+01   2.848973E+01
   8.515618E+01   2.850102E+01
   8.516312E+01   2.851636E+01
   8.516660E+01   2.852201E+01
   8.516805E+01   2.853358E+01
   8.518686E+01   2.853402E+01
   8.518643E+01   2.854183E+01
   8.518758E+01   2.855674E+01
   8.518686E+01   2.856282E+01
   8.519033E+01   2.856948E+01
   8.518541E+01   2.857425E+01
   8.518122E+01   2.857932E+01
   8.518179E+01   2.858656E+01
   8.517818E+01   2.859046E+01
   8.517485E+01   2.859307E+01
   8.517832E+01   2.859900E+01
   8.518411E+01   2.860334E+01
   8.518896E+01   2.860573E+01
   8.518961E+01   2.860942E+01
   8.519348E+01   2.861355E+01
   8.519608E+01   2.861965E+01
   8.519735E+01   2.862165E+01
   8.519759E+01   2.862479E+01
   8.519680E+01   2.862781E+01
   8.519378E+01   2.863004E+01
   8.519209E+01   2.863053E+01
   8.518805E+01   2.863065E+01
   8.518509E+01   2.863199E+01
   8.518641E+01   2.863542E+01
   8.518811E+01   2.864050E+01
   8.518521E+01   2.864267E+01
   8.518237E+01   2.864364E+01
   8.517959E+01   2.864472E+01
   8.517723E+01   2.864587E+01
   8.517167E+01   2.864406E+01
   8.516733E+01   2.864400E+01
   8.516382E+01   2.864327E+01
   8.515941E+01   2.864352E+01
   8.515663E+01   2.864515E+01
   8.515464E+01   2.864841E+01
   8.515210E+01   2.865028E+01
   8.514926E+01   2.865354E+01
   8.514437E+01   2.865644E+01
   8.514425E+01   2.866019E+01
   8.514183E+01   2.866333E+01
   8.513889E+01   2.866587E+01
   8.513609E+01   2.866889E+01
   8.513307E+01   2.867372E+01
   8.513011E+01   2.867752E+01
   8.512746E+01   2.867916E+01
   8.512420E+01   2.868127E+01
   8.512075E+01   2.868296E+01
   8.511574E+01   2.868622E+01
   8.511109E+01   2.868375E+01
   8.510420E+01   2.868248E+01
   8.509816E+01   2.868000E+01
   8.509333E+01   2.867771E+01
   8.509115E+01   2.867505E+01
   8.508692E+01   2.867185E+01
   8.507992E+01   2.867215E+01
   8.507430E+01   2.867608E+01
   8.507019E+01   2.867934E+01
   8.506506E+01   2.868030E+01
   8.506131E+01   2.868097E+01
   8.505913E+01   2.868254E+01
   8.505406E+01   2.868036E+01
   8.505442E+01   2.867783E+01
   8.505219E+01   2.867197E+01
   8.504808E+01   2.866937E+01
   8.504180E+01   2.866889E+01
   8.504089E+01   2.866230E+01
   8.503830E+01   2.865759E+01
   8.503207E+01   2.865668E+01
   8.502772E+01   2.865239E+01
   8.502325E+01   2.864931E+01
   8.502035E+01   2.864466E+01
   8.501721E+01   2.863953E+01
   8.501232E+01   2.863772E+01
   8.500924E+01   2.863705E+01
   8.500489E+01   2.863029E+01
   8.500241E+01   2.862690E+01
   8.500030E+01   2.862292E+01
   8.499595E+01   2.861941E+01
   8.499148E+01   2.861488E+01
   8.498912E+01   2.861259E+01
   8.498665E+01   2.860872E+01
   8.498616E+01   2.860630E+01
   8.498785E+01   2.860322E+01
   8.499136E+01   2.860183E+01
   8.498846E+01   2.859646E+01
   8.498550E+01   2.859338E+01
   8.498260E+01   2.859150E+01
   8.497982E+01   2.859024E+01
   8.497468E+01   2.858987E+01
   8.497245E+01   2.858788E+01
   8.496919E+01   2.858661E+01
   8.496460E+01   2.858679E+01
   8.496037E+01   2.858498E+01
   8.494834E+01   2.858035E+01
   8.494770E+01   2.858965E+01
   8.493858E+01   2.859587E+01
   8.492772E+01   2.859414E+01
   8.492034E+01   2.859515E+01
   8.491123E+01   2.858936E+01
   8.490413E+01   2.859197E+01
   8.490124E+01   2.859226E+01
   8.489212E+01   2.859038E+01
   8.488850E+01   2.858270E+01
   8.487866E+01   2.858053E+01
   8.487070E+01   2.858140E+01
   8.485840E+01   2.857373E+01
   8.477996E+01   2.861049E+01
   8.477011E+01   2.861078E+01
   8.476418E+01   2.861295E+01
   8.476085E+01   2.861324E+01
   8.475318E+01   2.861454E+01
   8.474681E+01   2.861860E+01
   8.474334E+01   2.861744E+01
   8.473512E+01   2.861736E+01
   8.473115E+01   2.862047E+01
   8.472638E+01   2.862018E+01
   8.472248E+01   2.862336E+01
   8.472002E+01   2.862734E+01
   8.471763E+01   2.863009E+01
   8.471481E+01   2.863160E+01
   8.471351E+01   2.863363E+01
   8.470462E+01   2.863464E+01
   8.470021E+01   2.863500E+01
   8.469689E+01   2.863580E+01
   8.469819E+01   2.864035E+01
   8.470029E+01   2.864454E+01
   8.470159E+01   2.864808E+01
   8.469928E+01   2.865025E+01
   8.469754E+01   2.865314E+01
   8.470043E+01   2.865907E+01
   8.470470E+01   2.867121E+01
   8.470079E+01   2.867179E+01
   8.469667E+01   2.867157E+01
   8.469212E+01   2.867620E+01
   8.468981E+01   2.867815E+01
   8.468612E+01   2.867952E+01
   8.467853E+01   2.867887E+01
   8.467441E+01   2.868082E+01
   8.467007E+01   2.868249E+01
   8.466776E+01   2.868653E+01
   8.466899E+01   2.868979E+01
   8.466624E+01   2.869427E+01
   8.466357E+01   2.869492E+01
   8.465786E+01   2.869999E+01
   8.465030E+01   2.870332E+01
   8.464954E+01   2.871769E+01
   8.464379E+01   2.871996E+01
   8.463835E+01   2.872888E+01
   8.463184E+01   2.873191E+01
   8.462897E+01   2.873191E+01
   8.462443E+01   2.873675E+01
   8.461566E+01   2.873644E+01
   8.460734E+01   2.873387E+01
   8.460008E+01   2.873433E+01
   8.459282E+01   2.873690E+01
   8.458676E+01   2.873508E+01
   8.456786E+01   2.874023E+01
   8.456045E+01   2.874416E+01
   8.455530E+01   2.875157E+01
   8.454774E+01   2.874809E+01
   8.453927E+01   2.874340E+01
   8.453292E+01   2.874461E+01
   8.452460E+01   2.874144E+01
   8.451053E+01   2.874643E+01
   8.450221E+01   2.874401E+01
   8.449171E+01   2.873436E+01
   8.448572E+01   2.873660E+01
   8.448194E+01   2.874250E+01
   8.447861E+01   2.874794E+01
   8.447256E+01   2.874870E+01
   8.446424E+01   2.875308E+01
   8.445925E+01   2.875308E+01
   8.445789E+01   2.875823E+01
   8.445305E+01   2.876352E+01
   8.444355E+01   2.876726E+01
   8.443765E+01   2.877335E+01
   8.444518E+01   2.878152E+01
   8.444382E+01   2.878636E+01
   8.444200E+01   2.879483E+01
   8.443505E+01   2.879922E+01
   8.443096E+01   2.880497E+01
   8.443005E+01   2.881313E+01
   8.443505E+01   2.882115E+01
   8.442627E+01   2.882418E+01
   8.442158E+01   2.882992E+01
   8.441508E+01   2.883144E+01
   8.440661E+01   2.882826E+01
   8.440162E+01   2.882947E+01
   8.440026E+01   2.883794E+01
   8.440570E+01   2.884218E+01
   8.440873E+01   2.884777E+01
   8.440252E+01   2.885277E+01
   8.439209E+01   2.886018E+01
   8.438422E+01   2.886154E+01
   8.436668E+01   2.886154E+01
   8.435715E+01   2.885927E+01
   8.435215E+01   2.886517E+01
   8.434126E+01   2.887334E+01
   8.433582E+01   2.886623E+01
   8.433143E+01   2.886396E+01
   8.432841E+01   2.886154E+01
   8.432311E+01   2.886275E+01
   8.431646E+01   2.886910E+01
   8.430874E+01   2.886956E+01
   8.430027E+01   2.887167E+01
   8.428983E+01   2.887561E+01
   8.428726E+01   2.888030E+01
   8.427818E+01   2.888574E+01
   8.427289E+01   2.888786E+01
   8.427153E+01   2.889467E+01
   8.426699E+01   2.889845E+01
   8.426291E+01   2.889769E+01
   8.425292E+01   2.888922E+01
   8.423780E+01   2.889073E+01
   8.423296E+01   2.889240E+01
   8.422700E+01   2.889278E+01
   8.421860E+01   2.889237E+01
   8.420074E+01   2.889796E+01
   8.417929E+01   2.889416E+01
   8.416987E+01   2.888246E+01
   8.415823E+01   2.887214E+01
   8.413930E+01   2.888198E+01
   8.412921E+01   2.888891E+01
   8.411599E+01   2.888087E+01
   8.410626E+01   2.888596E+01
   8.409399E+01   2.888300E+01
   8.409115E+01   2.887468E+01
   8.408591E+01   2.885991E+01
   8.407871E+01   2.884775E+01
   8.407118E+01   2.884144E+01
   8.406103E+01   2.883907E+01
   8.405108E+01   2.884127E+01
   8.404624E+01   2.883159E+01
   8.404636E+01   2.882195E+01
   8.403651E+01   2.881256E+01
   8.402607E+01   2.880461E+01
   8.401049E+01   2.880012E+01
   8.400446E+01   2.880378E+01
   8.399946E+01   2.880815E+01
   8.397910E+01   2.881773E+01
   8.396518E+01   2.882246E+01
   8.395989E+01   2.883293E+01
   8.394618E+01   2.883240E+01
   8.394062E+01   2.882738E+01
   8.393827E+01   2.880983E+01
   8.393883E+01   2.879385E+01
   8.392639E+01   2.878171E+01
   8.390554E+01   2.877748E+01
   8.389726E+01   2.877318E+01
   8.389385E+01   2.876127E+01
   8.389068E+01   2.875121E+01
   8.389084E+01   2.874291E+01
   8.387763E+01   2.873731E+01
   8.386970E+01   2.872651E+01
   8.385308E+01   2.872592E+01
   8.383983E+01   2.872580E+01
   8.382958E+01   2.871899E+01
   8.382297E+01   2.871813E+01
   8.381274E+01   2.871406E+01
   8.378724E+01   2.869316E+01
   8.381177E+01   2.868261E+01
   8.382905E+01   2.867065E+01
   8.384291E+01   2.865733E+01
   8.385295E+01   2.864699E+01
   8.386050E+01   2.863147E+01
   8.387029E+01   2.861295E+01
   8.386139E+01   2.861018E+01
   8.385122E+01   2.860634E+01
   8.384513E+01   2.860501E+01
   8.383133E+01   2.859707E+01
   8.381384E+01   2.859298E+01
   8.380694E+01   2.858772E+01
   8.380151E+01   2.858164E+01
   8.380206E+01   2.857529E+01
   8.380782E+01   2.855877E+01
   8.382679E+01   2.854160E+01
   8.382295E+01   2.853081E+01
   8.380457E+01   2.851927E+01
   8.376486E+01   2.847921E+01
   8.375167E+01   2.847181E+01
   8.375389E+01   2.846159E+01
   8.374367E+01   2.844653E+01
   8.373694E+01   2.843451E+01
   8.373427E+01   2.842480E+01
   8.373721E+01   2.841365E+01
   8.374593E+01   2.840199E+01
   8.376145E+01   2.840431E+01
   8.375808E+01   2.839376E+01
   8.375511E+01   2.839403E+01
   8.375185E+01   2.839397E+01
   8.374903E+01   2.839398E+01
   8.374666E+01   2.839410E+01
   8.374392E+01   2.839484E+01
   8.374089E+01   2.839429E+01
   8.373700E+01   2.839425E+01
   8.373253E+01   2.839590E+01
   8.372717E+01   2.839536E+01
   8.371994E+01   2.839601E+01
   8.370745E+01   2.839761E+01
   8.370044E+01   2.839770E+01
   8.370376E+01   2.839254E+01
   8.370470E+01   2.838677E+01
   8.371360E+01   2.837993E+01
   8.371675E+01   2.837793E+01
   8.371743E+01   2.837605E+01
   8.372269E+01   2.837499E+01
   8.371884E+01   2.836950E+01
   8.371954E+01   2.836497E+01
   8.372213E+01   2.836084E+01
   8.372447E+01   2.835875E+01
   8.372636E+01   2.835666E+01
   8.372542E+01   2.834894E+01
   8.373195E+01   2.834630E+01
   8.373666E+01   2.834404E+01
   8.373935E+01   2.833934E+01
   8.374019E+01   2.833597E+01
   8.374162E+01   2.833341E+01
   8.374370E+01   2.833050E+01
   8.374660E+01   2.832769E+01
   8.374922E+01   2.832616E+01
   8.375220E+01   2.832492E+01
   8.375518E+01   2.832362E+01
   8.375779E+01   2.832169E+01
   8.375813E+01   2.831985E+01
   8.375948E+01   2.831776E+01
   8.376167E+01   2.831563E+01
   8.376380E+01   2.831510E+01
   8.376536E+01   2.831353E+01
   8.376693E+01   2.831287E+01
   8.376896E+01   2.831179E+01
   8.377206E+01   2.831138E+01
   8.377354E+01   2.830989E+01
   8.377237E+01   2.830652E+01
   8.377063E+01   2.830365E+01
   8.376809E+01   2.830094E+01
   8.376473E+01   2.829791E+01
   8.376410E+01   2.829638E+01
   8.376241E+01   2.829406E+01
   8.376452E+01   2.829159E+01
   8.377407E+01   2.828543E+01
   8.376665E+01   2.827537E+01
   8.376746E+01   2.827346E+01
   8.376972E+01   2.827157E+01
   8.377222E+01   2.826928E+01
   8.377594E+01   2.826813E+01
   8.377736E+01   2.826993E+01
   8.378073E+01   2.826960E+01
   8.378987E+01   2.826516E+01
   8.379896E+01   2.826224E+01
   8.380690E+01   2.826188E+01
   8.380985E+01   2.826106E+01
   8.381486E+01   2.826075E+01
   8.382051E+01   2.826056E+01
   8.380935E+01   2.824086E+01
   8.379872E+01   2.822866E+01
   8.380743E+01   2.822045E+01
   8.380597E+01   2.821895E+01
   8.380276E+01   2.821696E+01
   8.379821E+01   2.820888E+01
   8.379480E+01   2.820602E+01
   8.379273E+01   2.820528E+01
   8.379085E+01   2.820386E+01
   8.378718E+01   2.820270E+01
   8.378622E+01   2.819905E+01
   8.378369E+01   2.819783E+01
   8.378214E+01   2.819702E+01
   8.378010E+01   2.819787E+01
   8.377894E+01   2.819919E+01
   8.377774E+01   2.819977E+01
   8.377523E+01   2.819870E+01
   8.377140E+01   2.819818E+01
   8.376285E+01   2.819162E+01
   8.376130E+01   2.817444E+01
   8.376065E+01   2.816301E+01
   8.376429E+01   2.815293E+01
   8.375729E+01   2.814604E+01
   8.374524E+01   2.814799E+01
   8.373451E+01   2.814816E+01
   8.372313E+01   2.813994E+01
   8.370769E+01   2.812854E+01
   8.370840E+01   2.812669E+01
   8.370643E+01   2.811854E+01
   8.371171E+01   2.811437E+01
   8.371844E+01   2.810884E+01
   8.372488E+01   2.810532E+01
   8.372707E+01   2.810113E+01
   8.372011E+01   2.809156E+01
   8.370302E+01   2.809022E+01
   8.370859E+01   2.807560E+01
   8.371273E+01   2.806317E+01
   8.370566E+01   2.805584E+01
   8.370149E+01   2.805238E+01
   8.369712E+01   2.805254E+01
   8.369162E+01   2.804700E+01
   8.369248E+01   2.803894E+01
   8.369418E+01   2.803393E+01
   8.369350E+01   2.802653E+01
   8.368608E+01   2.802250E+01
   8.367678E+01   2.801746E+01
   8.367216E+01   2.801623E+01
   8.365504E+01   2.801211E+01
   8.363761E+01   2.801816E+01
   8.362717E+01   2.800705E+01
   8.362618E+01   2.800554E+01
   8.362295E+01   2.800861E+01
   8.361834E+01   2.800903E+01
   8.361029E+01   2.801257E+01
   8.360584E+01   2.801179E+01
   8.360499E+01   2.800544E+01
   8.360338E+01   2.799739E+01
   8.359442E+01   2.798999E+01
   8.358517E+01   2.798789E+01
   8.358507E+01   2.798116E+01
   8.357854E+01   2.797549E+01
   8.357135E+01   2.797608E+01
   8.355637E+01   2.797396E+01
   8.354984E+01   2.797679E+01
   8.354184E+01   2.797164E+01
   8.353382E+01   2.796819E+01
   8.353115E+01   2.796472E+01
   8.352509E+01   2.796592E+01
   8.351004E+01   2.796801E+01
   8.350734E+01   2.797156E+01
   8.350340E+01   2.797492E+01
   8.349737E+01   2.797736E+01
   8.348248E+01   2.798121E+01
   8.347800E+01   2.797480E+01
   8.347409E+01   2.797195E+01
   8.347166E+01   2.796873E+01
   8.346848E+01   2.796579E+01
   8.346672E+01   2.796380E+01
   8.346506E+01   2.796164E+01
   8.346451E+01   2.795806E+01
   8.346389E+01   2.795613E+01
   8.346247E+01   2.795383E+01
   8.345745E+01   2.795074E+01
   8.345052E+01   2.794828E+01
   8.344505E+01   2.794551E+01
   8.344365E+01   2.794322E+01
   8.344569E+01   2.793887E+01
   8.344008E+01   2.793405E+01
   8.344177E+01   2.793210E+01
   8.344752E+01   2.792840E+01
   8.345227E+01   2.793275E+01
   8.346333E+01   2.793241E+01
   8.347594E+01   2.792568E+01
   8.348377E+01   2.792257E+01
   8.348755E+01   2.792691E+01
   8.349540E+01   2.792715E+01
   8.350968E+01   2.793269E+01
   8.350355E+01   2.793714E+01
   8.351030E+01   2.794061E+01
   8.352252E+01   2.793089E+01
   8.352436E+01   2.792408E+01
   8.352724E+01   2.792904E+01
   8.353039E+01   2.793756E+01
   8.353225E+01   2.793953E+01
   8.353703E+01   2.793226E+01
   8.354026E+01   2.792775E+01
   8.355477E+01   2.793102E+01
   8.356403E+01   2.793393E+01
   8.356684E+01   2.793546E+01
   8.357051E+01   2.794356E+01
   8.357677E+01   2.793601E+01
   8.357381E+01   2.793072E+01
   8.358884E+01   2.793157E+01
   8.360093E+01   2.792351E+01
   8.361366E+01   2.792829E+01
   8.361808E+01   2.793025E+01
   8.361905E+01   2.792739E+01
   8.362478E+01   2.792670E+01
   8.362667E+01   2.792486E+01
   8.362105E+01   2.791742E+01
   8.363107E+01   2.791461E+01
   8.363171E+01   2.791156E+01
   8.363310E+01   2.790104E+01
   8.363439E+01   2.789924E+01
   8.364370E+01   2.789917E+01
   8.364874E+01   2.790245E+01
   8.366006E+01   2.791144E+01
   8.367121E+01   2.792532E+01
   8.367872E+01   2.792682E+01
