   8.149492E+01   2.916934E+01
   8.148725E+01   2.917317E+01
   8.149037E+01   2.918155E+01
   8.148346E+01   2.919428E+01
   8.148063E+01   2.920292E+01
   8.148532E+01   2.922221E+01
   8.149899E+01   2.924049E+01
   8.149422E+01   2.925610E+01
   8.148726E+01   2.926531E+01
   8.148051E+01   2.927794E+01
   8.148879E+01   2.928787E+01
   8.150096E+01   2.929828E+01
   8.150792E+01   2.931453E+01
   8.151785E+01   2.931469E+01
   8.152447E+01   2.931723E+01
   8.152657E+01   2.931953E+01
   8.152953E+01   2.932634E+01
   8.153925E+01   2.933106E+01
   8.154974E+01   2.934302E+01
   8.155382E+01   2.935361E+01
   8.156030E+01   2.935291E+01
   8.157022E+01   2.935050E+01
   8.157745E+01   2.936298E+01
   8.158384E+01   2.936524E+01
   8.160416E+01   2.936726E+01
   8.161803E+01   2.937067E+01
   8.162698E+01   2.936594E+01
   8.163808E+01   2.935676E+01
   8.164221E+01   2.935233E+01
   8.164186E+01   2.933255E+01
   8.164632E+01   2.932311E+01
   8.165447E+01   2.932107E+01
   8.166400E+01   2.931923E+01
   8.167297E+01   2.931819E+01
   8.168270E+01   2.931918E+01
   8.170233E+01   2.933036E+01
   8.172251E+01   2.933210E+01
   8.174733E+01   2.932914E+01
   8.174654E+01   2.934425E+01
   8.174678E+01   2.934642E+01
   8.174847E+01   2.934746E+01
   8.175056E+01   2.934918E+01
   8.174998E+01   2.935373E+01
   8.174873E+01   2.936350E+01
   8.175769E+01   2.938203E+01
   8.176135E+01   2.938682E+01
   8.176636E+01   2.939062E+01
   8.177173E+01   2.939090E+01
   8.178960E+01   2.938982E+01
   8.179239E+01   2.939820E+01
   8.179747E+01   2.940691E+01
   8.179682E+01   2.941434E+01
   8.179937E+01   2.942706E+01
   8.180513E+01   2.943913E+01
   8.180355E+01   2.944976E+01
   8.180776E+01   2.945366E+01
   8.180439E+01   2.947487E+01
   8.178779E+01   2.949740E+01
   8.178066E+01   2.950911E+01
   8.177762E+01   2.951446E+01
   8.178125E+01   2.952065E+01
   8.179056E+01   2.952961E+01
   8.179283E+01   2.953223E+01
   8.179782E+01   2.955901E+01
   8.179825E+01   2.956807E+01
   8.179163E+01   2.958592E+01
   8.179051E+01   2.959307E+01
   8.178398E+01   2.959755E+01
   8.176915E+01   2.960684E+01
   8.173636E+01   2.960677E+01
   8.172861E+01   2.961318E+01
   8.172580E+01   2.961467E+01
   8.172051E+01   2.961990E+01
   8.171404E+01   2.962345E+01
   8.170920E+01   2.963310E+01
   8.170228E+01   2.964216E+01
   8.170023E+01   2.964815E+01
   8.169787E+01   2.967534E+01
   8.170270E+01   2.968818E+01
   8.170965E+01   2.970664E+01
   8.172287E+01   2.973040E+01
   8.172641E+01   2.974793E+01
   8.172962E+01   2.977004E+01
   8.174026E+01   2.979011E+01
   8.174856E+01   2.979791E+01
   8.175588E+01   2.979713E+01
   8.177977E+01   2.980664E+01
   8.178080E+01   2.983979E+01
   8.179392E+01   2.984966E+01
   8.179583E+01   2.986502E+01
   8.179573E+01   2.989139E+01
   8.179856E+01   2.989636E+01
   8.179087E+01   2.990711E+01
   8.178151E+01   2.990869E+01
   8.177334E+01   2.990969E+01
   8.175446E+01   2.990827E+01
   8.174390E+01   2.990810E+01
   8.173284E+01   2.990745E+01
   8.172740E+01   2.991206E+01
   8.171392E+01   2.991107E+01
   8.170859E+01   2.992704E+01
   8.169933E+01   2.993906E+01
   8.166124E+01   2.994155E+01
   8.165353E+01   2.994250E+01
   8.163686E+01   2.994470E+01
   8.162551E+01   2.993805E+01
   8.161502E+01   2.993950E+01
   8.160583E+01   2.993710E+01
   8.159785E+01   2.993107E+01
   8.158883E+01   2.993389E+01
   8.157924E+01   2.993472E+01
   8.157266E+01   2.993417E+01
   8.156126E+01   2.992762E+01
   8.154900E+01   2.992313E+01
   8.153483E+01   2.992753E+01
   8.152011E+01   2.992264E+01
   8.151230E+01   2.991663E+01
   8.150498E+01   2.989368E+01
   8.148152E+01   2.988829E+01
   8.145710E+01   2.990520E+01
   8.144449E+01   2.993722E+01
   8.147072E+01   2.997404E+01
   8.145676E+01   2.999952E+01
   8.142874E+01   3.000669E+01
   8.138325E+01   3.000754E+01
   8.135663E+01   3.000793E+01
   8.132718E+01   3.002540E+01
   8.131449E+01   3.003315E+01
   8.128414E+01   3.003696E+01
   8.127150E+01   3.004473E+01
   8.127255E+01   3.005230E+01
   8.127709E+01   3.006031E+01
   8.128118E+01   3.006636E+01
   8.128738E+01   3.007060E+01
   8.128829E+01   3.007468E+01
   8.128753E+01   3.008058E+01
   8.128814E+01   3.008799E+01
   8.128935E+01   3.009662E+01
   8.128571E+01   3.010494E+01
   8.128859E+01   3.010811E+01
   8.128711E+01   3.011357E+01
   8.128314E+01   3.011915E+01
   8.127982E+01   3.012400E+01
   8.127407E+01   3.012914E+01
   8.126272E+01   3.013640E+01
   8.125849E+01   3.014245E+01
   8.125697E+01   3.015077E+01
   8.126545E+01   3.015304E+01
   8.127331E+01   3.015485E+01
   8.128753E+01   3.015531E+01
   8.129706E+01   3.015848E+01
   8.130432E+01   3.016272E+01
   8.130642E+01   3.016423E+01
   8.130940E+01   3.016082E+01
   8.130905E+01   3.015689E+01
   8.131323E+01   3.015404E+01
   8.131667E+01   3.015150E+01
   8.131787E+01   3.015195E+01
   8.132202E+01   3.015273E+01
   8.133156E+01   3.015278E+01
   8.133352E+01   3.016000E+01
   8.135530E+01   3.017936E+01
   8.136029E+01   3.018299E+01
   8.137012E+01   3.018632E+01
   8.137269E+01   3.019191E+01
   8.137496E+01   3.019615E+01
   8.138767E+01   3.020356E+01
   8.139508E+01   3.021158E+01
   8.139614E+01   3.021763E+01
   8.139205E+01   3.022746E+01
   8.139130E+01   3.023502E+01
   8.139584E+01   3.024365E+01
   8.139523E+01   3.025060E+01
   8.140007E+01   3.025559E+01
   8.140779E+01   3.026119E+01
   8.141081E+01   3.026785E+01
   8.141384E+01   3.027118E+01
   8.141565E+01   3.027859E+01
   8.141459E+01   3.028418E+01
   8.140627E+01   3.028252E+01
   8.140158E+01   3.028434E+01
   8.140219E+01   3.028918E+01
   8.140839E+01   3.029538E+01
   8.141369E+01   3.029946E+01
   8.141732E+01   3.030279E+01
   8.142231E+01   3.030536E+01
   8.141958E+01   3.031035E+01
   8.141490E+01   3.031595E+01
   8.140990E+01   3.031595E+01
   8.140627E+01   3.031489E+01
   8.140295E+01   3.031837E+01
   8.139795E+01   3.032714E+01
   8.140189E+01   3.033198E+01
   8.140582E+01   3.033894E+01
   8.140310E+01   3.034257E+01
   8.140552E+01   3.035271E+01
   8.139992E+01   3.035770E+01
   8.139962E+01   3.036420E+01
   8.139659E+01   3.036995E+01
   8.140022E+01   3.037056E+01
   8.140597E+01   3.037086E+01
   8.140975E+01   3.037071E+01
   8.141656E+01   3.037041E+01
   8.142261E+01   3.037298E+01
   8.142700E+01   3.038175E+01
   8.142563E+01   3.038417E+01
   8.142004E+01   3.038810E+01
   8.141505E+01   3.038962E+01
   8.141187E+01   3.039355E+01
   8.140673E+01   3.039551E+01
   8.140068E+01   3.039642E+01
   8.140355E+01   3.040278E+01
   8.140310E+01   3.040883E+01
   8.140673E+01   3.041382E+01
   8.140779E+01   3.042093E+01
   8.142533E+01   3.042063E+01
   8.143078E+01   3.041851E+01
   8.143229E+01   3.041367E+01
   8.143622E+01   3.041276E+01
   8.144227E+01   3.041624E+01
   8.144984E+01   3.041170E+01
   8.145770E+01   3.040762E+01
   8.146844E+01   3.040429E+01
   8.147404E+01   3.039340E+01
   8.148281E+01   3.038568E+01
   8.148901E+01   3.038175E+01
   8.150687E+01   3.038099E+01
   8.152456E+01   3.037570E+01
   8.153969E+01   3.037283E+01
   8.154877E+01   3.037373E+01
   8.155300E+01   3.037177E+01
   8.155482E+01   3.037646E+01
   8.155058E+01   3.038009E+01
   8.155088E+01   3.039657E+01
   8.155406E+01   3.040641E+01
   8.155845E+01   3.041548E+01
   8.156147E+01   3.042789E+01
   8.157841E+01   3.042441E+01
   8.158643E+01   3.042153E+01
   8.159354E+01   3.041563E+01
   8.160262E+01   3.041397E+01
   8.160851E+01   3.041246E+01
   8.161487E+01   3.041775E+01
   8.162046E+01   3.042335E+01
   8.162031E+01   3.043031E+01
   8.161850E+01   3.044150E+01
   8.161986E+01   3.044679E+01
   8.162878E+01   3.044589E+01
   8.163665E+01   3.044286E+01
   8.164436E+01   3.043984E+01
   8.165389E+01   3.043409E+01
   8.166388E+01   3.043061E+01
   8.166766E+01   3.043031E+01
   8.167673E+01   3.042637E+01
   8.168884E+01   3.042531E+01
   8.169685E+01   3.042153E+01
   8.170381E+01   3.041715E+01
   8.170926E+01   3.041442E+01
   8.171561E+01   3.041155E+01
   8.172650E+01   3.041140E+01
   8.172938E+01   3.040368E+01
   8.173195E+01   3.039763E+01
   8.173694E+01   3.039536E+01
   8.174541E+01   3.039325E+01
   8.175464E+01   3.038826E+01
   8.176220E+01   3.038886E+01
   8.176795E+01   3.038720E+01
   8.177143E+01   3.038568E+01
   8.177612E+01   3.038478E+01
   8.178085E+01   3.038504E+01
   8.178716E+01   3.038689E+01
   8.179631E+01   3.038722E+01
   8.180546E+01   3.038629E+01
   8.181060E+01   3.038432E+01
   8.181544E+01   3.038341E+01
   8.181771E+01   3.037918E+01
   8.182664E+01   3.037464E+01
   8.183178E+01   3.037419E+01
   8.183889E+01   3.037570E+01
   8.184403E+01   3.037434E+01
   8.184993E+01   3.037691E+01
   8.185750E+01   3.037888E+01
   8.186612E+01   3.037721E+01
   8.187292E+01   3.037177E+01
   8.187898E+01   3.036481E+01
   8.188442E+01   3.036088E+01
   8.189002E+01   3.035876E+01
   8.189788E+01   3.035528E+01
   8.190938E+01   3.035377E+01
   8.191952E+01   3.035074E+01
   8.193207E+01   3.034817E+01
   8.194402E+01   3.035029E+01
   8.194523E+01   3.035573E+01
   8.194931E+01   3.035876E+01
   8.195370E+01   3.035528E+01
   8.196126E+01   3.035377E+01
   8.196323E+01   3.034893E+01
   8.195975E+01   3.034408E+01
   8.195900E+01   3.034000E+01
   8.196399E+01   3.033894E+01
   8.196943E+01   3.033758E+01
   8.197548E+01   3.033002E+01
   8.198350E+01   3.032775E+01
   8.198970E+01   3.032155E+01
   8.199379E+01   3.032094E+01
   8.199908E+01   3.032412E+01
   8.200740E+01   3.033017E+01
   8.201133E+01   3.033425E+01
   8.201905E+01   3.034378E+01
   8.202600E+01   3.034091E+01
   8.203221E+01   3.033909E+01
   8.203901E+01   3.034197E+01
   8.205626E+01   3.033788E+01
   8.205959E+01   3.034393E+01
   8.206458E+01   3.034651E+01
   8.206397E+01   3.035014E+01
   8.206700E+01   3.035755E+01
   8.207108E+01   3.035770E+01
   8.208167E+01   3.036209E+01
   8.208500E+01   3.036042E+01
   8.208727E+01   3.035724E+01
   8.209059E+01   3.035286E+01
   8.209725E+01   3.034908E+01
   8.210633E+01   3.034908E+01
   8.211071E+01   3.034439E+01
   8.211041E+01   3.033788E+01
   8.211329E+01   3.032972E+01
   8.211918E+01   3.032684E+01
   8.212055E+01   3.032245E+01
   8.211888E+01   3.031943E+01
   8.212145E+01   3.031323E+01
   8.212418E+01   3.030702E+01
   8.212508E+01   3.030264E+01
   8.212100E+01   3.029856E+01
   8.211676E+01   3.029356E+01
   8.211571E+01   3.028585E+01
   8.211374E+01   3.027950E+01
   8.211162E+01   3.027632E+01
   8.211555E+01   3.027390E+01
   8.211571E+01   3.026376E+01
   8.211722E+01   3.025802E+01
   8.210814E+01   3.025514E+01
   8.210708E+01   3.025091E+01
   8.210648E+01   3.024470E+01
   8.210088E+01   3.023638E+01
   8.210860E+01   3.022701E+01
   8.211434E+01   3.022504E+01
   8.212977E+01   3.022625E+01
   8.212992E+01   3.022307E+01
   8.213310E+01   3.022020E+01
   8.213204E+01   3.021460E+01
   8.213325E+01   3.020780E+01
   8.213764E+01   3.020099E+01
   8.214082E+01   3.019721E+01
   8.214989E+01   3.019433E+01
   8.215534E+01   3.019101E+01
   8.216275E+01   3.018949E+01
   8.218090E+01   3.019101E+01
   8.218514E+01   3.019025E+01
   8.218544E+01   3.017996E+01
   8.218710E+01   3.017300E+01
   8.218438E+01   3.016771E+01
   8.218256E+01   3.016181E+01
   8.219542E+01   3.015924E+01
   8.220223E+01   3.015682E+01
   8.220374E+01   3.015062E+01
   8.219739E+01   3.014018E+01
   8.219406E+01   3.013610E+01
   8.218680E+01   3.013489E+01
   8.218151E+01   3.013247E+01
   8.217666E+01   3.012324E+01
   8.217198E+01   3.011779E+01
   8.217954E+01   3.011658E+01
   8.218453E+01   3.011053E+01
   8.218014E+01   3.009979E+01
   8.217470E+01   3.008799E+01
   8.216774E+01   3.008421E+01
   8.217198E+01   3.006546E+01
   8.218665E+01   3.006878E+01
   8.219618E+01   3.006954E+01
   8.221100E+01   3.006530E+01
   8.223188E+01   3.006500E+01
   8.224080E+01   3.007438E+01
   8.224973E+01   3.007362E+01
   8.225351E+01   3.006984E+01
   8.225668E+01   3.006712E+01
   8.225850E+01   3.006424E+01
   8.226621E+01   3.006167E+01
   8.227937E+01   3.006167E+01
   8.228406E+01   3.005608E+01
   8.228573E+01   3.005109E+01
   8.228905E+01   3.004413E+01
   8.229616E+01   3.004156E+01
   8.229949E+01   3.003868E+01
   8.230615E+01   3.003777E+01
   8.231689E+01   3.004141E+01
   8.231901E+01   3.004851E+01
   8.232460E+01   3.004806E+01
   8.233262E+01   3.004761E+01
   8.233685E+01   3.004503E+01
   8.233897E+01   3.004095E+01
   8.234381E+01   3.003520E+01
   8.234608E+01   3.002855E+01
   8.234986E+01   3.002476E+01
   8.235364E+01   3.002613E+01
   8.236045E+01   3.001887E+01
   8.236348E+01   3.000964E+01
   8.237286E+01   3.001554E+01
   8.237528E+01   3.001418E+01
   8.237649E+01   3.002129E+01
   8.237679E+01   3.002673E+01
   8.238269E+01   3.002371E+01
   8.239040E+01   3.002386E+01
   8.239554E+01   3.002446E+01
   8.239978E+01   3.001977E+01
   8.240265E+01   3.001554E+01
   8.240568E+01   3.001463E+01
   8.240840E+01   3.001009E+01
   8.241702E+01   3.000722E+01
   8.242217E+01   2.999845E+01
   8.242549E+01   2.999406E+01
   8.243018E+01   2.999043E+01
   8.243578E+01   2.999028E+01
   8.243911E+01   2.998876E+01
   8.244667E+01   2.998226E+01
   8.245408E+01   2.997878E+01
   8.245726E+01   2.997939E+01
   8.246331E+01   2.998165E+01
   8.246785E+01   2.997712E+01
   8.247571E+01   2.997424E+01
   8.247692E+01   2.996865E+01
   8.247435E+01   2.996456E+01
   8.247934E+01   2.996033E+01
   8.248388E+01   2.995836E+01
   8.248978E+01   2.995292E+01
   8.249720E+01   2.994747E+01
   8.250309E+01   2.994838E+01
   8.251293E+01   2.995155E+01
   8.251883E+01   2.995715E+01
   8.252170E+01   2.996184E+01
   8.252926E+01   2.997243E+01
   8.253577E+01   2.996910E+01
   8.254378E+01   2.996517E+01
   8.254984E+01   2.996214E+01
   8.256269E+01   2.995503E+01
   8.256330E+01   2.994853E+01
   8.256375E+01   2.994323E+01
   8.256678E+01   2.993582E+01
   8.257010E+01   2.992977E+01
   8.257691E+01   2.992493E+01
   8.257994E+01   2.992175E+01
   8.258538E+01   2.992175E+01
   8.258886E+01   2.991238E+01
   8.259113E+01   2.990829E+01
   8.259582E+01   2.990103E+01
   8.260040E+01   2.989502E+01
   8.260278E+01   2.988893E+01
   8.261125E+01   2.988348E+01
   8.262955E+01   2.987774E+01
   8.264180E+01   2.987244E+01
   8.264059E+01   2.986458E+01
   8.263121E+01   2.985747E+01
   8.263061E+01   2.984900E+01
   8.262138E+01   2.984763E+01
   8.262093E+01   2.984068E+01
   8.262804E+01   2.983735E+01
   8.264347E+01   2.983644E+01
   8.265436E+01   2.983916E+01
   8.265723E+01   2.984158E+01
   8.266404E+01   2.984325E+01
   8.266843E+01   2.984400E+01
   8.267523E+01   2.984325E+01
   8.268703E+01   2.985323E+01
   8.269081E+01   2.985444E+01
   8.269444E+01   2.985444E+01
   8.269807E+01   2.985565E+01
   8.270367E+01   2.984567E+01
   8.271184E+01   2.983841E+01
   8.271940E+01   2.983977E+01
   8.272666E+01   2.983463E+01
   8.272833E+01   2.982510E+01
   8.273196E+01   2.981889E+01
   8.273861E+01   2.981466E+01
   8.273090E+01   2.980921E+01
   8.272833E+01   2.980377E+01
   8.271698E+01   2.979802E+01
   8.271002E+01   2.979257E+01
   8.270216E+01   2.979424E+01
   8.269535E+01   2.979212E+01
   8.269626E+01   2.977972E+01
   8.269001E+01   2.976863E+01
   8.269339E+01   2.976119E+01
   8.270458E+01   2.976459E+01
   8.270821E+01   2.976837E+01
   8.271653E+01   2.976822E+01
   8.272606E+01   2.977185E+01
   8.273377E+01   2.977215E+01
   8.274043E+01   2.977049E+01
   8.274845E+01   2.976519E+01
   8.275298E+01   2.976399E+01
   8.275888E+01   2.976096E+01
   8.276100E+01   2.975521E+01
   8.276297E+01   2.975052E+01
   8.276690E+01   2.973509E+01
   8.276720E+01   2.973025E+01
   8.277976E+01   2.972556E+01
   8.279700E+01   2.971951E+01
   8.280940E+01   2.972103E+01
   8.281878E+01   2.972103E+01
   8.282181E+01   2.971346E+01
   8.281530E+01   2.970620E+01
   8.281833E+01   2.969637E+01
   8.282756E+01   2.969032E+01
   8.283603E+01   2.969032E+01
   8.283905E+01   2.969198E+01
   8.284601E+01   2.969047E+01
   8.284994E+01   2.968881E+01
   8.285736E+01   2.968714E+01
   8.286900E+01   2.968714E+01
   8.287732E+01   2.969289E+01
   8.288337E+01   2.969259E+01
   8.288806E+01   2.969561E+01
   8.289320E+01   2.970151E+01
   8.290137E+01   2.970181E+01
   8.290697E+01   2.970015E+01
   8.291272E+01   2.970408E+01
   8.292028E+01   2.970529E+01
   8.293163E+01   2.970242E+01
   8.293722E+01   2.970181E+01
   8.294191E+01   2.969561E+01
   8.294766E+01   2.969229E+01
   8.294464E+01   2.968442E+01
   8.294206E+01   2.967474E+01
   8.294690E+01   2.966990E+01
   8.294948E+01   2.966718E+01
   8.295522E+01   2.966339E+01
   8.296793E+01   2.966385E+01
   8.296975E+01   2.966672E+01
   8.297655E+01   2.966763E+01
   8.298427E+01   2.966990E+01
   8.299153E+01   2.966339E+01
   8.300030E+01   2.966460E+01
   8.300484E+01   2.966914E+01
   8.301089E+01   2.966839E+01
   8.301407E+01   2.966415E+01
   8.301966E+01   2.965840E+01
   8.302027E+01   2.965190E+01
   8.302617E+01   2.965129E+01
   8.303645E+01   2.965129E+01
   8.303963E+01   2.964449E+01
   8.304265E+01   2.963117E+01
   8.305173E+01   2.962936E+01
   8.306277E+01   2.962739E+01
   8.306640E+01   2.961862E+01
   8.306882E+01   2.961348E+01
   8.307018E+01   2.960969E+01
   8.307941E+01   2.960818E+01
   8.308380E+01   2.960364E+01
   8.309076E+01   2.960516E+01
   8.309545E+01   2.961272E+01
   8.310513E+01   2.961862E+01
   8.310861E+01   2.961711E+01
   8.311678E+01   2.961665E+01
   8.312192E+01   2.962875E+01
   8.312782E+01   2.962195E+01
   8.313523E+01   2.962270E+01
   8.314158E+01   2.962482E+01
   8.314506E+01   2.962331E+01
   8.315005E+01   2.962467E+01
   8.316533E+01   2.961620E+01
   8.316336E+01   2.960969E+01
   8.315913E+01   2.960213E+01
   8.316246E+01   2.959502E+01
   8.316684E+01   2.959593E+01
   8.317410E+01   2.959291E+01
   8.318318E+01   2.959487E+01
   8.318787E+01   2.960228E+01
   8.318757E+01   2.960803E+01
   8.319135E+01   2.960803E+01
   8.320027E+01   2.960531E+01
   8.320693E+01   2.960591E+01
   8.321706E+01   2.960259E+01
   8.321616E+01   2.959714E+01
   8.321570E+01   2.959230E+01
   8.321600E+01   2.958806E+01
   8.322780E+01   2.958232E+01
   8.324021E+01   2.957763E+01
   8.324989E+01   2.957732E+01
   8.326653E+01   2.957218E+01
   8.326819E+01   2.957037E+01
   8.327590E+01   2.956946E+01
   8.328075E+01   2.956658E+01
   8.328271E+01   2.955796E+01
   8.327364E+01   2.955448E+01
   8.326547E+01   2.955539E+01
   8.325866E+01   2.955751E+01
   8.325533E+01   2.955600E+01
   8.325548E+01   2.954178E+01
   8.325972E+01   2.953754E+01
   8.326486E+01   2.953028E+01
   8.326819E+01   2.952302E+01
   8.326804E+01   2.951939E+01
   8.326789E+01   2.951561E+01
   8.326789E+01   2.951168E+01
   8.327016E+01   2.950820E+01
   8.327333E+01   2.950593E+01
   8.327712E+01   2.950200E+01
   8.328181E+01   2.949882E+01
   8.328725E+01   2.950094E+01
   8.329285E+01   2.950457E+01
   8.329935E+01   2.950124E+01
   8.330888E+01   2.950275E+01
   8.331599E+01   2.950865E+01
   8.332567E+01   2.950381E+01
   8.333898E+01   2.949715E+01
   8.334761E+01   2.949277E+01
   8.334806E+01   2.948551E+01
   8.334791E+01   2.947825E+01
   8.334397E+01   2.947356E+01
   8.334443E+01   2.946751E+01
   8.334700E+01   2.946282E+01
   8.335033E+01   2.945934E+01
   8.335381E+01   2.945208E+01
   8.336122E+01   2.945208E+01
   8.336545E+01   2.944814E+01
   8.336455E+01   2.943967E+01
   8.337166E+01   2.943211E+01
   8.337740E+01   2.942742E+01
   8.338255E+01   2.942379E+01
   8.338724E+01   2.942243E+01
   8.339677E+01   2.942182E+01
   8.340660E+01   2.942213E+01
   8.341522E+01   2.941577E+01
   8.341961E+01   2.940624E+01
   8.342430E+01   2.940443E+01
   8.342067E+01   2.939747E+01
   8.342324E+01   2.938673E+01
   8.341946E+01   2.938310E+01
   8.341446E+01   2.937690E+01
   8.341522E+01   2.937115E+01
   8.341401E+01   2.936646E+01
   8.341673E+01   2.936419E+01
   8.341522E+01   2.935935E+01
   8.341870E+01   2.935663E+01
   8.342702E+01   2.935315E+01
   8.343186E+01   2.934982E+01
   8.343957E+01   2.934907E+01
   8.344472E+01   2.933969E+01
   8.344366E+01   2.933349E+01
   8.344517E+01   2.932668E+01
   8.344230E+01   2.932017E+01
   8.343851E+01   2.931594E+01
   8.343897E+01   2.931125E+01
   8.344351E+01   2.930686E+01
   8.344260E+01   2.930142E+01
   8.344517E+01   2.929930E+01
   8.345152E+01   2.929733E+01
   8.345304E+01   2.929280E+01
   8.345500E+01   2.928735E+01
   8.346015E+01   2.928629E+01
   8.346226E+01   2.928130E+01
   8.346408E+01   2.927555E+01
   8.346952E+01   2.927404E+01
   8.347361E+01   2.927737E+01
   8.348768E+01   2.928054E+01
   8.348707E+01   2.927601E+01
   8.349131E+01   2.927495E+01
   8.349206E+01   2.926920E+01
   8.349297E+01   2.926405E+01
   8.349872E+01   2.926224E+01
   8.350401E+01   2.925589E+01
   8.350885E+01   2.925770E+01
   8.351400E+01   2.925468E+01
   8.351611E+01   2.924671E+01
   8.351808E+01   2.924227E+01
   8.352201E+01   2.923925E+01
   8.351884E+01   2.923380E+01
   8.351581E+01   2.922790E+01
   8.351748E+01   2.922079E+01
   8.352213E+01   2.921675E+01
   8.353124E+01   2.921232E+01
   8.353079E+01   2.920869E+01
   8.353351E+01   2.920627E+01
   8.353638E+01   2.920431E+01
   8.354168E+01   2.920204E+01
   8.354909E+01   2.920052E+01
   8.355363E+01   2.920098E+01
   8.355696E+01   2.920446E+01
   8.356391E+01   2.920476E+01
   8.357057E+01   2.920325E+01
   8.357223E+01   2.919931E+01
   8.356936E+01   2.919614E+01
   8.356981E+01   2.919024E+01
   8.357571E+01   2.918797E+01
   8.357617E+01   2.918071E+01
   8.359054E+01   2.917481E+01
   8.360370E+01   2.917829E+01
   8.361005E+01   2.918116E+01
   8.361247E+01   2.917662E+01
   8.361474E+01   2.917194E+01
   8.362457E+01   2.916543E+01
   8.362760E+01   2.916301E+01
   8.363380E+01   2.915862E+01
   8.364076E+01   2.916059E+01
   8.364333E+01   2.916422E+01
   8.364665E+01   2.916952E+01
   8.365240E+01   2.917163E+01
   8.365592E+01   2.917588E+01
   8.366222E+01   2.917317E+01
   8.366154E+01   2.916492E+01
   8.366254E+01   2.915539E+01
   8.367652E+01   2.914679E+01
   8.367748E+01   2.913429E+01
   8.367897E+01   2.912580E+01
   8.366439E+01   2.912382E+01
   8.365517E+01   2.912163E+01
   8.364980E+01   2.911630E+01
   8.365203E+01   2.910975E+01
   8.363077E+01   2.910864E+01
   8.361935E+01   2.909944E+01
   8.361496E+01   2.909331E+01
   8.362652E+01   2.908564E+01
   8.361808E+01   2.905620E+01
   8.361636E+01   2.904170E+01
   8.361384E+01   2.902238E+01
   8.361386E+01   2.901634E+01
   8.361416E+01   2.900963E+01
   8.361420E+01   2.900057E+01
   8.361382E+01   2.898638E+01
   8.360922E+01   2.898008E+01
   8.359891E+01   2.898550E+01
   8.358827E+01   2.897854E+01
   8.358564E+01   2.896898E+01
   8.358116E+01   2.895741E+01
   8.357471E+01   2.895386E+01
   8.356686E+01   2.894302E+01
   8.355544E+01   2.893479E+01
   8.352906E+01   2.890814E+01
   8.351430E+01   2.888928E+01
   8.350347E+01   2.888184E+01
   8.349960E+01   2.887545E+01
   8.350469E+01   2.886762E+01
   8.350586E+01   2.885714E+01
   8.349956E+01   2.884499E+01
   8.348738E+01   2.884630E+01
   8.348276E+01   2.883266E+01
   8.347900E+01   2.882299E+01
   8.348406E+01   2.881391E+01
   8.348733E+01   2.880247E+01
   8.348414E+01   2.878773E+01
   8.347323E+01   2.878140E+01
   8.345658E+01   2.877411E+01
   8.342654E+01   2.876601E+01
   8.338739E+01   2.876323E+01
   8.337300E+01   2.874514E+01
   8.335504E+01   2.873421E+01
   8.334109E+01   2.873658E+01
   8.332564E+01   2.873808E+01
   8.330730E+01   2.873228E+01
   8.328779E+01   2.872784E+01
   8.327295E+01   2.872440E+01
   8.324914E+01   2.872990E+01
   8.323652E+01   2.873990E+01
   8.322439E+01   2.874126E+01
   8.320517E+01   2.873292E+01
   8.317499E+01   2.874472E+01
   8.313451E+01   2.874849E+01
   8.311014E+01   2.874872E+01
   8.310318E+01   2.875656E+01
   8.309383E+01   2.876809E+01
   8.308158E+01   2.878001E+01
   8.308003E+01   2.878700E+01
   8.305410E+01   2.878655E+01
   8.303993E+01   2.879513E+01
   8.302821E+01   2.879295E+01
   8.300861E+01   2.880038E+01
   8.298334E+01   2.880168E+01
   8.297557E+01   2.880897E+01
   8.296651E+01   2.882036E+01
   8.294707E+01   2.882864E+01
   8.291622E+01   2.883165E+01
   8.289757E+01   2.882521E+01
   8.287560E+01   2.883098E+01
   8.286444E+01   2.883233E+01
   8.284970E+01   2.882735E+01
   8.284056E+01   2.882882E+01
   8.282169E+01   2.883014E+01
   8.280436E+01   2.882351E+01
   8.279625E+01   2.882132E+01
   8.278569E+01   2.882226E+01
   8.277884E+01   2.881999E+01
   8.276263E+01   2.881425E+01
   8.275678E+01   2.881965E+01
   8.274428E+01   2.884188E+01
   8.273722E+01   2.884789E+01
   8.272242E+01   2.884964E+01
   8.270438E+01   2.885451E+01
   8.269617E+01   2.886485E+01
   8.269888E+01   2.887770E+01
   8.269191E+01   2.888682E+01
   8.270033E+01   2.890040E+01
   8.269146E+01   2.891419E+01
   8.268486E+01   2.892457E+01
   8.267719E+01   2.893748E+01
   8.267025E+01   2.894793E+01
   8.266616E+01   2.896387E+01
   8.264601E+01   2.896244E+01
   8.263069E+01   2.897105E+01
   8.261560E+01   2.897876E+01
   8.259536E+01   2.898061E+01
   8.257847E+01   2.898957E+01
   8.256644E+01   2.900022E+01
   8.254381E+01   2.900616E+01
   8.252333E+01   2.901463E+01
   8.250807E+01   2.901738E+01
   8.248469E+01   2.901565E+01
   8.247713E+01   2.900610E+01
   8.246205E+01   2.899335E+01
   8.245443E+01   2.898955E+01
   8.244561E+01   2.899006E+01
   8.243282E+01   2.899415E+01
   8.241261E+01   2.900485E+01
   8.239879E+01   2.900425E+01
   8.239538E+01   2.901430E+01
   8.239655E+01   2.902567E+01
   8.239951E+01   2.903812E+01
   8.240591E+01   2.904991E+01
   8.240373E+01   2.906430E+01
   8.240581E+01   2.907688E+01
   8.240796E+01   2.908488E+01
   8.241155E+01   2.909628E+01
   8.238708E+01   2.910531E+01
   8.235507E+01   2.911582E+01
   8.234191E+01   2.911451E+01
   8.231300E+01   2.911445E+01
   8.228524E+01   2.911874E+01
   8.227809E+01   2.912792E+01
   8.226480E+01   2.911646E+01
   8.226418E+01   2.910969E+01
   8.225862E+01   2.910261E+01
   8.225426E+01   2.910905E+01
   8.224151E+01   2.910371E+01
   8.223220E+01   2.910540E+01
   8.222458E+01   2.910526E+01
   8.222048E+01   2.909106E+01
   8.220422E+01   2.908992E+01
   8.220274E+01   2.908028E+01
   8.219702E+01   2.907575E+01
   8.218994E+01   2.906935E+01
   8.217217E+01   2.906706E+01
   8.216641E+01   2.906409E+01
   8.215688E+01   2.905425E+01
   8.215017E+01   2.905002E+01
   8.214882E+01   2.904119E+01
   8.214649E+01   2.903481E+01
   8.213637E+01   2.903304E+01
   8.212838E+01   2.902383E+01
   8.211821E+01   2.901537E+01
   8.212133E+01   2.899830E+01
   8.211591E+01   2.899304E+01
   8.207603E+01   2.897230E+01
   8.206275E+01   2.897400E+01
   8.204961E+01   2.898091E+01
   8.204169E+01   2.898915E+01
   8.200478E+01   2.903056E+01
   8.198764E+01   2.901014E+01
   8.196625E+01   2.899304E+01
   8.194630E+01   2.898294E+01
   8.191632E+01   2.897987E+01
   8.190668E+01   2.898562E+01
   8.189795E+01   2.898220E+01
   8.188863E+01   2.898477E+01
   8.187810E+01   2.897645E+01
   8.186444E+01   2.897093E+01
   8.184841E+01   2.897220E+01
   8.184143E+01   2.898135E+01
   8.183296E+01   2.898363E+01
   8.182818E+01   2.898529E+01
   8.182172E+01   2.898320E+01
   8.181646E+01   2.898763E+01
   8.181214E+01   2.899247E+01
   8.180557E+01   2.899858E+01
   8.179376E+01   2.900557E+01
   8.179405E+01   2.900978E+01
   8.179480E+01   2.901407E+01
   8.179029E+01   2.901401E+01
   8.177972E+01   2.901787E+01
   8.177212E+01   2.901995E+01
   8.176471E+01   2.901787E+01
   8.174772E+01   2.901245E+01
   8.174084E+01   2.901511E+01
   8.173659E+01   2.901999E+01
   8.172709E+01   2.902043E+01
   8.172042E+01   2.901953E+01
   8.171582E+01   2.902296E+01
   8.170919E+01   2.903068E+01
   8.169964E+01   2.903760E+01
   8.169576E+01   2.904101E+01
   8.168834E+01   2.904947E+01
   8.167180E+01   2.904489E+01
   8.164446E+01   2.904008E+01
   8.162963E+01   2.904638E+01
   8.162079E+01   2.904156E+01
   8.161298E+01   2.903372E+01
   8.160398E+01   2.903983E+01
   8.160105E+01   2.904373E+01
   8.159125E+01   2.904726E+01
   8.157974E+01   2.904728E+01
   8.156645E+01   2.905217E+01
   8.156182E+01   2.906710E+01
   8.156565E+01   2.908424E+01
   8.156138E+01   2.909343E+01
   8.153895E+01   2.910853E+01
   8.156670E+01   2.912649E+01
   8.155154E+01   2.912957E+01
   8.153442E+01   2.913895E+01
   8.153202E+01   2.914803E+01
   8.152097E+01   2.915451E+01
   8.150627E+01   2.915229E+01
   8.149817E+01   2.915290E+01
   8.149477E+01   2.916472E+01
END
   8.149492E+01   2.916934E+01
   8.148725E+01   2.917317E+01
   8.149037E+01   2.918155E+01
   8.148346E+01   2.919428E+01
   8.148063E+01   2.920292E+01
   8.148532E+01   2.922221E+01
   8.149899E+01   2.924049E+01
   8.149422E+01   2.925610E+01
   8.148726E+01   2.926531E+01
   8.148051E+01   2.927794E+01
   8.148879E+01   2.928787E+01
   8.150096E+01   2.929828E+01
   8.150792E+01   2.931453E+01
   8.151785E+01   2.931469E+01
   8.152447E+01   2.931723E+01
   8.152657E+01   2.931953E+01
   8.152953E+01   2.932634E+01
   8.153925E+01   2.933106E+01
   8.154974E+01   2.934302E+01
   8.155382E+01   2.935361E+01
   8.156030E+01   2.935291E+01
   8.157022E+01   2.935050E+01
   8.157745E+01   2.936298E+01
   8.158384E+01   2.936524E+01
   8.160416E+01   2.936726E+01
   8.161803E+01   2.937067E+01
   8.162698E+01   2.936594E+01
   8.163808E+01   2.935676E+01
   8.164221E+01   2.935233E+01
   8.164186E+01   2.933255E+01
   8.164632E+01   2.932311E+01
   8.165447E+01   2.932107E+01
   8.166400E+01   2.931923E+01
   8.167297E+01   2.931819E+01
   8.168270E+01   2.931918E+01
   8.170233E+01   2.933036E+01
   8.172251E+01   2.933210E+01
   8.174733E+01   2.932914E+01
   8.174654E+01   2.934425E+01
   8.174678E+01   2.934642E+01
   8.174847E+01   2.934746E+01
   8.175056E+01   2.934918E+01
   8.174998E+01   2.935373E+01
   8.174873E+01   2.936350E+01
   8.175769E+01   2.938203E+01
   8.176135E+01   2.938682E+01
   8.176636E+01   2.939062E+01
   8.177173E+01   2.939090E+01
   8.178960E+01   2.938982E+01
   8.179239E+01   2.939820E+01
   8.179747E+01   2.940691E+01
   8.179682E+01   2.941434E+01
   8.179937E+01   2.942706E+01
   8.180513E+01   2.943913E+01
   8.180355E+01   2.944976E+01
   8.180776E+01   2.945366E+01
   8.180439E+01   2.947487E+01
   8.178779E+01   2.949740E+01
   8.178066E+01   2.950911E+01
   8.177762E+01   2.951446E+01
   8.178125E+01   2.952065E+01
   8.179056E+01   2.952961E+01
   8.179283E+01   2.953223E+01
   8.179782E+01   2.955901E+01
   8.179825E+01   2.956807E+01
   8.179163E+01   2.958592E+01
   8.179051E+01   2.959307E+01
   8.178398E+01   2.959755E+01
   8.176915E+01   2.960684E+01
   8.173636E+01   2.960677E+01
   8.172861E+01   2.961318E+01
   8.172580E+01   2.961467E+01
   8.172051E+01   2.961990E+01
   8.171404E+01   2.962345E+01
   8.170920E+01   2.963310E+01
   8.170228E+01   2.964216E+01
   8.170023E+01   2.964815E+01
   8.169787E+01   2.967534E+01
   8.170270E+01   2.968818E+01
   8.170965E+01   2.970664E+01
   8.172287E+01   2.973040E+01
   8.172641E+01   2.974793E+01
   8.172962E+01   2.977004E+01
   8.174026E+01   2.979011E+01
   8.174856E+01   2.979791E+01
   8.175588E+01   2.979713E+01
   8.177977E+01   2.980664E+01
   8.178080E+01   2.983979E+01
   8.179392E+01   2.984966E+01
   8.179583E+01   2.986502E+01
   8.179573E+01   2.989139E+01
   8.179856E+01   2.989636E+01
   8.179087E+01   2.990711E+01
   8.178151E+01   2.990869E+01
   8.177334E+01   2.990969E+01
   8.175446E+01   2.990827E+01
   8.174390E+01   2.990810E+01
   8.173284E+01   2.990745E+01
   8.172740E+01   2.991206E+01
   8.171392E+01   2.991107E+01
   8.170859E+01   2.992704E+01
   8.169933E+01   2.993906E+01
   8.166124E+01   2.994155E+01
   8.165353E+01   2.994250E+01
   8.163686E+01   2.994470E+01
   8.162551E+01   2.993805E+01
   8.161502E+01   2.993950E+01
   8.160583E+01   2.993710E+01
   8.159785E+01   2.993107E+01
   8.158883E+01   2.993389E+01
   8.157924E+01   2.993472E+01
   8.157266E+01   2.993417E+01
   8.156126E+01   2.992762E+01
   8.154900E+01   2.992313E+01
   8.153483E+01   2.992753E+01
   8.152011E+01   2.992264E+01
   8.151230E+01   2.991663E+01
   8.150498E+01   2.989368E+01
   8.148152E+01   2.988829E+01
   8.145710E+01   2.990520E+01
   8.144449E+01   2.993722E+01
   8.147072E+01   2.997404E+01
   8.145676E+01   2.999952E+01
   8.142874E+01   3.000669E+01
   8.138325E+01   3.000754E+01
   8.135663E+01   3.000793E+01
   8.132718E+01   3.002540E+01
   8.131449E+01   3.003315E+01
   8.128414E+01   3.003696E+01
   8.127150E+01   3.004473E+01
   8.127255E+01   3.005230E+01
   8.127709E+01   3.006031E+01
   8.128118E+01   3.006636E+01
   8.128738E+01   3.007060E+01
   8.128829E+01   3.007468E+01
   8.128753E+01   3.008058E+01
   8.128814E+01   3.008799E+01
   8.128935E+01   3.009662E+01
   8.128571E+01   3.010494E+01
   8.128859E+01   3.010811E+01
   8.128711E+01   3.011357E+01
   8.128314E+01   3.011915E+01
   8.127982E+01   3.012400E+01
   8.127407E+01   3.012914E+01
   8.126272E+01   3.013640E+01
   8.125849E+01   3.014245E+01
   8.125697E+01   3.015077E+01
   8.126545E+01   3.015304E+01
   8.127331E+01   3.015485E+01
   8.128753E+01   3.015531E+01
   8.129706E+01   3.015848E+01
   8.130432E+01   3.016272E+01
   8.130642E+01   3.016423E+01
   8.130940E+01   3.016082E+01
   8.130905E+01   3.015689E+01
   8.131323E+01   3.015404E+01
   8.131667E+01   3.015150E+01
   8.131787E+01   3.015195E+01
   8.132202E+01   3.015273E+01
   8.133156E+01   3.015278E+01
   8.133352E+01   3.016000E+01
   8.135530E+01   3.017936E+01
   8.136029E+01   3.018299E+01
   8.137012E+01   3.018632E+01
   8.137269E+01   3.019191E+01
   8.137496E+01   3.019615E+01
   8.138767E+01   3.020356E+01
   8.139508E+01   3.021158E+01
   8.139614E+01   3.021763E+01
   8.139205E+01   3.022746E+01
   8.139130E+01   3.023502E+01
   8.139584E+01   3.024365E+01
   8.139523E+01   3.025060E+01
   8.140007E+01   3.025559E+01
   8.140779E+01   3.026119E+01
   8.141081E+01   3.026785E+01
   8.141384E+01   3.027118E+01
   8.141565E+01   3.027859E+01
   8.141459E+01   3.028418E+01
   8.140627E+01   3.028252E+01
   8.140158E+01   3.028434E+01
   8.140219E+01   3.028918E+01
   8.140839E+01   3.029538E+01
   8.141369E+01   3.029946E+01
   8.141732E+01   3.030279E+01
   8.142231E+01   3.030536E+01
   8.141958E+01   3.031035E+01
   8.141490E+01   3.031595E+01
   8.140990E+01   3.031595E+01
   8.140627E+01   3.031489E+01
   8.140295E+01   3.031837E+01
   8.139795E+01   3.032714E+01
   8.140189E+01   3.033198E+01
   8.140582E+01   3.033894E+01
   8.140310E+01   3.034257E+01
   8.140552E+01   3.035271E+01
   8.139992E+01   3.035770E+01
   8.139962E+01   3.036420E+01
   8.139659E+01   3.036995E+01
   8.140022E+01   3.037056E+01
   8.140597E+01   3.037086E+01
   8.140975E+01   3.037071E+01
   8.141656E+01   3.037041E+01
   8.142261E+01   3.037298E+01
   8.142700E+01   3.038175E+01
   8.142563E+01   3.038417E+01
   8.142004E+01   3.038810E+01
   8.141505E+01   3.038962E+01
   8.141187E+01   3.039355E+01
   8.140673E+01   3.039551E+01
   8.140068E+01   3.039642E+01
   8.140355E+01   3.040278E+01
   8.140310E+01   3.040883E+01
   8.140673E+01   3.041382E+01
   8.140779E+01   3.042093E+01
   8.142533E+01   3.042063E+01
   8.143078E+01   3.041851E+01
   8.143229E+01   3.041367E+01
   8.143622E+01   3.041276E+01
   8.144227E+01   3.041624E+01
   8.144984E+01   3.041170E+01
   8.145770E+01   3.040762E+01
   8.146844E+01   3.040429E+01
   8.147404E+01   3.039340E+01
   8.148281E+01   3.038568E+01
   8.148901E+01   3.038175E+01
   8.150687E+01   3.038099E+01
   8.152456E+01   3.037570E+01
   8.153969E+01   3.037283E+01
   8.154877E+01   3.037373E+01
   8.155300E+01   3.037177E+01
   8.155482E+01   3.037646E+01
   8.155058E+01   3.038009E+01
   8.155088E+01   3.039657E+01
   8.155406E+01   3.040641E+01
   8.155845E+01   3.041548E+01
   8.156147E+01   3.042789E+01
   8.157841E+01   3.042441E+01
   8.158643E+01   3.042153E+01
   8.159354E+01   3.041563E+01
   8.160262E+01   3.041397E+01
   8.160851E+01   3.041246E+01
   8.161487E+01   3.041775E+01
   8.162046E+01   3.042335E+01
   8.162031E+01   3.043031E+01
   8.161850E+01   3.044150E+01
   8.161986E+01   3.044679E+01
   8.162878E+01   3.044589E+01
   8.163665E+01   3.044286E+01
   8.164436E+01   3.043984E+01
   8.165389E+01   3.043409E+01
   8.166388E+01   3.043061E+01
   8.166766E+01   3.043031E+01
   8.167673E+01   3.042637E+01
   8.168884E+01   3.042531E+01
   8.169685E+01   3.042153E+01
   8.170381E+01   3.041715E+01
   8.170926E+01   3.041442E+01
   8.171561E+01   3.041155E+01
   8.172650E+01   3.041140E+01
   8.172938E+01   3.040368E+01
   8.173195E+01   3.039763E+01
   8.173694E+01   3.039536E+01
   8.174541E+01   3.039325E+01
   8.175464E+01   3.038826E+01
   8.176220E+01   3.038886E+01
   8.176795E+01   3.038720E+01
   8.177143E+01   3.038568E+01
   8.177612E+01   3.038478E+01
   8.178085E+01   3.038504E+01
   8.178716E+01   3.038689E+01
   8.179631E+01   3.038722E+01
   8.180546E+01   3.038629E+01
   8.181060E+01   3.038432E+01
   8.181544E+01   3.038341E+01
   8.181771E+01   3.037918E+01
   8.182664E+01   3.037464E+01
   8.183178E+01   3.037419E+01
   8.183889E+01   3.037570E+01
   8.184403E+01   3.037434E+01
   8.184993E+01   3.037691E+01
   8.185750E+01   3.037888E+01
   8.186612E+01   3.037721E+01
   8.187292E+01   3.037177E+01
   8.187898E+01   3.036481E+01
   8.188442E+01   3.036088E+01
   8.189002E+01   3.035876E+01
   8.189788E+01   3.035528E+01
   8.190938E+01   3.035377E+01
   8.191952E+01   3.035074E+01
   8.193207E+01   3.034817E+01
   8.194402E+01   3.035029E+01
   8.194523E+01   3.035573E+01
   8.194931E+01   3.035876E+01
   8.195370E+01   3.035528E+01
   8.196126E+01   3.035377E+01
   8.196323E+01   3.034893E+01
   8.195975E+01   3.034408E+01
   8.195900E+01   3.034000E+01
   8.196399E+01   3.033894E+01
   8.196943E+01   3.033758E+01
   8.197548E+01   3.033002E+01
   8.198350E+01   3.032775E+01
   8.198970E+01   3.032155E+01
   8.199379E+01   3.032094E+01
   8.199908E+01   3.032412E+01
   8.200740E+01   3.033017E+01
   8.201133E+01   3.033425E+01
   8.201905E+01   3.034378E+01
   8.202600E+01   3.034091E+01
   8.203221E+01   3.033909E+01
   8.203901E+01   3.034197E+01
   8.205626E+01   3.033788E+01
   8.205959E+01   3.034393E+01
   8.206458E+01   3.034651E+01
   8.206397E+01   3.035014E+01
   8.206700E+01   3.035755E+01
   8.207108E+01   3.035770E+01
   8.208167E+01   3.036209E+01
   8.208500E+01   3.036042E+01
   8.208727E+01   3.035724E+01
   8.209059E+01   3.035286E+01
   8.209725E+01   3.034908E+01
   8.210633E+01   3.034908E+01
   8.211071E+01   3.034439E+01
   8.211041E+01   3.033788E+01
   8.211329E+01   3.032972E+01
   8.211918E+01   3.032684E+01
   8.212055E+01   3.032245E+01
   8.211888E+01   3.031943E+01
   8.212145E+01   3.031323E+01
   8.212418E+01   3.030702E+01
   8.212508E+01   3.030264E+01
   8.212100E+01   3.029856E+01
   8.211676E+01   3.029356E+01
   8.211571E+01   3.028585E+01
   8.211374E+01   3.027950E+01
   8.211162E+01   3.027632E+01
   8.211555E+01   3.027390E+01
   8.211571E+01   3.026376E+01
   8.211722E+01   3.025802E+01
   8.210814E+01   3.025514E+01
   8.210708E+01   3.025091E+01
   8.210648E+01   3.024470E+01
   8.210088E+01   3.023638E+01
   8.210860E+01   3.022701E+01
   8.211434E+01   3.022504E+01
   8.212977E+01   3.022625E+01
   8.212992E+01   3.022307E+01
   8.213310E+01   3.022020E+01
   8.213204E+01   3.021460E+01
   8.213325E+01   3.020780E+01
   8.213764E+01   3.020099E+01
   8.214082E+01   3.019721E+01
   8.214989E+01   3.019433E+01
   8.215534E+01   3.019101E+01
   8.216275E+01   3.018949E+01
   8.218090E+01   3.019101E+01
   8.218514E+01   3.019025E+01
   8.218544E+01   3.017996E+01
   8.218710E+01   3.017300E+01
   8.218438E+01   3.016771E+01
   8.218256E+01   3.016181E+01
   8.219542E+01   3.015924E+01
   8.220223E+01   3.015682E+01
   8.220374E+01   3.015062E+01
   8.219739E+01   3.014018E+01
   8.219406E+01   3.013610E+01
   8.218680E+01   3.013489E+01
   8.218151E+01   3.013247E+01
   8.217666E+01   3.012324E+01
   8.217198E+01   3.011779E+01
   8.217954E+01   3.011658E+01
   8.218453E+01   3.011053E+01
   8.218014E+01   3.009979E+01
   8.217470E+01   3.008799E+01
   8.216774E+01   3.008421E+01
   8.217198E+01   3.006546E+01
   8.218665E+01   3.006878E+01
   8.219618E+01   3.006954E+01
   8.221100E+01   3.006530E+01
   8.223188E+01   3.006500E+01
   8.224080E+01   3.007438E+01
   8.224973E+01   3.007362E+01
   8.225351E+01   3.006984E+01
   8.225668E+01   3.006712E+01
   8.225850E+01   3.006424E+01
   8.226621E+01   3.006167E+01
   8.227937E+01   3.006167E+01
   8.228406E+01   3.005608E+01
   8.228573E+01   3.005109E+01
   8.228905E+01   3.004413E+01
   8.229616E+01   3.004156E+01
   8.229949E+01   3.003868E+01
   8.230615E+01   3.003777E+01
   8.231689E+01   3.004141E+01
   8.231901E+01   3.004851E+01
   8.232460E+01   3.004806E+01
   8.233262E+01   3.004761E+01
   8.233685E+01   3.004503E+01
   8.233897E+01   3.004095E+01
   8.234381E+01   3.003520E+01
   8.234608E+01   3.002855E+01
   8.234986E+01   3.002476E+01
   8.235364E+01   3.002613E+01
   8.236045E+01   3.001887E+01
   8.236348E+01   3.000964E+01
   8.237286E+01   3.001554E+01
   8.237528E+01   3.001418E+01
   8.237649E+01   3.002129E+01
   8.237679E+01   3.002673E+01
   8.238269E+01   3.002371E+01
   8.239040E+01   3.002386E+01
   8.239554E+01   3.002446E+01
   8.239978E+01   3.001977E+01
   8.240265E+01   3.001554E+01
   8.240568E+01   3.001463E+01
   8.240840E+01   3.001009E+01
   8.241702E+01   3.000722E+01
   8.242217E+01   2.999845E+01
   8.242549E+01   2.999406E+01
   8.243018E+01   2.999043E+01
   8.243578E+01   2.999028E+01
   8.243911E+01   2.998876E+01
   8.244667E+01   2.998226E+01
   8.245408E+01   2.997878E+01
   8.245726E+01   2.997939E+01
   8.246331E+01   2.998165E+01
   8.246785E+01   2.997712E+01
   8.247571E+01   2.997424E+01
   8.247692E+01   2.996865E+01
   8.247435E+01   2.996456E+01
   8.247934E+01   2.996033E+01
   8.248388E+01   2.995836E+01
   8.248978E+01   2.995292E+01
   8.249720E+01   2.994747E+01
   8.250309E+01   2.994838E+01
   8.251293E+01   2.995155E+01
   8.251883E+01   2.995715E+01
   8.252170E+01   2.996184E+01
   8.252926E+01   2.997243E+01
   8.253577E+01   2.996910E+01
   8.254378E+01   2.996517E+01
   8.254984E+01   2.996214E+01
   8.256269E+01   2.995503E+01
   8.256330E+01   2.994853E+01
   8.256375E+01   2.994323E+01
   8.256678E+01   2.993582E+01
   8.257010E+01   2.992977E+01
   8.257691E+01   2.992493E+01
   8.257994E+01   2.992175E+01
   8.258538E+01   2.992175E+01
   8.258886E+01   2.991238E+01
   8.259113E+01   2.990829E+01
   8.259582E+01   2.990103E+01
   8.260040E+01   2.989502E+01
   8.260278E+01   2.988893E+01
   8.261125E+01   2.988348E+01
   8.262955E+01   2.987774E+01
   8.264180E+01   2.987244E+01
   8.264059E+01   2.986458E+01
   8.263121E+01   2.985747E+01
   8.263061E+01   2.984900E+01
   8.262138E+01   2.984763E+01
   8.262093E+01   2.984068E+01
   8.262804E+01   2.983735E+01
   8.264347E+01   2.983644E+01
   8.265436E+01   2.983916E+01
   8.265723E+01   2.984158E+01
   8.266404E+01   2.984325E+01
   8.266843E+01   2.984400E+01
   8.267523E+01   2.984325E+01
   8.268703E+01   2.985323E+01
   8.269081E+01   2.985444E+01
   8.269444E+01   2.985444E+01
   8.269807E+01   2.985565E+01
   8.270367E+01   2.984567E+01
   8.271184E+01   2.983841E+01
   8.271940E+01   2.983977E+01
   8.272666E+01   2.983463E+01
   8.272833E+01   2.982510E+01
   8.273196E+01   2.981889E+01
   8.273861E+01   2.981466E+01
   8.273090E+01   2.980921E+01
   8.272833E+01   2.980377E+01
   8.271698E+01   2.979802E+01
   8.271002E+01   2.979257E+01
   8.270216E+01   2.979424E+01
   8.269535E+01   2.979212E+01
   8.269626E+01   2.977972E+01
   8.269001E+01   2.976863E+01
   8.269339E+01   2.976119E+01
   8.270458E+01   2.976459E+01
   8.270821E+01   2.976837E+01
   8.271653E+01   2.976822E+01
   8.272606E+01   2.977185E+01
   8.273377E+01   2.977215E+01
   8.274043E+01   2.977049E+01
   8.274845E+01   2.976519E+01
   8.275298E+01   2.976399E+01
   8.275888E+01   2.976096E+01
   8.276100E+01   2.975521E+01
   8.276297E+01   2.975052E+01
   8.276690E+01   2.973509E+01
   8.276720E+01   2.973025E+01
   8.277976E+01   2.972556E+01
   8.279700E+01   2.971951E+01
   8.280940E+01   2.972103E+01
   8.281878E+01   2.972103E+01
   8.282181E+01   2.971346E+01
   8.281530E+01   2.970620E+01
   8.281833E+01   2.969637E+01
   8.282756E+01   2.969032E+01
   8.283603E+01   2.969032E+01
   8.283905E+01   2.969198E+01
   8.284601E+01   2.969047E+01
   8.284994E+01   2.968881E+01
   8.285736E+01   2.968714E+01
   8.286900E+01   2.968714E+01
   8.287732E+01   2.969289E+01
   8.288337E+01   2.969259E+01
   8.288806E+01   2.969561E+01
   8.289320E+01   2.970151E+01
   8.290137E+01   2.970181E+01
   8.290697E+01   2.970015E+01
   8.291272E+01   2.970408E+01
   8.292028E+01   2.970529E+01
   8.293163E+01   2.970242E+01
   8.293722E+01   2.970181E+01
   8.294191E+01   2.969561E+01
   8.294766E+01   2.969229E+01
   8.294464E+01   2.968442E+01
   8.294206E+01   2.967474E+01
   8.294690E+01   2.966990E+01
   8.294948E+01   2.966718E+01
   8.295522E+01   2.966339E+01
   8.296793E+01   2.966385E+01
   8.296975E+01   2.966672E+01
   8.297655E+01   2.966763E+01
   8.298427E+01   2.966990E+01
   8.299153E+01   2.966339E+01
   8.300030E+01   2.966460E+01
   8.300484E+01   2.966914E+01
   8.301089E+01   2.966839E+01
   8.301407E+01   2.966415E+01
   8.301966E+01   2.965840E+01
   8.302027E+01   2.965190E+01
   8.302617E+01   2.965129E+01
   8.303645E+01   2.965129E+01
   8.303963E+01   2.964449E+01
   8.304265E+01   2.963117E+01
   8.305173E+01   2.962936E+01
   8.306277E+01   2.962739E+01
   8.306640E+01   2.961862E+01
   8.306882E+01   2.961348E+01
   8.307018E+01   2.960969E+01
   8.307941E+01   2.960818E+01
   8.308380E+01   2.960364E+01
   8.309076E+01   2.960516E+01
   8.309545E+01   2.961272E+01
   8.310513E+01   2.961862E+01
   8.310861E+01   2.961711E+01
   8.311678E+01   2.961665E+01
   8.312192E+01   2.962875E+01
   8.312782E+01   2.962195E+01
   8.313523E+01   2.962270E+01
   8.314158E+01   2.962482E+01
   8.314506E+01   2.962331E+01
   8.315005E+01   2.962467E+01
   8.316533E+01   2.961620E+01
   8.316336E+01   2.960969E+01
   8.315913E+01   2.960213E+01
   8.316246E+01   2.959502E+01
   8.316684E+01   2.959593E+01
   8.317410E+01   2.959291E+01
   8.318318E+01   2.959487E+01
   8.318787E+01   2.960228E+01
   8.318757E+01   2.960803E+01
   8.319135E+01   2.960803E+01
   8.320027E+01   2.960531E+01
   8.320693E+01   2.960591E+01
   8.321706E+01   2.960259E+01
   8.321616E+01   2.959714E+01
   8.321570E+01   2.959230E+01
   8.321600E+01   2.958806E+01
   8.322780E+01   2.958232E+01
   8.324021E+01   2.957763E+01
   8.324989E+01   2.957732E+01
   8.326653E+01   2.957218E+01
   8.326819E+01   2.957037E+01
   8.327590E+01   2.956946E+01
   8.328075E+01   2.956658E+01
   8.328271E+01   2.955796E+01
   8.327364E+01   2.955448E+01
   8.326547E+01   2.955539E+01
   8.325866E+01   2.955751E+01
   8.325533E+01   2.955600E+01
   8.325548E+01   2.954178E+01
   8.325972E+01   2.953754E+01
   8.326486E+01   2.953028E+01
   8.326819E+01   2.952302E+01
   8.326804E+01   2.951939E+01
   8.326789E+01   2.951561E+01
   8.326789E+01   2.951168E+01
   8.327016E+01   2.950820E+01
   8.327333E+01   2.950593E+01
   8.327712E+01   2.950200E+01
   8.328181E+01   2.949882E+01
   8.328725E+01   2.950094E+01
   8.329285E+01   2.950457E+01
   8.329935E+01   2.950124E+01
   8.330888E+01   2.950275E+01
   8.331599E+01   2.950865E+01
   8.332567E+01   2.950381E+01
   8.333898E+01   2.949715E+01
   8.334761E+01   2.949277E+01
   8.334806E+01   2.948551E+01
   8.334791E+01   2.947825E+01
   8.334397E+01   2.947356E+01
   8.334443E+01   2.946751E+01
   8.334700E+01   2.946282E+01
   8.335033E+01   2.945934E+01
   8.335381E+01   2.945208E+01
   8.336122E+01   2.945208E+01
   8.336545E+01   2.944814E+01
   8.336455E+01   2.943967E+01
   8.337166E+01   2.943211E+01
   8.337740E+01   2.942742E+01
   8.338255E+01   2.942379E+01
   8.338724E+01   2.942243E+01
   8.339677E+01   2.942182E+01
   8.340660E+01   2.942213E+01
   8.341522E+01   2.941577E+01
   8.341961E+01   2.940624E+01
   8.342430E+01   2.940443E+01
   8.342067E+01   2.939747E+01
   8.342324E+01   2.938673E+01
   8.341946E+01   2.938310E+01
   8.341446E+01   2.937690E+01
   8.341522E+01   2.937115E+01
   8.341401E+01   2.936646E+01
   8.341673E+01   2.936419E+01
   8.341522E+01   2.935935E+01
   8.341870E+01   2.935663E+01
   8.342702E+01   2.935315E+01
   8.343186E+01   2.934982E+01
   8.343957E+01   2.934907E+01
   8.344472E+01   2.933969E+01
   8.344366E+01   2.933349E+01
   8.344517E+01   2.932668E+01
   8.344230E+01   2.932017E+01
   8.343851E+01   2.931594E+01
   8.343897E+01   2.931125E+01
   8.344351E+01   2.930686E+01
   8.344260E+01   2.930142E+01
   8.344517E+01   2.929930E+01
   8.345152E+01   2.929733E+01
   8.345304E+01   2.929280E+01
   8.345500E+01   2.928735E+01
   8.346015E+01   2.928629E+01
   8.346226E+01   2.928130E+01
   8.346408E+01   2.927555E+01
   8.346952E+01   2.927404E+01
   8.347361E+01   2.927737E+01
   8.348768E+01   2.928054E+01
   8.348707E+01   2.927601E+01
   8.349131E+01   2.927495E+01
   8.349206E+01   2.926920E+01
   8.349297E+01   2.926405E+01
   8.349872E+01   2.926224E+01
   8.350401E+01   2.925589E+01
   8.350885E+01   2.925770E+01
   8.351400E+01   2.925468E+01
   8.351611E+01   2.924671E+01
   8.351808E+01   2.924227E+01
   8.352201E+01   2.923925E+01
   8.351884E+01   2.923380E+01
   8.351581E+01   2.922790E+01
   8.351748E+01   2.922079E+01
   8.352213E+01   2.921675E+01
   8.353124E+01   2.921232E+01
   8.353079E+01   2.920869E+01
   8.353351E+01   2.920627E+01
   8.353638E+01   2.920431E+01
   8.354168E+01   2.920204E+01
   8.354909E+01   2.920052E+01
   8.355363E+01   2.920098E+01
   8.355696E+01   2.920446E+01
   8.356391E+01   2.920476E+01
   8.357057E+01   2.920325E+01
   8.357223E+01   2.919931E+01
   8.356936E+01   2.919614E+01
   8.356981E+01   2.919024E+01
   8.357571E+01   2.918797E+01
   8.357617E+01   2.918071E+01
   8.359054E+01   2.917481E+01
   8.360370E+01   2.917829E+01
   8.361005E+01   2.918116E+01
   8.361247E+01   2.917662E+01
   8.361474E+01   2.917194E+01
   8.362457E+01   2.916543E+01
   8.362760E+01   2.916301E+01
   8.363380E+01   2.915862E+01
   8.364076E+01   2.916059E+01
   8.364333E+01   2.916422E+01
   8.364665E+01   2.916952E+01
   8.365240E+01   2.917163E+01
   8.365592E+01   2.917588E+01
   8.366222E+01   2.917317E+01
   8.366154E+01   2.916492E+01
   8.366254E+01   2.915539E+01
   8.367652E+01   2.914679E+01
   8.367748E+01   2.913429E+01
   8.367897E+01   2.912580E+01
   8.366439E+01   2.912382E+01
   8.365517E+01   2.912163E+01
   8.364980E+01   2.911630E+01
   8.365203E+01   2.910975E+01
   8.363077E+01   2.910864E+01
   8.361935E+01   2.909944E+01
   8.361496E+01   2.909331E+01
   8.362652E+01   2.908564E+01
   8.361808E+01   2.905620E+01
   8.361636E+01   2.904170E+01
   8.361384E+01   2.902238E+01
   8.361386E+01   2.901634E+01
   8.361416E+01   2.900963E+01
   8.361420E+01   2.900057E+01
   8.361382E+01   2.898638E+01
   8.360922E+01   2.898008E+01
   8.359891E+01   2.898550E+01
   8.358827E+01   2.897854E+01
   8.358564E+01   2.896898E+01
   8.358116E+01   2.895741E+01
   8.357471E+01   2.895386E+01
   8.356686E+01   2.894302E+01
   8.355544E+01   2.893479E+01
   8.352906E+01   2.890814E+01
   8.351430E+01   2.888928E+01
   8.350347E+01   2.888184E+01
   8.349960E+01   2.887545E+01
   8.350469E+01   2.886762E+01
   8.350586E+01   2.885714E+01
   8.349956E+01   2.884499E+01
   8.348738E+01   2.884630E+01
   8.348276E+01   2.883266E+01
   8.347900E+01   2.882299E+01
   8.348406E+01   2.881391E+01
   8.348733E+01   2.880247E+01
   8.348414E+01   2.878773E+01
   8.347323E+01   2.878140E+01
   8.345658E+01   2.877411E+01
   8.342654E+01   2.876601E+01
   8.338739E+01   2.876323E+01
   8.337300E+01   2.874514E+01
   8.335504E+01   2.873421E+01
   8.334109E+01   2.873658E+01
   8.332564E+01   2.873808E+01
   8.330730E+01   2.873228E+01
   8.328779E+01   2.872784E+01
   8.327295E+01   2.872440E+01
   8.324914E+01   2.872990E+01
   8.323652E+01   2.873990E+01
   8.322439E+01   2.874126E+01
   8.320517E+01   2.873292E+01
   8.317499E+01   2.874472E+01
   8.313451E+01   2.874849E+01
   8.311014E+01   2.874872E+01
   8.310318E+01   2.875656E+01
   8.309383E+01   2.876809E+01
   8.308158E+01   2.878001E+01
   8.308003E+01   2.878700E+01
   8.305410E+01   2.878655E+01
   8.303993E+01   2.879513E+01
   8.302821E+01   2.879295E+01
   8.300861E+01   2.880038E+01
   8.298334E+01   2.880168E+01
   8.297557E+01   2.880897E+01
   8.296651E+01   2.882036E+01
   8.294707E+01   2.882864E+01
   8.291622E+01   2.883165E+01
   8.289757E+01   2.882521E+01
   8.287560E+01   2.883098E+01
   8.286444E+01   2.883233E+01
   8.284970E+01   2.882735E+01
   8.284056E+01   2.882882E+01
   8.282169E+01   2.883014E+01
   8.280436E+01   2.882351E+01
   8.279625E+01   2.882132E+01
   8.278569E+01   2.882226E+01
   8.277884E+01   2.881999E+01
   8.276263E+01   2.881425E+01
   8.275678E+01   2.881965E+01
   8.274428E+01   2.884188E+01
   8.273722E+01   2.884789E+01
   8.272242E+01   2.884964E+01
   8.270438E+01   2.885451E+01
   8.269617E+01   2.886485E+01
   8.269888E+01   2.887770E+01
   8.269191E+01   2.888682E+01
   8.270033E+01   2.890040E+01
   8.269146E+01   2.891419E+01
   8.268486E+01   2.892457E+01
   8.267719E+01   2.893748E+01
   8.267025E+01   2.894793E+01
   8.266616E+01   2.896387E+01
   8.264601E+01   2.896244E+01
   8.263069E+01   2.897105E+01
   8.261560E+01   2.897876E+01
   8.259536E+01   2.898061E+01
   8.257847E+01   2.898957E+01
   8.256644E+01   2.900022E+01
   8.254381E+01   2.900616E+01
   8.252333E+01   2.901463E+01
   8.250807E+01   2.901738E+01
   8.248469E+01   2.901565E+01
   8.247713E+01   2.900610E+01
   8.246205E+01   2.899335E+01
   8.245443E+01   2.898955E+01
   8.244561E+01   2.899006E+01
   8.243282E+01   2.899415E+01
   8.241261E+01   2.900485E+01
   8.239879E+01   2.900425E+01
   8.239538E+01   2.901430E+01
   8.239655E+01   2.902567E+01
   8.239951E+01   2.903812E+01
   8.240591E+01   2.904991E+01
   8.240373E+01   2.906430E+01
   8.240581E+01   2.907688E+01
   8.240796E+01   2.908488E+01
   8.241155E+01   2.909628E+01
   8.238708E+01   2.910531E+01
   8.235507E+01   2.911582E+01
   8.234191E+01   2.911451E+01
   8.231300E+01   2.911445E+01
   8.228524E+01   2.911874E+01
   8.227809E+01   2.912792E+01
   8.226480E+01   2.911646E+01
   8.226418E+01   2.910969E+01
   8.225862E+01   2.910261E+01
   8.225426E+01   2.910905E+01
   8.224151E+01   2.910371E+01
   8.223220E+01   2.910540E+01
   8.222458E+01   2.910526E+01
   8.222048E+01   2.909106E+01
   8.220422E+01   2.908992E+01
   8.220274E+01   2.908028E+01
   8.219702E+01   2.907575E+01
   8.218994E+01   2.906935E+01
   8.217217E+01   2.906706E+01
   8.216641E+01   2.906409E+01
   8.215688E+01   2.905425E+01
   8.215017E+01   2.905002E+01
   8.214882E+01   2.904119E+01
   8.214649E+01   2.903481E+01
   8.213637E+01   2.903304E+01
   8.212838E+01   2.902383E+01
   8.211821E+01   2.901537E+01
   8.212133E+01   2.899830E+01
   8.211591E+01   2.899304E+01
   8.207603E+01   2.897230E+01
   8.206275E+01   2.897400E+01
   8.204961E+01   2.898091E+01
   8.204169E+01   2.898915E+01
   8.200478E+01   2.903056E+01
   8.198764E+01   2.901014E+01
   8.196625E+01   2.899304E+01
   8.194630E+01   2.898294E+01
   8.191632E+01   2.897987E+01
   8.190668E+01   2.898562E+01
   8.189795E+01   2.898220E+01
   8.188863E+01   2.898477E+01
   8.187810E+01   2.897645E+01
   8.186444E+01   2.897093E+01
   8.184841E+01   2.897220E+01
   8.184143E+01   2.898135E+01
   8.183296E+01   2.898363E+01
   8.182818E+01   2.898529E+01
   8.182172E+01   2.898320E+01
   8.181646E+01   2.898763E+01
   8.181214E+01   2.899247E+01
   8.180557E+01   2.899858E+01
   8.179376E+01   2.900557E+01
   8.179405E+01   2.900978E+01
   8.179480E+01   2.901407E+01
   8.179029E+01   2.901401E+01
   8.177972E+01   2.901787E+01
   8.177212E+01   2.901995E+01
   8.176471E+01   2.901787E+01
   8.174772E+01   2.901245E+01
   8.174084E+01   2.901511E+01
   8.173659E+01   2.901999E+01
   8.172709E+01   2.902043E+01
   8.172042E+01   2.901953E+01
   8.171582E+01   2.902296E+01
   8.170919E+01   2.903068E+01
   8.169964E+01   2.903760E+01
   8.169576E+01   2.904101E+01
   8.168834E+01   2.904947E+01
   8.167180E+01   2.904489E+01
   8.164446E+01   2.904008E+01
   8.162963E+01   2.904638E+01
   8.162079E+01   2.904156E+01
   8.161298E+01   2.903372E+01
   8.160398E+01   2.903983E+01
   8.160105E+01   2.904373E+01
   8.159125E+01   2.904726E+01
   8.157974E+01   2.904728E+01
   8.156645E+01   2.905217E+01
   8.156182E+01   2.906710E+01
   8.156565E+01   2.908424E+01
   8.156138E+01   2.909343E+01
   8.153895E+01   2.910853E+01
   8.156670E+01   2.912649E+01
   8.155154E+01   2.912957E+01
   8.153442E+01   2.913895E+01
   8.153202E+01   2.914803E+01
   8.152097E+01   2.915451E+01
   8.150627E+01   2.915229E+01
   8.149817E+01   2.915290E+01
   8.149477E+01   2.916472E+01
END
1
   8.167415E+01   2.931930E+01
   8.169055E+01   2.932011E+01
   8.170250E+01   2.933028E+01
   8.173047E+01   2.933439E+01
   8.174679E+01   2.934216E+01
   8.174699E+01   2.934484E+01
   8.174709E+01   2.934689E+01
   8.174930E+01   2.934823E+01
   8.175074E+01   2.934975E+01
   8.175090E+01   2.935931E+01
   8.174936E+01   2.936653E+01
   8.175999E+01   2.938351E+01
   8.176596E+01   2.938564E+01
   8.176764E+01   2.939168E+01
   8.178015E+01   2.939062E+01
   8.178908E+01   2.939253E+01
   8.179439E+01   2.939908E+01
   8.179664E+01   2.940918E+01
   8.179701E+01   2.941689E+01
   8.179903E+01   2.942964E+01
   8.180274E+01   2.944555E+01
   8.180432E+01   2.945068E+01
   8.180838E+01   2.945669E+01
   8.180094E+01   2.947906E+01
   8.178783E+01   2.950066E+01
   8.178032E+01   2.951171E+01
   8.177656E+01   2.951717E+01
   8.178343E+01   2.952674E+01
   8.179151E+01   2.952886E+01
   8.179006E+01   2.954055E+01
   8.179860E+01   2.956324E+01
   8.179823E+01   2.956839E+01
   8.178843E+01   2.958996E+01
   8.179009E+01   2.959621E+01
   8.177632E+01   2.960024E+01
   8.176547E+01   2.960575E+01
   8.173256E+01   2.961103E+01
   8.172829E+01   2.961466E+01
   8.172472E+01   2.961501E+01
   8.171970E+01   2.962161E+01
   8.171322E+01   2.962502E+01
   8.170236E+01   2.963795E+01
   8.169929E+01   2.964333E+01
   8.170270E+01   2.965411E+01
   8.169717E+01   2.967724E+01
   8.170393E+01   2.969102E+01
   8.171260E+01   2.971582E+01
   8.172769E+01   2.974219E+01
   8.173157E+01   2.975589E+01
   8.173581E+01   2.977646E+01
   8.173923E+01   2.979277E+01
   8.175203E+01   2.980011E+01
   8.176469E+01   2.980182E+01
   8.178595E+01   2.983072E+01
   8.178803E+01   2.984343E+01
   8.179126E+01   2.985448E+01
   8.179703E+01   2.987891E+01
   8.179312E+01   2.989593E+01
   8.180037E+01   2.990172E+01
   8.178950E+01   2.990909E+01
   8.177903E+01   2.991126E+01
   8.177077E+01   2.990934E+01
   8.175129E+01   2.990916E+01
   8.174175E+01   2.990708E+01
   8.173172E+01   2.990910E+01
   8.171740E+01   2.991033E+01
   8.171057E+01   2.991402E+01
   8.169756E+01   2.993154E+01
   8.168733E+01   2.994956E+01
   8.165919E+01   2.994252E+01
   8.164656E+01   2.994725E+01
   8.163419E+01   2.994070E+01
   8.162070E+01   2.993962E+01
   8.161231E+01   2.994283E+01
   8.160525E+01   2.993247E+01
   8.159377E+01   2.993036E+01
   8.158656E+01   2.993667E+01
   8.157746E+01   2.993375E+01
   8.156784E+01   2.993161E+01
   8.155992E+01   2.992584E+01
   8.154167E+01   2.992718E+01
   8.153198E+01   2.992628E+01
   8.151751E+01   2.992256E+01
   8.151217E+01   2.991361E+01
   8.149377E+01   2.988886E+01
   8.146001E+01   2.989083E+01
   8.146093E+01   2.991112E+01
   8.145267E+01   2.994944E+01
   8.146016E+01   2.998556E+01
   8.144565E+01   3.000042E+01
   8.140488E+01   3.001789E+01
   8.137640E+01   3.000567E+01
   8.134570E+01   3.001880E+01
   8.132467E+01   3.002514E+01
   8.130694E+01   3.003132E+01
   8.128237E+01   3.004022E+01
   8.127180E+01   3.004730E+01
   8.127392E+01   3.005441E+01
   8.127815E+01   3.006228E+01
   8.128360E+01   3.006757E+01
   8.128783E+01   3.007272E+01
   8.128723E+01   3.007604E+01
   8.128874E+01   3.008300E+01
   8.128783E+01   3.009178E+01
   8.128889E+01   3.009843E+01
   8.128662E+01   3.010554E+01
   8.128882E+01   3.010998E+01
   8.128496E+01   3.011492E+01
   8.128314E+01   3.012173E+01
   8.127906E+01   3.012460E+01
   8.127286E+01   3.013156E+01
   8.126136E+01   3.013746E+01
   8.125713E+01   3.014351E+01
   8.126106E+01   3.015152E+01
   8.126726E+01   3.015395E+01
   8.128103E+01   3.015531E+01
   8.128995E+01   3.015742E+01
   8.130402E+01   3.015894E+01
   8.130388E+01   3.016398E+01
   8.130698E+01   3.016302E+01
   8.130890E+01   3.015936E+01
   8.131158E+01   3.015561E+01
   8.131472E+01   3.015410E+01
   8.131714E+01   3.015136E+01
   8.131903E+01   3.015215E+01
   8.132523E+01   3.015236E+01
   8.133335E+01   3.015293E+01
   8.134047E+01   3.016559E+01
   8.135742E+01   3.018057E+01
   8.136770E+01   3.018526E+01
   8.137179E+01   3.018692E+01
   8.137375E+01   3.019312E+01
   8.137874E+01   3.019902E+01
   8.139553E+01   3.020689E+01
   8.139493E+01   3.021370E+01
   8.139523E+01   3.022080E+01
   8.139069E+01   3.023003E+01
   8.139553E+01   3.023986E+01
   8.139493E+01   3.024637E+01
   8.139659E+01   3.025136E+01
   8.140204E+01   3.025726E+01
   8.140930E+01   3.026286E+01
   8.141187E+01   3.026921E+01
   8.141490E+01   3.027405E+01
   8.141671E+01   3.028207E+01
   8.141278E+01   3.028388E+01
   8.140355E+01   3.028222E+01
   8.140279E+01   3.028585E+01
   8.140158E+01   3.029311E+01
   8.140990E+01   3.029750E+01
   8.141490E+01   3.030052E+01
   8.142004E+01   3.030339E+01
   8.142079E+01   3.030672E+01
   8.141898E+01   3.031126E+01
   8.141353E+01   3.031580E+01
   8.140900E+01   3.031610E+01
   8.140521E+01   3.031504E+01
   8.139826E+01   3.032230E+01
   8.139901E+01   3.032972E+01
   8.140521E+01   3.033592E+01
   8.140537E+01   3.034015E+01
   8.140295E+01   3.034393E+01
   8.140537E+01   3.035346E+01
   8.140007E+01   3.035967E+01
   8.139856E+01   3.036526E+01
   8.139735E+01   3.037056E+01
   8.140143E+01   3.036980E+01
   8.140688E+01   3.037146E+01
   8.141172E+01   3.037207E+01
   8.141928E+01   3.037056E+01
   8.142367E+01   3.037600E+01
   8.142911E+01   3.038326E+01
   8.142019E+01   3.038493E+01
   8.141837E+01   3.038841E+01
   8.141384E+01   3.039128E+01
   8.140915E+01   3.039355E+01
   8.140537E+01   3.039567E+01
   8.140098E+01   3.039794E+01
   8.140446E+01   3.040626E+01
   8.140310E+01   3.041034E+01
   8.140703E+01   3.041457E+01
   8.140869E+01   3.042108E+01
   8.142836E+01   3.042153E+01
   8.143229E+01   3.041684E+01
   8.143320E+01   3.041291E+01
   8.143728E+01   3.041473E+01
   8.144485E+01   3.041533E+01
   8.145271E+01   3.041125E+01
   8.146103E+01   3.040731E+01
   8.146980E+01   3.040232E+01
   8.147631E+01   3.038947E+01
   8.148584E+01   3.038387E+01
   8.149779E+01   3.038205E+01
   8.151307E+01   3.037933E+01
   8.153001E+01   3.037419E+01
   8.154377E+01   3.037283E+01
   8.155028E+01   3.037343E+01
   8.155436E+01   3.037343E+01
   8.155300E+01   3.037736E+01
   8.155013E+01   3.038220E+01
   8.155103E+01   3.040353E+01
   8.155829E+01   3.040716E+01
   8.155905E+01   3.042032E+01
   8.156465E+01   3.042940E+01
   8.158114E+01   3.042380E+01
   8.158870E+01   3.041866E+01
   8.159672E+01   3.041457E+01
   8.160428E+01   3.041306E+01
   8.161154E+01   3.041382E+01
   8.161608E+01   3.042063E+01
   8.162152E+01   3.042486E+01
   8.162011E+01   3.043270E+01
   8.161835E+01   3.044437E+01
   8.162137E+01   3.044694E+01
   8.163075E+01   3.044543E+01
   8.163907E+01   3.044059E+01
   8.164573E+01   3.043863E+01
   8.165828E+01   3.043303E+01
   8.166554E+01   3.043000E+01
   8.166962E+01   3.042910E+01
   8.168112E+01   3.042607E+01
   8.169171E+01   3.042441E+01
   8.169852E+01   3.041972E+01
   8.170653E+01   3.041684E+01
   8.171168E+01   3.041261E+01
   8.172151E+01   3.041185E+01
   8.172862E+01   3.040883E+01
   8.172892E+01   3.040187E+01
   8.173406E+01   3.039718E+01
   8.173845E+01   3.039370E+01
   8.174995E+01   3.038871E+01
   8.175917E+01   3.038826E+01
   8.176386E+01   3.038795E+01
   8.176855E+01   3.038629E+01
   8.177264E+01   3.038478E+01
   8.177717E+01   3.038553E+01
   8.178276E+01   3.038538E+01
   8.179070E+01   3.038889E+01
   8.179951E+01   3.038679E+01
   8.180833E+01   3.038674E+01
   8.181197E+01   3.038402E+01
   8.181650E+01   3.038205E+01
   8.182089E+01   3.037721E+01
   8.182845E+01   3.037464E+01
   8.183375E+01   3.037419E+01
   8.184025E+01   3.037600E+01
   8.184630E+01   3.037404E+01
   8.185266E+01   3.037933E+01
   8.185961E+01   3.037751E+01
   8.186733E+01   3.037646E+01
   8.187610E+01   3.037071E+01
   8.188125E+01   3.036163E+01
   8.188714E+01   3.036163E+01
   8.189199E+01   3.035755E+01
   8.190212E+01   3.035377E+01
   8.191135E+01   3.035074E+01
   8.192360E+01   3.034923E+01
   8.193525E+01   3.034741E+01
   8.194417E+01   3.035165E+01
   8.194629E+01   3.035679E+01
   8.194982E+01   3.035893E+01
   8.195688E+01   3.035437E+01
   8.196232E+01   3.035210E+01
   8.196278E+01   3.034711E+01
   8.195794E+01   3.034272E+01
   8.196111E+01   3.033985E+01
   8.196520E+01   3.033849E+01
   8.197110E+01   3.033592E+01
   8.197805E+01   3.033002E+01
   8.198577E+01   3.032654E+01
   8.199152E+01   3.032215E+01
   8.199530E+01   3.032094E+01
   8.200286E+01   3.032790E+01
   8.200997E+01   3.033017E+01
   8.201088E+01   3.034212E+01
   8.202207E+01   3.034363E+01
   8.202782E+01   3.033985E+01
   8.203538E+01   3.034166E+01
   8.204158E+01   3.034106E+01
   8.205656E+01   3.033970E+01
   8.206095E+01   3.034469E+01
   8.206488E+01   3.034756E+01
   8.206367E+01   3.035135E+01
   8.206881E+01   3.035709E+01
   8.207365E+01   3.035936E+01
   8.208243E+01   3.036103E+01
   8.208591E+01   3.035982E+01
   8.208787E+01   3.035588E+01
   8.209135E+01   3.035210E+01
   8.209997E+01   3.034802E+01
   8.210723E+01   3.034817E+01
   8.211132E+01   3.034257E+01
   8.211071E+01   3.033516E+01
   8.211465E+01   3.032896E+01
   8.211934E+01   3.032457E+01
   8.211873E+01   3.032003E+01
   8.212070E+01   3.031807E+01
   8.212266E+01   3.031187E+01
   8.212584E+01   3.030581E+01
   8.212357E+01   3.030173E+01
   8.211979E+01   3.029734E+01
   8.211767E+01   3.029220E+01
   8.211419E+01   3.028464E+01
   8.211268E+01   3.027859E+01
   8.211329E+01   3.027602E+01
   8.211707E+01   3.027163E+01
   8.211616E+01   3.026346E+01
   8.211434E+01   3.025620E+01
   8.210739E+01   3.025469E+01
   8.210572E+01   3.024879E+01
   8.210451E+01   3.024304E+01
   8.210360E+01   3.023502E+01
   8.211056E+01   3.022610E+01
   8.212584E+01   3.022670E+01
   8.212977E+01   3.022534E+01
   8.213129E+01   3.022292E+01
   8.213325E+01   3.021884E+01
   8.213280E+01   3.021007E+01
   8.213371E+01   3.020643E+01
   8.213809E+01   3.019993E+01
   8.214581E+01   3.019675E+01
   8.215186E+01   3.019388E+01
   8.215685E+01   3.019055E+01
   8.217455E+01   3.019040E+01
   8.218256E+01   3.019070E+01
   8.218680E+01   3.018450E+01
   8.218756E+01   3.017739E+01
   8.218589E+01   3.017089E+01
   8.218287E+01   3.016665E+01
   8.218272E+01   3.016030E+01
   8.219542E+01   3.015788E+01
   8.220344E+01   3.015485E+01
   8.220283E+01   3.015031E+01
   8.219769E+01   3.013761E+01
   8.219134E+01   3.013564E+01
   8.218498E+01   3.013322E+01
   8.217848E+01   3.013005E+01
   8.217576E+01   3.012294E+01
   8.217682E+01   3.011794E+01
   8.218196E+01   3.011401E+01
   8.218135E+01   3.010645E+01
   8.218166E+01   3.009722E+01
   8.217182E+01   3.008799E+01
   8.216668E+01   3.008240E+01
   8.218105E+01   3.006727E+01
   8.218892E+01   3.006954E+01
   8.220011E+01   3.006667E+01
   8.221690E+01   3.006818E+01
   8.223309E+01   3.006939E+01
   8.224231E+01   3.007544E+01
   8.225184E+01   3.007181E+01
   8.225457E+01   3.006969E+01
   8.225729E+01   3.006651E+01
   8.226395E+01   3.006288E+01
   8.227226E+01   3.006092E+01
   8.228285E+01   3.005880E+01
   8.228406E+01   3.005457E+01
   8.228557E+01   3.004700E+01
   8.229193E+01   3.004277E+01
   8.229722E+01   3.004065E+01
   8.230040E+01   3.003883E+01
   8.231053E+01   3.003808E+01
   8.231795E+01   3.004292E+01
   8.232006E+01   3.004882E+01
   8.232793E+01   3.004776E+01
   8.233398E+01   3.004761E+01
   8.233761E+01   3.004458E+01
   8.234139E+01   3.003944E+01
   8.234412E+01   3.003051E+01
   8.234729E+01   3.002764E+01
   8.235138E+01   3.002567E+01
   8.235561E+01   3.002461E+01
   8.236212E+01   3.001599E+01
   8.237134E+01   3.001493E+01
   8.237376E+01   3.001448E+01
   8.237558E+01   3.001508E+01
   8.237603E+01   3.002371E+01
   8.237996E+01   3.002764E+01
   8.238481E+01   3.002159E+01
   8.239222E+01   3.002492E+01
   8.239706E+01   3.002340E+01
   8.240099E+01   3.001781E+01
   8.240296E+01   3.001478E+01
   8.240613E+01   3.001251E+01
   8.241128E+01   3.000918E+01
   8.241960E+01   3.000571E+01
   8.242353E+01   2.999572E+01
   8.242670E+01   2.999376E+01
   8.243185E+01   2.998998E+01
   8.243639E+01   2.998892E+01
   8.244062E+01   2.998755E+01
   8.244924E+01   2.998165E+01
   8.245560E+01   2.997636E+01
   8.245862E+01   2.998014E+01
   8.246422E+01   2.997999E+01
   8.247012E+01   2.997621E+01
   8.247677E+01   2.997273E+01
   8.247526E+01   2.996683E+01
   8.247571E+01   2.996305E+01
   8.248040E+01   2.995942E+01
   8.248555E+01   2.995670E+01
   8.249235E+01   2.995276E+01
   8.249825E+01   2.994732E+01
   8.250491E+01   2.994868E+01
   8.251535E+01   2.995292E+01
   8.252019E+01   2.995806E+01
   8.252473E+01   2.996653E+01
   8.253153E+01   2.997212E+01
   8.253773E+01   2.996819E+01
   8.254878E+01   2.996426E+01
   8.255195E+01   2.995987E+01
   8.256224E+01   2.995307E+01
   8.256451E+01   2.994641E+01
   8.256421E+01   2.994142E+01
   8.256678E+01   2.993295E+01
   8.257162E+01   2.992735E+01
   8.257737E+01   2.992357E+01
   8.258145E+01   2.992221E+01
   8.258644E+01   2.991964E+01
   8.258963E+01   2.991025E+01
   8.259325E+01   2.990708E+01
   8.259658E+01   2.989876E+01
   8.260247E+01   2.989347E+01
   8.260489E+01   2.988712E+01
   8.261639E+01   2.988122E+01
   8.263394E+01   2.987653E+01
   8.264316E+01   2.986957E+01
   8.263802E+01   2.986231E+01
   8.263061E+01   2.985489E+01
   8.262879E+01   2.984794E+01
   8.262093E+01   2.984673E+01
   8.262199E+01   2.983916E+01
   8.264014E+01   2.983402E+01
   8.264649E+01   2.983720E+01
   8.265617E+01   2.983962E+01
   8.265920E+01   2.984158E+01
   8.266646E+01   2.984249E+01
   8.267145E+01   2.984400E+01
   8.268522E+01   2.984748E+01
   8.268749E+01   2.985308E+01
   8.269202E+01   2.985474E+01
   8.269581E+01   2.985565E+01
   8.269974E+01   2.985368E+01
   8.270655E+01   2.984264E+01
   8.271502E+01   2.983810E+01
   8.272107E+01   2.983931E+01
   8.272666E+01   2.983311E+01
   8.272908E+01   2.982343E+01
   8.273332E+01   2.981708E+01
   8.273801E+01   2.981390E+01
   8.272924E+01   2.980891E+01
   8.272213E+01   2.980135E+01
   8.271381E+01   2.979424E+01
   8.270776E+01   2.979227E+01
   8.270125E+01   2.979454E+01
   8.269747E+01   2.978289E+01
   8.268753E+01   2.977355E+01
   8.269031E+01   2.976313E+01
   8.269913E+01   2.976217E+01
   8.270609E+01   2.976519E+01
   8.270927E+01   2.976943E+01
   8.271910E+01   2.976671E+01
   8.272818E+01   2.977125E+01
   8.273619E+01   2.977185E+01
   8.274497E+01   2.977079E+01
   8.275011E+01   2.976519E+01
   8.275480E+01   2.976308E+01
   8.275994E+01   2.975945E+01
   8.276206E+01   2.975415E+01
   8.276266E+01   2.974750E+01
   8.276660E+01   2.973343E+01
   8.277461E+01   2.972798E+01
   8.278263E+01   2.972617E+01
   8.279882E+01   2.971891E+01
   8.281485E+01   2.972118E+01
   8.281999E+01   2.971861E+01
   8.282075E+01   2.971104E+01
   8.281667E+01   2.970197E+01
   8.282166E+01   2.969456E+01
   8.282858E+01   2.968987E+01
   8.283663E+01   2.969092E+01
   8.284117E+01   2.969138E+01
   8.284722E+01   2.969077E+01
   8.285312E+01   2.968820E+01
   8.285811E+01   2.968548E+01
   8.287354E+01   2.969077E+01
   8.287778E+01   2.969289E+01
   8.288610E+01   2.969334E+01
   8.288791E+01   2.969894E+01
   8.289638E+01   2.970212E+01
   8.290289E+01   2.970076E+01
   8.290894E+01   2.970030E+01
   8.291469E+01   2.970741E+01
   8.292422E+01   2.970257E+01
   8.293526E+01   2.970469E+01
   8.293843E+01   2.970076E+01
   8.294312E+01   2.969471E+01
   8.294690E+01   2.968714E+01
   8.294403E+01   2.968155E+01
   8.294630E+01   2.967338E+01
   8.294706E+01   2.966884E+01
   8.295099E+01   2.966581E+01
   8.295659E+01   2.966188E+01
   8.296929E+01   2.966475E+01
   8.297020E+01   2.966718E+01
   8.297867E+01   2.966763E+01
   8.298563E+01   2.966960E+01
   8.299803E+01   2.966491E+01
   8.300075E+01   2.966551E+01
   8.300835E+01   2.967247E+01
   8.301180E+01   2.966642E+01
   8.301467E+01   2.966037E+01
   8.302027E+01   2.965719E+01
   8.302148E+01   2.965054E+01
   8.303010E+01   2.965281E+01
   8.303797E+01   2.964887E+01
   8.304054E+01   2.963844E+01
   8.304719E+01   2.963027E+01
   8.305445E+01   2.962724E+01
   8.306580E+01   2.962588E+01
   8.306610E+01   2.961696E+01
   8.306928E+01   2.961106E+01
   8.307261E+01   2.960924E+01
   8.308213E+01   2.960712E+01
   8.308592E+01   2.960259E+01
   8.308970E+01   2.960849E+01
   8.310059E+01   2.961423E+01
   8.310558E+01   2.961862E+01
   8.311193E+01   2.961696E+01
   8.311738E+01   2.962724E+01
   8.312328E+01   2.962709E+01
   8.312978E+01   2.962119E+01
   8.313720E+01   2.962331E+01
   8.314294E+01   2.962361E+01
   8.314673E+01   2.962376E+01
   8.316126E+01   2.961873E+01
   8.316336E+01   2.961348E+01
   8.316155E+01   2.960697E+01
   8.315837E+01   2.959759E+01
   8.316352E+01   2.959487E+01
   8.316866E+01   2.959578E+01
   8.317592E+01   2.959230E+01
   8.318787E+01   2.959699E+01
   8.318666E+01   2.960516E+01
   8.318832E+01   2.960833E+01
   8.319331E+01   2.961000E+01
   8.320224E+01   2.960576E+01
   8.321116E+01   2.960501E+01
   8.321752E+01   2.960092E+01
   8.321600E+01   2.959532E+01
   8.321449E+01   2.958988E+01
   8.321918E+01   2.958670E+01
   8.323128E+01   2.958005E+01
   8.324232E+01   2.957808E+01
   8.326138E+01   2.957732E+01
   8.326743E+01   2.957119E+01
   8.326880E+01   2.956931E+01
   8.327681E+01   2.957006E+01
   8.328362E+01   2.956250E+01
   8.328196E+01   2.955736E+01
   8.327152E+01   2.955554E+01
   8.326456E+01   2.955509E+01
   8.325669E+01   2.955796E+01
   8.325821E+01   2.955070E+01
   8.325594E+01   2.953936E+01
   8.326229E+01   2.953452E+01
   8.326501E+01   2.952771E+01
   8.326865E+01   2.952211E+01
   8.326880E+01   2.951833E+01
   8.326683E+01   2.951364E+01
   8.326865E+01   2.951001E+01
   8.327152E+01   2.950774E+01
   8.327424E+01   2.950305E+01
   8.327908E+01   2.950078E+01
   8.328347E+01   2.949957E+01
   8.328891E+01   2.950200E+01
   8.329512E+01   2.950351E+01
   8.330192E+01   2.949942E+01
   8.331055E+01   2.950396E+01
   8.331826E+01   2.950653E+01
   8.332900E+01   2.950426E+01
   8.334307E+01   2.949579E+01
   8.334594E+01   2.948974E+01
   8.334776E+01   2.948354E+01
   8.334655E+01   2.947673E+01
   8.334367E+01   2.947219E+01
   8.334322E+01   2.946599E+01
   8.334806E+01   2.946161E+01
   8.335229E+01   2.945904E+01
   8.335532E+01   2.945072E+01
   8.336424E+01   2.945102E+01
   8.336394E+01   2.944693E+01
   8.336878E+01   2.943619E+01
   8.337211E+01   2.942788E+01
   8.337892E+01   2.942621E+01
   8.338436E+01   2.942364E+01
   8.339087E+01   2.942303E+01
   8.340070E+01   2.942198E+01
   8.341325E+01   2.942213E+01
   8.341643E+01   2.941078E+01
   8.342097E+01   2.940488E+01
   8.342566E+01   2.940246E+01
   8.342127E+01   2.939157E+01
   8.342293E+01   2.938522E+01
   8.341477E+01   2.938068E+01
   8.341552E+01   2.937539E+01
   8.341371E+01   2.936812E+01
   8.341507E+01   2.936570E+01
   8.341688E+01   2.936329E+01
   8.341582E+01   2.935784E+01
   8.342203E+01   2.935723E+01
   8.342838E+01   2.935012E+01
   8.343549E+01   2.935058E+01
   8.344320E+01   2.934347E+01
   8.344366E+01   2.933787E+01
   8.344562E+01   2.933076E+01
   8.344396E+01   2.932547E+01
   8.344124E+01   2.931942E+01
   8.343851E+01   2.931443E+01
   8.343806E+01   2.930868E+01
   8.344396E+01   2.930550E+01
   8.344260E+01   2.930051E+01
   8.344759E+01   2.929930E+01
   8.345031E+01   2.929431E+01
   8.345561E+01   2.929159E+01
   8.345621E+01   2.928674E+01
   8.346045E+01   2.928417E+01
   8.346226E+01   2.927782E+01
   8.346559E+01   2.927449E+01
   8.347104E+01   2.927434E+01
   8.347527E+01   2.927948E+01
   8.348768E+01   2.928009E+01
   8.348828E+01   2.927555E+01
   8.349221E+01   2.927389E+01
   8.349131E+01   2.926693E+01
   8.349418E+01   2.926300E+01
   8.350280E+01   2.925967E+01
   8.350522E+01   2.925574E+01
   8.351173E+01   2.925619E+01
   8.351400E+01   2.925332E+01
   8.351717E+01   2.924575E+01
   8.351763E+01   2.924076E+01
   8.352201E+01   2.923728E+01
   8.351702E+01   2.923214E+01
   8.351763E+01   2.922760E+01
   8.351778E+01   2.921837E+01
   8.352610E+01   2.921535E+01
   8.353094E+01   2.921126E+01
   8.353139E+01   2.920763E+01
   8.353487E+01   2.920582E+01
   8.353744E+01   2.920325E+01
   8.354516E+01   2.920143E+01
   8.355000E+01   2.919992E+01
   8.355469E+01   2.920385E+01
   8.356028E+01   2.920476E+01
   8.356527E+01   2.920400E+01
   8.357163E+01   2.920264E+01
   8.357163E+01   2.919810E+01
   8.356921E+01   2.919493E+01
   8.357269E+01   2.918963E+01
   8.357647E+01   2.918631E+01
   8.357889E+01   2.917889E+01
   8.359628E+01   2.917587E+01
   8.360551E+01   2.917950E+01
   8.361111E+01   2.918041E+01
   8.361398E+01   2.917496E+01
   8.362260E+01   2.916846E+01
   8.362639E+01   2.916498E+01
   8.363017E+01   2.916059E+01
   8.363637E+01   2.915953E+01
   8.364242E+01   2.916195E+01
   8.364302E+01   2.916528E+01
   8.364998E+01   2.916906E+01
   8.365467E+01   2.917284E+01
   8.365658E+01   2.917628E+01
   8.366587E+01   2.916980E+01
   8.366162E+01   2.916187E+01
   8.366836E+01   2.915471E+01
   8.367805E+01   2.914127E+01
   8.367973E+01   2.913103E+01
   8.367995E+01   2.912378E+01
   8.366021E+01   2.912470E+01
   8.365326E+01   2.912141E+01
   8.365003E+01   2.911330E+01
   8.364635E+01   2.910401E+01
   8.362868E+01   2.910708E+01
   8.361503E+01   2.909859E+01
   8.361715E+01   2.909125E+01
   8.363164E+01   2.906268E+01
   8.361929E+01   2.904957E+01
   8.361225E+01   2.903635E+01
   8.361549E+01   2.901982E+01
   8.361161E+01   2.901490E+01
   8.361694E+01   2.900491E+01
   8.361515E+01   2.899561E+01
   8.361109E+01   2.898416E+01
   8.360418E+01   2.897984E+01
   8.359339E+01   2.898409E+01
   8.358623E+01   2.897599E+01
   8.358232E+01   2.896671E+01
   8.357803E+01   2.895490E+01
   8.357221E+01   2.894911E+01
   8.355975E+01   2.894484E+01
   8.354863E+01   2.892751E+01
   8.351784E+01   2.889312E+01
   8.351043E+01   2.888796E+01
   8.350171E+01   2.887933E+01
   8.350145E+01   2.887269E+01
   8.350662E+01   2.886433E+01
   8.350432E+01   2.885386E+01
   8.349678E+01   2.884361E+01
   8.348070E+01   2.884436E+01
   8.348237E+01   2.882964E+01
   8.347916E+01   2.881722E+01
   8.348510E+01   2.881014E+01
   8.348649E+01   2.879509E+01
   8.348248E+01   2.878172E+01
   8.346543E+01   2.878057E+01
   8.344639E+01   2.876913E+01
   8.341079E+01   2.876062E+01
   8.338191E+01   2.875631E+01
   8.336244E+01   2.873547E+01
   8.335057E+01   2.873626E+01
   8.333406E+01   2.873808E+01
   8.332059E+01   2.873683E+01
   8.329907E+01   2.873248E+01
   8.328111E+01   2.872575E+01
   8.326433E+01   2.872610E+01
   8.324526E+01   2.873174E+01
   8.323427E+01   2.874023E+01
   8.321798E+01   2.873511E+01
   8.319994E+01   2.873559E+01
   8.315946E+01   2.874733E+01
   8.312693E+01   2.874644E+01
   8.310647E+01   2.875064E+01
   8.310244E+01   2.876059E+01
   8.309140E+01   2.877230E+01
   8.308073E+01   2.878093E+01
   8.306903E+01   2.878073E+01
   8.304573E+01   2.878806E+01
   8.303648E+01   2.879380E+01
   8.302059E+01   2.879204E+01
   8.299773E+01   2.880309E+01
   8.297858E+01   2.880226E+01
   8.297049E+01   2.881231E+01
   8.296139E+01   2.882022E+01
   8.293714E+01   2.882806E+01
   8.290766E+01   2.883207E+01
   8.289027E+01   2.882635E+01
   8.287524E+01   2.883118E+01
   8.285695E+01   2.883273E+01
   8.284669E+01   2.882551E+01
   8.283523E+01   2.883361E+01
   8.281834E+01   2.883091E+01
   8.280041E+01   2.882172E+01
   8.279467E+01   2.881949E+01
   8.278342E+01   2.882412E+01
   8.277101E+01   2.881463E+01
   8.276027E+01   2.881711E+01
   8.275604E+01   2.882510E+01
   8.274358E+01   2.884489E+01
   8.273319E+01   2.884829E+01
   8.271863E+01   2.885053E+01
   8.270268E+01   2.885817E+01
   8.269718E+01   2.887047E+01
   8.269999E+01   2.888447E+01
   8.269243E+01   2.889143E+01
   8.270140E+01   2.890777E+01
   8.268806E+01   2.891551E+01
   8.268335E+01   2.892710E+01
   8.267453E+01   2.894109E+01
   8.266892E+01   2.895198E+01
   8.265904E+01   2.896299E+01
   8.263981E+01   2.896286E+01
   8.262403E+01   2.897377E+01
   8.261086E+01   2.897794E+01
   8.259155E+01   2.898200E+01
   8.258101E+01   2.899033E+01
   8.256128E+01   2.900315E+01
   8.253583E+01   2.901198E+01
   8.251964E+01   2.901237E+01
   8.250223E+01   2.901691E+01
   8.248196E+01   2.901374E+01
   8.246798E+01   2.900291E+01
   8.245981E+01   2.899099E+01
   8.245212E+01   2.899057E+01
   8.244058E+01   2.899047E+01
   8.242691E+01   2.899964E+01
   8.240779E+01   2.900464E+01
   8.239705E+01   2.900692E+01
   8.239256E+01   2.901841E+01
   8.239786E+01   2.902682E+01
   8.240288E+01   2.904069E+01
   8.240524E+01   2.905348E+01
   8.240519E+01   2.907059E+01
   8.240731E+01   2.907950E+01
   8.240865E+01   2.908843E+01
   8.240801E+01   2.909744E+01
   8.237525E+01   2.911065E+01
   8.235058E+01   2.911703E+01
   8.233766E+01   2.911528E+01
   8.230021E+01   2.912004E+01
   8.228397E+01   2.912479E+01
   8.227331E+01   2.912279E+01
   8.226514E+01   2.911526E+01
   8.226246E+01   2.910616E+01
   8.225593E+01   2.910553E+01
   8.224963E+01   2.910738E+01
   8.223816E+01   2.910181E+01
   8.222926E+01   2.910632E+01
   8.222467E+01   2.909716E+01
   8.221678E+01   2.909008E+01
   8.220064E+01   2.908927E+01
   8.219997E+01   2.907830E+01
   8.219516E+01   2.907450E+01
   8.218406E+01   2.906501E+01
   8.216820E+01   2.906875E+01
   8.216143E+01   2.906086E+01
   8.215518E+01   2.905291E+01
   8.214717E+01   2.904885E+01
   8.214663E+01   2.903856E+01
   8.214583E+01   2.903080E+01
   8.213584E+01   2.902936E+01
   8.212561E+01   2.902109E+01
   8.211730E+01   2.900731E+01
   8.212275E+01   2.899629E+01
   8.209522E+01   2.897912E+01
   8.207268E+01   2.897129E+01
   8.206091E+01   2.897639E+01
   8.204747E+01   2.898412E+01
   8.204324E+01   2.900567E+01
   8.199706E+01   2.901415E+01
   8.198575E+01   2.900445E+01
   8.196118E+01   2.899132E+01
   8.192963E+01   2.898176E+01
   8.191273E+01   2.898318E+01
   8.190255E+01   2.898286E+01
   8.189650E+01   2.898123E+01
   8.188501E+01   2.898174E+01
   8.187631E+01   2.897423E+01
   8.186186E+01   2.897296E+01
   8.184619E+01   2.897342E+01
   8.183801E+01   2.898128E+01
   8.183159E+01   2.898376E+01
   8.182686E+01   2.898473E+01
   8.181881E+01   2.898468E+01
   8.181503E+01   2.899068E+01
   8.181159E+01   2.899374E+01
   8.180020E+01   2.899966E+01
   8.179365E+01   2.900667E+01
   8.179303E+01   2.901191E+01
   8.179258E+01   2.901332E+01
   8.178548E+01   2.901538E+01
   8.177623E+01   2.901820E+01
   8.177018E+01   2.901918E+01
   8.175937E+01   2.901381E+01
   8.174446E+01   2.901179E+01
   8.173871E+01   2.901677E+01
   8.173371E+01   2.902022E+01
   8.172460E+01   2.902126E+01
   8.171727E+01   2.901835E+01
   8.171514E+01   2.902520E+01
   8.170194E+01   2.903113E+01
   8.169866E+01   2.903915E+01
   8.169342E+01   2.904711E+01
   8.168527E+01   2.904910E+01
   8.166414E+01   2.904459E+01
   8.164055E+01   2.904217E+01
   8.162527E+01   2.904127E+01
   8.161780E+01   2.903731E+01
   8.161035E+01   2.903663E+01
   8.160369E+01   2.904120E+01
   8.159814E+01   2.904536E+01
   8.158945E+01   2.904895E+01
   8.157576E+01   2.904934E+01
   8.156417E+01   2.905381E+01
   8.156489E+01   2.907444E+01
   8.156604E+01   2.908982E+01
   8.155364E+01   2.909615E+01
   8.154958E+01   2.911917E+01
   8.156385E+01   2.912733E+01
   8.153938E+01   2.913498E+01
   8.153346E+01   2.914151E+01
   8.152848E+01   2.915129E+01
   8.151382E+01   2.915297E+01
   8.150055E+01   2.915184E+01
   8.149628E+01   2.915596E+01
   8.149479E+01   2.916725E+01
   8.148744E+01   2.917294E+01
   8.148731E+01   2.917758E+01
   8.148841E+01   2.918841E+01
   8.148099E+01   2.920060E+01
   8.148439E+01   2.921449E+01
   8.149151E+01   2.923509E+01
   8.149223E+01   2.925389E+01
   8.149128E+01   2.926296E+01
   8.146610E+01   2.927157E+01
   8.148419E+01   2.928114E+01
   8.149538E+01   2.929318E+01
   8.150537E+01   2.930978E+01
   8.151613E+01   2.931230E+01
   8.152375E+01   2.931603E+01
   8.152597E+01   2.931882E+01
   8.152808E+01   2.932314E+01
   8.153603E+01   2.933093E+01
   8.154756E+01   2.933820E+01
   8.155020E+01   2.934934E+01
   8.155896E+01   2.935397E+01
   8.156636E+01   2.934898E+01
   8.157302E+01   2.936055E+01
   8.158126E+01   2.936468E+01
   8.159988E+01   2.936534E+01
   8.161143E+01   2.937062E+01
   8.162504E+01   2.936894E+01
   8.163775E+01   2.936189E+01
   8.164187E+01   2.935604E+01
   8.164148E+01   2.933400E+01
   8.164677E+01   2.932520E+01
   8.165257E+01   2.932181E+01
   8.166186E+01   2.931957E+01
