   8.246205E+01   2.899335E+01
   8.247713E+01   2.900610E+01
   8.248469E+01   2.901565E+01
   8.250807E+01   2.901738E+01
   8.252333E+01   2.901463E+01
   8.254381E+01   2.900616E+01
   8.256644E+01   2.900022E+01
   8.257847E+01   2.898957E+01
   8.257380E+01   2.898926E+01
   8.256351E+01   2.898764E+01
   8.254646E+01   2.898305E+01
   8.254046E+01   2.897899E+01
   8.253563E+01   2.897532E+01
   8.253101E+01   2.896759E+01
   8.252768E+01   2.896426E+01
   8.251973E+01   2.895673E+01
   8.251781E+01   2.895216E+01
   8.251511E+01   2.894033E+01
   8.250832E+01   2.890734E+01
   8.250356E+01   2.889056E+01
   8.249866E+01   2.888502E+01
   8.248831E+01   2.887379E+01
   8.247398E+01   2.886925E+01
   8.246385E+01   2.887155E+01
   8.246054E+01   2.887503E+01
   8.245292E+01   2.887043E+01
   8.244172E+01   2.886415E+01
   8.243780E+01   2.885929E+01
   8.243343E+01   2.885450E+01
   8.242561E+01   2.884907E+01
   8.241730E+01   2.884949E+01
   8.241392E+01   2.884598E+01
   8.240699E+01   2.884413E+01
   8.240154E+01   2.884241E+01
   8.239900E+01   2.883913E+01
   8.239434E+01   2.883587E+01
   8.238820E+01   2.883108E+01
   8.238293E+01   2.882742E+01
   8.237967E+01   2.882497E+01
   8.237523E+01   2.882184E+01
   8.237403E+01   2.881620E+01
   8.236825E+01   2.880540E+01
   8.236422E+01   2.880006E+01
   8.236417E+01   2.879582E+01
   8.235858E+01   2.879399E+01
   8.235596E+01   2.879162E+01
   8.234782E+01   2.879254E+01
   8.234645E+01   2.878980E+01
   8.234224E+01   2.878615E+01
   8.233532E+01   2.878421E+01
   8.232339E+01   2.878550E+01
   8.231357E+01   2.878565E+01
   8.230719E+01   2.878774E+01
   8.230035E+01   2.878622E+01
   8.229355E+01   2.878132E+01
   8.228808E+01   2.877011E+01
   8.228340E+01   2.876190E+01
   8.228957E+01   2.875594E+01
   8.228443E+01   2.875023E+01
   8.228739E+01   2.874450E+01
   8.228898E+01   2.873635E+01
   8.228303E+01   2.873301E+01
   8.228802E+01   2.872896E+01
   8.228591E+01   2.872284E+01
   8.228521E+01   2.871626E+01
   8.228012E+01   2.870982E+01
   8.227587E+01   2.870466E+01
   8.227950E+01   2.870030E+01
   8.228007E+01   2.869458E+01
   8.227284E+01   2.869273E+01
   8.226803E+01   2.869944E+01
   8.226153E+01   2.870583E+01
   8.225260E+01   2.870965E+01
   8.224016E+01   2.871058E+01
   8.223151E+01   2.869142E+01
   8.221177E+01   2.868364E+01
   8.220574E+01   2.867717E+01
   8.219718E+01   2.868301E+01
   8.219566E+01   2.867439E+01
   8.219807E+01   2.866627E+01
   8.219185E+01   2.863861E+01
   8.218714E+01   2.863521E+01
   8.218334E+01   2.862209E+01
   8.217119E+01   2.861619E+01
   8.216973E+01   2.861237E+01
   8.216722E+01   2.861156E+01
   8.215456E+01   2.861343E+01
   8.214114E+01   2.861796E+01
   8.213557E+01   2.862644E+01
   8.211857E+01   2.862353E+01
   8.210061E+01   2.862198E+01
   8.208716E+01   2.861980E+01
   8.207352E+01   2.862823E+01
   8.205463E+01   2.863449E+01
   8.205817E+01   2.864510E+01
   8.205348E+01   2.864318E+01
   8.204582E+01   2.863723E+01
   8.203224E+01   2.864001E+01
   8.202644E+01   2.863886E+01
   8.202655E+01   2.863256E+01
   8.202144E+01   2.862652E+01
   8.202331E+01   2.862293E+01
   8.202694E+01   2.861726E+01
   8.202143E+01   2.861249E+01
   8.201431E+01   2.861559E+01
   8.200694E+01   2.861582E+01
   8.200313E+01   2.861267E+01
   8.200655E+01   2.860325E+01
   8.201127E+01   2.859735E+01
   8.200482E+01   2.858994E+01
   8.200013E+01   2.858665E+01
   8.200299E+01   2.857924E+01
   8.199523E+01   2.857489E+01
   8.199604E+01   2.856681E+01
   8.200455E+01   2.856257E+01
   8.200974E+01   2.855051E+01
   8.201760E+01   2.854186E+01
   8.201901E+01   2.853431E+01
   8.201875E+01   2.852659E+01
   8.202614E+01   2.852182E+01
   8.202614E+01   2.851522E+01
   8.202083E+01   2.851134E+01
   8.202248E+01   2.850359E+01
   8.202367E+01   2.849772E+01
   8.201758E+01   2.848856E+01
   8.201093E+01   2.848110E+01
   8.200920E+01   2.847629E+01
   8.201100E+01   2.847072E+01
   8.200801E+01   2.846647E+01
   8.200376E+01   2.846647E+01
   8.199842E+01   2.846417E+01
   8.199355E+01   2.846301E+01
   8.198831E+01   2.845842E+01
   8.198398E+01   2.845228E+01
   8.198678E+01   2.844720E+01
   8.197258E+01   2.844660E+01
   8.196475E+01   2.845136E+01
   8.196155E+01   2.844983E+01
   8.196332E+01   2.844624E+01
   8.196542E+01   2.843665E+01
   8.196135E+01   2.842826E+01
   8.196536E+01   2.842094E+01
   8.197203E+01   2.841347E+01
   8.197448E+01   2.840430E+01
   8.198422E+01   2.839697E+01
   8.198609E+01   2.839317E+01
   8.197740E+01   2.838394E+01
   8.197573E+01   2.837591E+01
   8.197859E+01   2.836233E+01
   8.196073E+01   2.835318E+01
   8.193946E+01   2.834191E+01
   8.192907E+01   2.833818E+01
   8.192485E+01   2.834198E+01
   8.190662E+01   2.834973E+01
   8.189107E+01   2.835552E+01
   8.188468E+01   2.836180E+01
   8.186222E+01   2.837041E+01
   8.185022E+01   2.837255E+01
   8.183580E+01   2.838176E+01
   8.181922E+01   2.838113E+01
   8.181285E+01   2.838728E+01
   8.180710E+01   2.839026E+01
   8.180227E+01   2.838978E+01
   8.179380E+01   2.839240E+01
   8.178980E+01   2.838943E+01
   8.178371E+01   2.839111E+01
   8.177465E+01   2.838744E+01
   8.176806E+01   2.837756E+01
   8.176846E+01   2.837227E+01
   8.175809E+01   2.835397E+01
   8.175154E+01   2.834437E+01
   8.174919E+01   2.832843E+01
   8.174445E+01   2.831358E+01
   8.176407E+01   2.830581E+01
   8.177295E+01   2.829768E+01
   8.178598E+01   2.829576E+01
   8.179160E+01   2.828264E+01
   8.180703E+01   2.828371E+01
   8.182780E+01   2.827626E+01
   8.183758E+01   2.827286E+01
   8.185015E+01   2.826576E+01
   8.186469E+01   2.824973E+01
   8.186963E+01   2.823926E+01
   8.188682E+01   2.824084E+01
   8.189494E+01   2.823436E+01
   8.190948E+01   2.823248E+01
   8.192083E+01   2.822730E+01
   8.192693E+01   2.821582E+01
   8.193755E+01   2.820742E+01
   8.194240E+01   2.819978E+01
   8.194805E+01   2.819645E+01
   8.195797E+01   2.819425E+01
   8.196433E+01   2.819198E+01
   8.196352E+01   2.818640E+01
   8.196831E+01   2.818250E+01
   8.197821E+01   2.818272E+01
   8.198361E+01   2.817754E+01
   8.198670E+01   2.817324E+01
   8.200341E+01   2.815702E+01
   8.201885E+01   2.812855E+01
   8.201664E+01   2.811863E+01
   8.201736E+01   2.810717E+01
   8.202106E+01   2.809918E+01
   8.204766E+01   2.809227E+01
   8.205852E+01   2.808835E+01
   8.207130E+01   2.808455E+01
   8.208645E+01   2.807757E+01
   8.210097E+01   2.807343E+01
   8.211438E+01   2.806968E+01
   8.212327E+01   2.806337E+01
   8.213404E+01   2.805777E+01
   8.216599E+01   2.804562E+01
   8.217935E+01   2.804049E+01
   8.218893E+01   2.803312E+01
   8.219405E+01   2.802591E+01
   8.218977E+01   2.801393E+01
   8.218554E+01   2.799408E+01
   8.218700E+01   2.798818E+01
   8.219249E+01   2.797992E+01
   8.219311E+01   2.797289E+01
   8.219143E+01   2.796197E+01
   8.219217E+01   2.795588E+01
   8.217563E+01   2.795205E+01
   8.215830E+01   2.795994E+01
   8.214305E+01   2.795937E+01
   8.213266E+01   2.795930E+01
   8.212349E+01   2.795091E+01
   8.211436E+01   2.795365E+01
   8.210344E+01   2.794885E+01
   8.209497E+01   2.795599E+01
   8.208568E+01   2.795046E+01
   8.207259E+01   2.795217E+01
   8.206704E+01   2.794699E+01
   8.206387E+01   2.794084E+01
   8.206564E+01   2.793928E+01
   8.206557E+01   2.793835E+01
   8.206687E+01   2.793880E+01
   8.206685E+01   2.793794E+01
   8.206779E+01   2.793808E+01
   8.206715E+01   2.793731E+01
   8.206773E+01   2.793637E+01
   8.206736E+01   2.793566E+01
   8.206878E+01   2.793091E+01
   8.206756E+01   2.792909E+01
   8.206638E+01   2.792967E+01
   8.206599E+01   2.792913E+01
   8.206625E+01   2.792833E+01
   8.206527E+01   2.792866E+01
   8.206578E+01   2.792747E+01
   8.206506E+01   2.792633E+01
   8.206480E+01   2.792521E+01
   8.206581E+01   2.792481E+01
   8.206739E+01   2.792461E+01
   8.206758E+01   2.792328E+01
   8.204842E+01   2.792403E+01
   8.202525E+01   2.792511E+01
   8.197039E+01   2.792901E+01
   8.195942E+01   2.791651E+01
   8.193832E+01   2.789386E+01
   8.192536E+01   2.787562E+01
   8.192597E+01   2.787040E+01
   8.192593E+01   2.786617E+01
   8.192613E+01   2.786202E+01
   8.192154E+01   2.785860E+01
   8.191737E+01   2.785749E+01
   8.191421E+01   2.785705E+01
   8.191196E+01   2.785639E+01
   8.190783E+01   2.785539E+01
   8.190208E+01   2.785386E+01
   8.189822E+01   2.785471E+01
   8.189279E+01   2.785599E+01
   8.188621E+01   2.785671E+01
   8.188322E+01   2.785846E+01
   8.187956E+01   2.786282E+01
   8.187757E+01   2.786620E+01
   8.187412E+01   2.786880E+01
   8.187161E+01   2.787055E+01
   8.186691E+01   2.787440E+01
   8.186355E+01   2.787621E+01
   8.186149E+01   2.787742E+01
   8.185757E+01   2.787992E+01
   8.184900E+01   2.788621E+01
   8.184534E+01   2.788875E+01
   8.183656E+01   2.789440E+01
   8.183397E+01   2.789730E+01
   8.183008E+01   2.789933E+01
   8.182462E+01   2.790127E+01
   8.182109E+01   2.790368E+01
   8.181639E+01   2.790381E+01
   8.181285E+01   2.790444E+01
   8.180944E+01   2.790332E+01
   8.180497E+01   2.790339E+01
   8.180065E+01   2.790732E+01
   8.179854E+01   2.790908E+01
   8.179300E+01   2.791344E+01
   8.178759E+01   2.791772E+01
   8.177961E+01   2.792405E+01
   8.177038E+01   2.793120E+01
   8.172648E+01   2.796605E+01
   8.169313E+01   2.798958E+01
   8.164380E+01   2.799368E+01
   8.163910E+01   2.799736E+01
   8.163664E+01   2.799731E+01
   8.163289E+01   2.799924E+01
   8.162769E+01   2.800170E+01
   8.162727E+01   2.800182E+01
   8.162553E+01   2.800121E+01
   8.162325E+01   2.800269E+01
   8.162211E+01   2.800405E+01
   8.162002E+01   2.800751E+01
   8.161881E+01   2.800901E+01
   8.161538E+01   2.801081E+01
   8.160977E+01   2.801361E+01
   8.160677E+01   2.801562E+01
   8.159845E+01   2.801989E+01
   8.159455E+01   2.802189E+01
   8.158886E+01   2.802394E+01
   8.158448E+01   2.802559E+01
   8.157916E+01   2.802909E+01
   8.157410E+01   2.803228E+01
   8.156740E+01   2.803687E+01
   8.156020E+01   2.804183E+01
   8.155498E+01   2.804449E+01
   8.155064E+01   2.804746E+01
   8.154063E+01   2.805240E+01
   8.153349E+01   2.805562E+01
   8.152247E+01   2.806072E+01
   8.150671E+01   2.806800E+01
   8.148783E+01   2.807696E+01
   8.147834E+01   2.808265E+01
   8.147881E+01   2.809748E+01
   8.147986E+01   2.811033E+01
   8.148280E+01   2.811941E+01
   8.147484E+01   2.812473E+01
   8.146774E+01   2.812722E+01
   8.144996E+01   2.814082E+01
   8.144955E+01   2.815146E+01
   8.144651E+01   2.815550E+01
   8.144705E+01   2.816095E+01
   8.143176E+01   2.816786E+01
   8.142505E+01   2.817124E+01
   8.141730E+01   2.817386E+01
   8.140835E+01   2.817448E+01
   8.139417E+01   2.817361E+01
   8.137472E+01   2.817721E+01
   8.137095E+01   2.817130E+01
   8.136686E+01   2.816274E+01
   8.137792E+01   2.815582E+01
   8.137045E+01   2.814168E+01
   8.135508E+01   2.814065E+01
   8.134176E+01   2.813962E+01
   8.133525E+01   2.814016E+01
   8.132643E+01   2.813636E+01
   8.132045E+01   2.813393E+01
   8.131599E+01   2.813601E+01
   8.132054E+01   2.814583E+01
   8.132328E+01   2.815575E+01
   8.131289E+01   2.815644E+01
   8.131080E+01   2.815873E+01
   8.130687E+01   2.816162E+01
   8.130127E+01   2.816695E+01
   8.130387E+01   2.816870E+01
   8.131156E+01   2.816788E+01
   8.131996E+01   2.816863E+01
   8.132198E+01   2.816961E+01
   8.132354E+01   2.817676E+01
   8.132003E+01   2.819552E+01
   8.131948E+01   2.819893E+01
   8.130906E+01   2.821040E+01
   8.129207E+01   2.822288E+01
   8.127430E+01   2.824169E+01
   8.125028E+01   2.826856E+01
   8.123413E+01   2.828738E+01
   8.123345E+01   2.829686E+01
   8.123439E+01   2.831700E+01
   8.122392E+01   2.833920E+01
   8.121351E+01   2.835810E+01
   8.119778E+01   2.836306E+01
   8.118805E+01   2.836459E+01
   8.117290E+01   2.836808E+01
   8.115660E+01   2.837047E+01
   8.114594E+01   2.837185E+01
   8.112755E+01   2.837500E+01
   8.110954E+01   2.837851E+01
   8.109678E+01   2.838094E+01
   8.107775E+01   2.838677E+01
   8.106952E+01   2.839296E+01
   8.106732E+01   2.840175E+01
   8.106561E+01   2.842261E+01
   8.108911E+01   2.844838E+01
   8.110239E+01   2.845930E+01
   8.111545E+01   2.847427E+01
   8.114368E+01   2.849456E+01
   8.114634E+01   2.849664E+01
   8.116713E+01   2.852342E+01
   8.122261E+01   2.857035E+01
   8.124673E+01   2.859309E+01
   8.126922E+01   2.861868E+01
   8.127436E+01   2.863293E+01
   8.128789E+01   2.865060E+01
   8.128531E+01   2.867334E+01
   8.128138E+01   2.869389E+01
   8.127083E+01   2.870196E+01
   8.127297E+01   2.871761E+01
   8.125714E+01   2.872893E+01
   8.125903E+01   2.874155E+01
   8.125136E+01   2.875482E+01
   8.125040E+01   2.877455E+01
   8.122577E+01   2.879521E+01
   8.124227E+01   2.880863E+01
   8.122994E+01   2.882733E+01
   8.122347E+01   2.883897E+01
   8.120537E+01   2.885469E+01
   8.120489E+01   2.886373E+01
   8.119962E+01   2.886243E+01
   8.119545E+01   2.883290E+01
   8.120716E+01   2.882014E+01
   8.118684E+01   2.882424E+01
   8.116711E+01   2.883648E+01
   8.115731E+01   2.884399E+01
   8.114096E+01   2.887325E+01
   8.112717E+01   2.885629E+01
   8.111253E+01   2.884991E+01
   8.110120E+01   2.884576E+01
   8.108973E+01   2.886255E+01
   8.107187E+01   2.886568E+01
   8.107252E+01   2.887697E+01
   8.105754E+01   2.887376E+01
   8.104887E+01   2.888246E+01
   8.102935E+01   2.890959E+01
   8.099889E+01   2.892883E+01
   8.098426E+01   2.893673E+01
   8.098324E+01   2.894263E+01
   8.099965E+01   2.895571E+01
   8.101927E+01   2.895239E+01
   8.104683E+01   2.897565E+01
   8.109067E+01   2.896781E+01
   8.111528E+01   2.896539E+01
   8.114167E+01   2.894612E+01
   8.115881E+01   2.892932E+01
   8.116561E+01   2.892458E+01
   8.118391E+01   2.891492E+01
   8.119290E+01   2.891644E+01
   8.122127E+01   2.890644E+01
   8.123967E+01   2.891218E+01
   8.124640E+01   2.891532E+01
   8.126179E+01   2.890231E+01
   8.127243E+01   2.890727E+01
   8.128148E+01   2.891912E+01
   8.128588E+01   2.892317E+01
   8.130250E+01   2.892582E+01
   8.131600E+01   2.892062E+01
   8.132395E+01   2.890782E+01
   8.133503E+01   2.890807E+01
   8.133704E+01   2.890064E+01
   8.134397E+01   2.889196E+01
   8.135679E+01   2.888990E+01
   8.137260E+01   2.889269E+01
   8.138359E+01   2.889881E+01
   8.138900E+01   2.890320E+01
   8.139489E+01   2.890855E+01
   8.141446E+01   2.891435E+01
   8.142609E+01   2.890927E+01
   8.143510E+01   2.890535E+01
   8.145507E+01   2.889627E+01
   8.146734E+01   2.889029E+01
   8.146333E+01   2.888179E+01
   8.146705E+01   2.886075E+01
   8.146271E+01   2.885311E+01
   8.147830E+01   2.884601E+01
   8.148485E+01   2.884276E+01
   8.149093E+01   2.884018E+01
   8.149406E+01   2.883329E+01
   8.149785E+01   2.882196E+01
   8.150893E+01   2.881052E+01
   8.152059E+01   2.880528E+01
   8.152313E+01   2.879893E+01
   8.151701E+01   2.879149E+01
   8.151589E+01   2.877956E+01
   8.152559E+01   2.877588E+01
   8.153544E+01   2.876263E+01
   8.151975E+01   2.875125E+01
   8.154070E+01   2.874829E+01
   8.157792E+01   2.875531E+01
   8.158187E+01   2.876627E+01
   8.158173E+01   2.877445E+01
   8.157116E+01   2.878640E+01
   8.155644E+01   2.880030E+01
   8.155377E+01   2.880743E+01
   8.155185E+01   2.881535E+01
   8.154675E+01   2.882368E+01
   8.154327E+01   2.883063E+01
   8.153717E+01   2.883801E+01
   8.153581E+01   2.884602E+01
   8.153134E+01   2.885690E+01
   8.152511E+01   2.886518E+01
   8.152210E+01   2.887009E+01
   8.151440E+01   2.887621E+01
   8.150953E+01   2.888583E+01
   8.150741E+01   2.889021E+01
   8.149630E+01   2.889146E+01
   8.148636E+01   2.889889E+01
   8.148096E+01   2.890864E+01
   8.147379E+01   2.891657E+01
   8.146686E+01   2.892895E+01
   8.146403E+01   2.892871E+01
   8.145986E+01   2.893070E+01
   8.145504E+01   2.893292E+01
   8.145154E+01   2.893795E+01
   8.144894E+01   2.894127E+01
   8.144379E+01   2.894253E+01
   8.144448E+01   2.895698E+01
   8.143994E+01   2.895896E+01
   8.143071E+01   2.895853E+01
   8.142843E+01   2.896433E+01
   8.142636E+01   2.896569E+01
   8.142194E+01   2.897009E+01
   8.142579E+01   2.897886E+01
   8.142082E+01   2.898393E+01
   8.141631E+01   2.899119E+01
   8.141044E+01   2.899710E+01
   8.141697E+01   2.900073E+01
   8.141568E+01   2.901057E+01
   8.141610E+01   2.902196E+01
   8.142793E+01   2.902662E+01
   8.143230E+01   2.903744E+01
   8.144015E+01   2.904314E+01
   8.144380E+01   2.905336E+01
   8.146013E+01   2.906541E+01
   8.146723E+01   2.906755E+01
   8.146815E+01   2.907411E+01
   8.147266E+01   2.908012E+01
   8.148530E+01   2.908432E+01
   8.149707E+01   2.908899E+01
   8.150589E+01   2.909037E+01
   8.151465E+01   2.909531E+01
   8.152170E+01   2.910020E+01
   8.152755E+01   2.910436E+01
   8.153895E+01   2.910853E+01
   8.156138E+01   2.909343E+01
   8.156565E+01   2.908424E+01
   8.156182E+01   2.906710E+01
   8.156645E+01   2.905217E+01
   8.157974E+01   2.904728E+01
   8.159125E+01   2.904726E+01
   8.160105E+01   2.904373E+01
   8.160398E+01   2.903983E+01
   8.161298E+01   2.903372E+01
   8.162079E+01   2.904156E+01
   8.162963E+01   2.904638E+01
   8.164446E+01   2.904008E+01
   8.167180E+01   2.904489E+01
   8.168834E+01   2.904947E+01
   8.169576E+01   2.904101E+01
   8.169964E+01   2.903760E+01
   8.170919E+01   2.903068E+01
   8.171582E+01   2.902296E+01
   8.172042E+01   2.901953E+01
   8.172709E+01   2.902043E+01
   8.173659E+01   2.901999E+01
   8.174084E+01   2.901511E+01
   8.174772E+01   2.901245E+01
   8.176471E+01   2.901787E+01
   8.177212E+01   2.901995E+01
   8.177972E+01   2.901787E+01
   8.179029E+01   2.901401E+01
   8.179480E+01   2.901407E+01
   8.179405E+01   2.900978E+01
   8.179376E+01   2.900557E+01
   8.180557E+01   2.899858E+01
   8.181214E+01   2.899247E+01
   8.181646E+01   2.898763E+01
   8.182172E+01   2.898320E+01
   8.182818E+01   2.898529E+01
   8.183296E+01   2.898363E+01
   8.184143E+01   2.898135E+01
   8.184841E+01   2.897220E+01
   8.186444E+01   2.897093E+01
   8.187810E+01   2.897645E+01
   8.188863E+01   2.898477E+01
   8.189795E+01   2.898220E+01
   8.190668E+01   2.898562E+01
   8.191632E+01   2.897987E+01
   8.194630E+01   2.898294E+01
   8.196625E+01   2.899304E+01
   8.198764E+01   2.901014E+01
   8.200478E+01   2.903056E+01
   8.204169E+01   2.898915E+01
   8.204961E+01   2.898091E+01
   8.206275E+01   2.897400E+01
   8.207603E+01   2.897230E+01
   8.211591E+01   2.899304E+01
   8.212133E+01   2.899830E+01
   8.211821E+01   2.901537E+01
   8.212838E+01   2.902383E+01
   8.213637E+01   2.903304E+01
   8.214649E+01   2.903481E+01
   8.214882E+01   2.904119E+01
   8.215017E+01   2.905002E+01
   8.215688E+01   2.905425E+01
   8.216641E+01   2.906409E+01
   8.217217E+01   2.906706E+01
   8.218994E+01   2.906935E+01
   8.219702E+01   2.907575E+01
   8.220274E+01   2.908028E+01
   8.220422E+01   2.908992E+01
   8.222048E+01   2.909106E+01
   8.222458E+01   2.910526E+01
   8.223220E+01   2.910540E+01
   8.224151E+01   2.910371E+01
   8.225426E+01   2.910905E+01
   8.225862E+01   2.910261E+01
   8.226418E+01   2.910969E+01
   8.226480E+01   2.911646E+01
   8.227809E+01   2.912792E+01
   8.228524E+01   2.911874E+01
   8.231300E+01   2.911445E+01
   8.234191E+01   2.911451E+01
   8.235507E+01   2.911582E+01
   8.238708E+01   2.910531E+01
   8.241155E+01   2.909628E+01
   8.240796E+01   2.908488E+01
   8.240581E+01   2.907688E+01
   8.240373E+01   2.906430E+01
   8.240591E+01   2.904991E+01
   8.239951E+01   2.903812E+01
   8.239655E+01   2.902567E+01
   8.239538E+01   2.901430E+01
   8.239879E+01   2.900425E+01
   8.241261E+01   2.900485E+01
   8.243282E+01   2.899415E+01
   8.244561E+01   2.899006E+01
   8.245443E+01   2.898955E+01
   8.246205E+01   2.899335E+01
