   8.714738E+01   2.693021E+01
   8.716996E+01   2.688299E+01
   8.708404E+01   2.676437E+01
   8.697808E+01   2.667184E+01
   8.693250E+01   2.655011E+01
   8.693083E+01   2.651750E+01
   8.691417E+01   2.651000E+01
   8.689722E+01   2.649667E+01
   8.689389E+01   2.648083E+01
   8.688361E+01   2.646944E+01
   8.686806E+01   2.646111E+01
   8.685139E+01   2.645361E+01
   8.683667E+01   2.644500E+01
   8.682167E+01   2.643639E+01
   8.680722E+01   2.644333E+01
   8.679111E+01   2.644833E+01
   8.677482E+01   2.645103E+01
   8.676000E+01   2.644778E+01
   8.675222E+01   2.643472E+01
   8.674278E+01   2.642250E+01
   8.671953E+01   2.643613E+01
   8.669529E+01   2.644555E+01
   8.669230E+01   2.645159E+01
   8.663711E+01   2.646094E+01
   8.663037E+01   2.646501E+01
   8.662393E+01   2.647080E+01
   8.662151E+01   2.648130E+01
   8.661427E+01   2.648725E+01
   8.659007E+01   2.649318E+01
   8.657959E+01   2.649435E+01
   8.656420E+01   2.650023E+01
   8.655431E+01   2.652436E+01
   8.654100E+01   2.653832E+01
   8.652878E+01   2.654233E+01
   8.650477E+01   2.654044E+01
   8.647345E+01   2.655703E+01
   8.643337E+01   2.657253E+01
   8.641784E+01   2.657712E+01
   8.640291E+01   2.658224E+01
   8.639109E+01   2.659465E+01
   8.634134E+01   2.660609E+01
   8.634330E+01   2.661676E+01
   8.631404E+01   2.661951E+01
   8.627594E+01   2.661731E+01
   8.625189E+01   2.661455E+01
   8.624542E+01   2.660839E+01
   8.623898E+01   2.660452E+01
   8.623448E+01   2.659956E+01
   8.621725E+01   2.658859E+01
   8.620764E+01   2.659337E+01
   8.620086E+01   2.659724E+01
   8.619686E+01   2.659777E+01
   8.618964E+01   2.661194E+01
   8.619379E+01   2.661336E+01
   8.619119E+01   2.661521E+01
   8.618497E+01   2.661418E+01
   8.617786E+01   2.661508E+01
   8.617495E+01   2.661493E+01
   8.617241E+01   2.661640E+01
   8.616975E+01   2.661598E+01
   8.616140E+01   2.661554E+01
   8.615035E+01   2.661161E+01
   8.619855E+01   2.668164E+01
   8.615083E+01   2.676053E+01
   8.614078E+01   2.689500E+01
   8.617176E+01   2.692784E+01
   8.624180E+01   2.690687E+01
   8.624531E+01   2.691452E+01
   8.624910E+01   2.691281E+01
   8.625406E+01   2.690961E+01
   8.625927E+01   2.691064E+01
   8.625914E+01   2.691516E+01
   8.626055E+01   2.691926E+01
   8.626382E+01   2.692841E+01
   8.627718E+01   2.693409E+01
   8.627998E+01   2.694326E+01
   8.629682E+01   2.695287E+01
   8.629876E+01   2.695628E+01
   8.630206E+01   2.695898E+01
   8.630614E+01   2.696044E+01
   8.630924E+01   2.696136E+01
   8.631269E+01   2.696246E+01
   8.631408E+01   2.696351E+01
   8.631640E+01   2.696490E+01
   8.631853E+01   2.696538E+01
   8.632203E+01   2.696769E+01
   8.632348E+01   2.696820E+01
   8.633099E+01   2.696781E+01
   8.634591E+01   2.696250E+01
   8.635903E+01   2.696419E+01
   8.636159E+01   2.696760E+01
   8.636593E+01   2.697214E+01
   8.636636E+01   2.697923E+01
   8.636641E+01   2.698615E+01
   8.636870E+01   2.699572E+01
   8.637017E+01   2.699872E+01
   8.637332E+01   2.700222E+01
   8.637441E+01   2.700494E+01
   8.637475E+01   2.700823E+01
   8.637210E+01   2.701056E+01
   8.637333E+01   2.701382E+01
   8.637252E+01   2.701766E+01
   8.637476E+01   2.702132E+01
   8.637385E+01   2.702289E+01
   8.637552E+01   2.702581E+01
   8.637717E+01   2.702661E+01
   8.637840E+01   2.702906E+01
   8.637941E+01   2.703147E+01
   8.638037E+01   2.703114E+01
   8.638147E+01   2.703000E+01
   8.638223E+01   2.703032E+01
   8.638205E+01   2.703151E+01
   8.637968E+01   2.703418E+01
   8.637934E+01   2.703450E+01
   8.637670E+01   2.703509E+01
   8.637607E+01   2.703494E+01
   8.637524E+01   2.703482E+01
   8.637255E+01   2.703631E+01
   8.637123E+01   2.703698E+01
   8.637010E+01   2.703724E+01
   8.636888E+01   2.703691E+01
   8.636794E+01   2.703702E+01
   8.636680E+01   2.703785E+01
   8.636605E+01   2.703943E+01
   8.636536E+01   2.704073E+01
   8.636411E+01   2.704258E+01
   8.636384E+01   2.704277E+01
   8.636340E+01   2.704359E+01
   8.636386E+01   2.704480E+01
   8.636395E+01   2.704637E+01
   8.636422E+01   2.704820E+01
   8.636376E+01   2.704951E+01
   8.636351E+01   2.705219E+01
   8.636329E+01   2.705394E+01
   8.636284E+01   2.705462E+01
   8.636159E+01   2.705466E+01
   8.635967E+01   2.705558E+01
   8.635790E+01   2.705788E+01
   8.635618E+01   2.705905E+01
   8.635451E+01   2.705984E+01
   8.635176E+01   2.706137E+01
   8.635038E+01   2.706278E+01
   8.635036E+01   2.706432E+01
   8.635079E+01   2.706680E+01
   8.635000E+01   2.706685E+01
   8.634942E+01   2.706586E+01
   8.634859E+01   2.706478E+01
   8.634756E+01   2.706480E+01
   8.634668E+01   2.706496E+01
   8.634628E+01   2.706514E+01
   8.634605E+01   2.706563E+01
   8.634584E+01   2.706653E+01
   8.634602E+01   2.706733E+01
   8.634557E+01   2.706807E+01
   8.634617E+01   2.706863E+01
   8.634673E+01   2.706934E+01
   8.634707E+01   2.706975E+01
   8.634678E+01   2.707037E+01
   8.634732E+01   2.707073E+01
   8.634871E+01   2.707052E+01
   8.634931E+01   2.706982E+01
   8.635068E+01   2.706949E+01
   8.635094E+01   2.707021E+01
   8.635054E+01   2.707104E+01
   8.635097E+01   2.707224E+01
   8.635159E+01   2.707257E+01
   8.635151E+01   2.707320E+01
   8.635146E+01   2.707371E+01
   8.635178E+01   2.707408E+01
   8.635233E+01   2.707468E+01
   8.635308E+01   2.707479E+01
   8.635367E+01   2.707480E+01
   8.635428E+01   2.707531E+01
   8.635511E+01   2.707543E+01
   8.635442E+01   2.707573E+01
   8.635341E+01   2.707635E+01
   8.635347E+01   2.707694E+01
   8.635368E+01   2.707727E+01
   8.635429E+01   2.707756E+01
   8.635440E+01   2.707833E+01
   8.635493E+01   2.707985E+01
   8.635518E+01   2.708062E+01
   8.635508E+01   2.708153E+01
   8.635563E+01   2.708181E+01
   8.635614E+01   2.708151E+01
   8.635704E+01   2.708248E+01
   8.635781E+01   2.708323E+01
   8.635809E+01   2.708477E+01
   8.635796E+01   2.708607E+01
   8.635812E+01   2.708729E+01
   8.635749E+01   2.708943E+01
   8.635773E+01   2.709035E+01
   8.635840E+01   2.709120E+01
   8.635864E+01   2.709197E+01
   8.635814E+01   2.709283E+01
   8.635716E+01   2.709354E+01
   8.635803E+01   2.709503E+01
   8.635923E+01   2.709567E+01
   8.635966E+01   2.709648E+01
   8.636001E+01   2.709735E+01
   8.636064E+01   2.709793E+01
   8.636184E+01   2.709875E+01
   8.636248E+01   2.709968E+01
   8.636174E+01   2.709994E+01
   8.636063E+01   2.710002E+01
   8.635902E+01   2.709975E+01
   8.635833E+01   2.709932E+01
   8.635739E+01   2.709950E+01
   8.635651E+01   2.710015E+01
   8.635578E+01   2.710047E+01
   8.635572E+01   2.710154E+01
   8.635601E+01   2.710346E+01
   8.635554E+01   2.710395E+01
   8.635451E+01   2.710449E+01
   8.635264E+01   2.710460E+01
   8.635221E+01   2.710475E+01
   8.635119E+01   2.710504E+01
   8.634991E+01   2.710489E+01
   8.634914E+01   2.710549E+01
   8.634860E+01   2.710604E+01
   8.634748E+01   2.710633E+01
   8.634613E+01   2.710610E+01
   8.634477E+01   2.710591E+01
   8.634392E+01   2.710580E+01
   8.634314E+01   2.710616E+01
   8.634237E+01   2.710639E+01
   8.634105E+01   2.710663E+01
   8.633973E+01   2.710563E+01
   8.633897E+01   2.710520E+01
   8.633771E+01   2.710423E+01
   8.633668E+01   2.710324E+01
   8.633567E+01   2.710265E+01
   8.633505E+01   2.710245E+01
   8.633455E+01   2.710172E+01
   8.633393E+01   2.710102E+01
   8.633287E+01   2.710053E+01
   8.633237E+01   2.710012E+01
   8.633179E+01   2.709996E+01
   8.633043E+01   2.710019E+01
   8.632872E+01   2.710049E+01
   8.632769E+01   2.710068E+01
   8.632676E+01   2.710042E+01
   8.632534E+01   2.709961E+01
   8.632466E+01   2.709921E+01
   8.632294E+01   2.709925E+01
   8.632208E+01   2.709989E+01
   8.632148E+01   2.710040E+01
   8.632021E+01   2.710067E+01
   8.631893E+01   2.710123E+01
   8.631809E+01   2.710167E+01
   8.631753E+01   2.710206E+01
   8.631608E+01   2.710230E+01
   8.631514E+01   2.710252E+01
   8.631443E+01   2.710287E+01
   8.631357E+01   2.710284E+01
   8.631213E+01   2.710277E+01
   8.631106E+01   2.710310E+01
   8.631072E+01   2.710387E+01
   8.631018E+01   2.710453E+01
   8.630936E+01   2.710533E+01
   8.630855E+01   2.710616E+01
   8.630807E+01   2.710705E+01
   8.630749E+01   2.710756E+01
   8.630667E+01   2.710817E+01
   8.630629E+01   2.710903E+01
   8.630730E+01   2.710974E+01
   8.630915E+01   2.710994E+01
   8.631082E+01   2.710967E+01
   8.631188E+01   2.710975E+01
   8.631281E+01   2.711066E+01
   8.631335E+01   2.711101E+01
   8.631444E+01   2.711081E+01
   8.631528E+01   2.711065E+01
   8.631611E+01   2.711081E+01
   8.631700E+01   2.711067E+01
   8.631764E+01   2.711056E+01
   8.631867E+01   2.711046E+01
   8.631988E+01   2.711081E+01
   8.632129E+01   2.711041E+01
   8.632199E+01   2.711034E+01
   8.632295E+01   2.711042E+01
   8.632359E+01   2.711036E+01
   8.632436E+01   2.711008E+01
   8.632567E+01   2.711045E+01
   8.632657E+01   2.711112E+01
   8.632653E+01   2.711184E+01
   8.632645E+01   2.711253E+01
   8.632698E+01   2.711288E+01
   8.632735E+01   2.711310E+01
   8.632858E+01   2.711414E+01
   8.632863E+01   2.711510E+01
   8.632901E+01   2.711593E+01
   8.632972E+01   2.711648E+01
   8.633058E+01   2.711711E+01
   8.633110E+01   2.711737E+01
   8.633118E+01   2.711789E+01
   8.633157E+01   2.711936E+01
   8.633176E+01   2.712086E+01
   8.633248E+01   2.712170E+01
   8.633321E+01   2.712171E+01
   8.633369E+01   2.712174E+01
   8.633379E+01   2.712275E+01
   8.633346E+01   2.712348E+01
   8.633375E+01   2.712400E+01
   8.633443E+01   2.712489E+01
   8.633468E+01   2.712622E+01
   8.633503E+01   2.712690E+01
   8.633600E+01   2.712634E+01
   8.633651E+01   2.712714E+01
   8.633656E+01   2.712768E+01
   8.633595E+01   2.712802E+01
   8.633546E+01   2.712775E+01
   8.633480E+01   2.712785E+01
   8.633493E+01   2.712833E+01
   8.633576E+01   2.712880E+01
   8.633650E+01   2.712912E+01
   8.633613E+01   2.712946E+01
   8.633556E+01   2.712940E+01
   8.633478E+01   2.712960E+01
   8.633450E+01   2.713012E+01
   8.633415E+01   2.713034E+01
   8.633441E+01   2.713068E+01
   8.633569E+01   2.713130E+01
   8.633584E+01   2.713180E+01
   8.633591E+01   2.713300E+01
   8.633550E+01   2.713329E+01
   8.633496E+01   2.713355E+01
   8.633499E+01   2.713405E+01
   8.633554E+01   2.713438E+01
   8.633612E+01   2.713425E+01
   8.633693E+01   2.713369E+01
   8.633753E+01   2.713357E+01
   8.633772E+01   2.713426E+01
   8.633749E+01   2.713471E+01
   8.633810E+01   2.713521E+01
   8.633840E+01   2.713599E+01
   8.633709E+01   2.713593E+01
   8.633638E+01   2.713613E+01
   8.633646E+01   2.713714E+01
   8.633656E+01   2.713823E+01
   8.633712E+01   2.713844E+01
   8.633808E+01   2.713844E+01
   8.633876E+01   2.713938E+01
   8.633961E+01   2.714018E+01
   8.634095E+01   2.714094E+01
   8.634112E+01   2.714206E+01
   8.634139E+01   2.714275E+01
   8.634144E+01   2.714344E+01
   8.634108E+01   2.714455E+01
   8.634081E+01   2.714502E+01
   8.634141E+01   2.714538E+01
   8.634199E+01   2.714645E+01
   8.634294E+01   2.714695E+01
   8.634376E+01   2.714673E+01
   8.634441E+01   2.714619E+01
   8.634407E+01   2.714567E+01
   8.634445E+01   2.714515E+01
   8.634462E+01   2.714449E+01
   8.634456E+01   2.714379E+01
   8.634513E+01   2.714386E+01
   8.634608E+01   2.714397E+01
   8.634748E+01   2.714364E+01
   8.634829E+01   2.714343E+01
   8.634948E+01   2.714365E+01
   8.635021E+01   2.714299E+01
   8.635079E+01   2.714264E+01
   8.635104E+01   2.714323E+01
   8.635191E+01   2.714327E+01
   8.635245E+01   2.714318E+01
   8.635302E+01   2.714365E+01
   8.635365E+01   2.714283E+01
   8.635492E+01   2.714299E+01
   8.635578E+01   2.714306E+01
   8.635632E+01   2.714265E+01
   8.635704E+01   2.714254E+01
   8.635746E+01   2.714248E+01
   8.635727E+01   2.714211E+01
   8.635771E+01   2.714188E+01
   8.635798E+01   2.714143E+01
   8.635775E+01   2.714105E+01
   8.635827E+01   2.714066E+01
   8.635828E+01   2.714008E+01
   8.635806E+01   2.713941E+01
   8.635853E+01   2.713915E+01
   8.635929E+01   2.713900E+01
   8.636022E+01   2.713932E+01
   8.636122E+01   2.713967E+01
   8.636206E+01   2.714011E+01
   8.636231E+01   2.714123E+01
   8.636282E+01   2.714194E+01
   8.636409E+01   2.714186E+01
   8.636503E+01   2.714152E+01
   8.636602E+01   2.714127E+01
   8.636677E+01   2.713994E+01
   8.636764E+01   2.714021E+01
   8.636812E+01   2.714175E+01
   8.636804E+01   2.714348E+01
   8.636916E+01   2.714482E+01
   8.637011E+01   2.714626E+01
   8.637129E+01   2.714751E+01
   8.637226E+01   2.714693E+01
   8.637341E+01   2.714773E+01
   8.637275E+01   2.714861E+01
   8.637146E+01   2.715029E+01
   8.637007E+01   2.715107E+01
   8.637124E+01   2.715274E+01
   8.637334E+01   2.715451E+01
   8.637377E+01   2.715643E+01
   8.637330E+01   2.715747E+01
   8.637484E+01   2.715991E+01
   8.637549E+01   2.716137E+01
   8.637668E+01   2.716117E+01
   8.637727E+01   2.716131E+01
   8.637792E+01   2.716277E+01
   8.637918E+01   2.716384E+01
   8.637887E+01   2.716462E+01
   8.637791E+01   2.716510E+01
   8.637933E+01   2.716634E+01
   8.638122E+01   2.716881E+01
   8.638160E+01   2.717056E+01
   8.638296E+01   2.717157E+01
   8.638294E+01   2.717292E+01
   8.638348E+01   2.717339E+01
   8.638431E+01   2.717284E+01
   8.638482E+01   2.717355E+01
   8.638438E+01   2.717440E+01
   8.638447E+01   2.717589E+01
   8.638646E+01   2.717683E+01
   8.638783E+01   2.717817E+01
   8.638899E+01   2.717938E+01
   8.638651E+01   2.718017E+01
   8.638241E+01   2.718506E+01
   8.637696E+01   2.719352E+01
   8.636957E+01   2.719188E+01
   8.635934E+01   2.720065E+01
   8.635163E+01   2.720058E+01
   8.634433E+01   2.720146E+01
   8.634163E+01   2.720788E+01
   8.634026E+01   2.721527E+01
   8.634223E+01   2.722367E+01
   8.634233E+01   2.722705E+01
   8.633934E+01   2.722893E+01
   8.633186E+01   2.723103E+01
   8.632269E+01   2.723113E+01
   8.631479E+01   2.723179E+01
   8.630783E+01   2.723391E+01
   8.630656E+01   2.723686E+01
   8.629997E+01   2.723842E+01
   8.622863E+01   2.723440E+01
   8.620453E+01   2.725055E+01
   8.620541E+01   2.725171E+01
   8.620464E+01   2.725355E+01
   8.620491E+01   2.725533E+01
   8.620808E+01   2.725942E+01
   8.621135E+01   2.726111E+01
   8.621117E+01   2.726340E+01
   8.621260E+01   2.726592E+01
   8.621384E+01   2.726743E+01
   8.621387E+01   2.726873E+01
   8.621595E+01   2.726769E+01
   8.621788E+01   2.727012E+01
   8.621865E+01   2.727201E+01
   8.622180E+01   2.727339E+01
   8.622367E+01   2.727534E+01
   8.622385E+01   2.727751E+01
   8.622525E+01   2.727702E+01
   8.622823E+01   2.728009E+01
   8.623084E+01   2.728145E+01
   8.623247E+01   2.728373E+01
   8.623490E+01   2.728594E+01
   8.623863E+01   2.728794E+01
   8.624107E+01   2.728886E+01
   8.623987E+01   2.729025E+01
   8.623784E+01   2.729089E+01
   8.623629E+01   2.729425E+01
   8.623520E+01   2.729742E+01
   8.623624E+01   2.730048E+01
   8.623789E+01   2.730250E+01
   8.623726E+01   2.730440E+01
   8.623727E+01   2.730581E+01
   8.623552E+01   2.730689E+01
   8.623396E+01   2.730723E+01
   8.623127E+01   2.731325E+01
   8.623125E+01   2.731474E+01
   8.622960E+01   2.731470E+01
   8.622878E+01   2.731543E+01
   8.622899E+01   2.731936E+01
   8.622760E+01   2.732050E+01
   8.622366E+01   2.732098E+01
   8.622023E+01   2.732144E+01
   8.621858E+01   2.732329E+01
   8.622186E+01   2.732624E+01
   8.622203E+01   2.732752E+01
   8.621949E+01   2.732780E+01
   8.621739E+01   2.732834E+01
   8.621663E+01   2.733019E+01
   8.621624E+01   2.733305E+01
   8.621558E+01   2.733352E+01
   8.621741E+01   2.733587E+01
   8.621801E+01   2.733748E+01
   8.621677E+01   2.733900E+01
   8.621744E+01   2.734013E+01
   8.621811E+01   2.734042E+01
   8.621701E+01   2.734109E+01
   8.621655E+01   2.734266E+01
   8.621775E+01   2.734735E+01
   8.621829E+01   2.735106E+01
   8.621693E+01   2.735304E+01
   8.621923E+01   2.735522E+01
   8.622014E+01   2.735708E+01
   8.622158E+01   2.736045E+01
   8.621938E+01   2.736079E+01
   8.622084E+01   2.736454E+01
   8.622277E+01   2.736726E+01
   8.622410E+01   2.736929E+01
   8.622477E+01   2.737144E+01
   8.622410E+01   2.737397E+01
   8.622390E+01   2.737670E+01
   8.622374E+01   2.737835E+01
   8.622242E+01   2.738094E+01
   8.622181E+01   2.738223E+01
   8.622212E+01   2.738282E+01
   8.622357E+01   2.738283E+01
   8.622484E+01   2.738333E+01
   8.622592E+01   2.738426E+01
   8.622576E+01   2.738556E+01
   8.622474E+01   2.738733E+01
   8.622533E+01   2.738798E+01
   8.622708E+01   2.738874E+01
   8.622771E+01   2.739085E+01
   8.622713E+01   2.739189E+01
   8.622654E+01   2.739395E+01
   8.622750E+01   2.739762E+01
   8.622798E+01   2.739875E+01
   8.623072E+01   2.739936E+01
   8.623125E+01   2.740103E+01
   8.623289E+01   2.740269E+01
   8.623520E+01   2.740360E+01
   8.623631E+01   2.740559E+01
   8.623450E+01   2.740738E+01
   8.623470E+01   2.740853E+01
   8.623719E+01   2.740931E+01
   8.623748E+01   2.741133E+01
   8.623797E+01   2.741375E+01
   8.623977E+01   2.741510E+01
   8.624058E+01   2.741719E+01
   8.624171E+01   2.741878E+01
   8.624423E+01   2.742020E+01
   8.624541E+01   2.741926E+01
   8.624733E+01   2.741957E+01
   8.624832E+01   2.742171E+01
   8.624832E+01   2.742481E+01
   8.624937E+01   2.742654E+01
   8.625123E+01   2.742740E+01
   8.625226E+01   2.742918E+01
   8.625097E+01   2.743213E+01
   8.625202E+01   2.743339E+01
   8.625377E+01   2.743445E+01
   8.625633E+01   2.743626E+01
   8.625642E+01   2.743852E+01
   8.625600E+01   2.743938E+01
   8.625453E+01   2.744012E+01
   8.625409E+01   2.744089E+01
   8.625531E+01   2.744167E+01
   8.625637E+01   2.744321E+01
   8.625698E+01   2.744504E+01
   8.625762E+01   2.744701E+01
   8.625935E+01   2.744896E+01
   8.626023E+01   2.745106E+01
   8.626172E+01   2.745277E+01
   8.626239E+01   2.745405E+01
   8.626307E+01   2.745529E+01
   8.626392E+01   2.745670E+01
   8.626518E+01   2.745720E+01
   8.626695E+01   2.745859E+01
   8.626780E+01   2.745965E+01
   8.626910E+01   2.746006E+01
   8.627169E+01   2.746095E+01
   8.627234E+01   2.746186E+01
   8.627474E+01   2.746266E+01
   8.627598E+01   2.746415E+01
   8.627825E+01   2.746478E+01
   8.627988E+01   2.746501E+01
   8.628094E+01   2.746451E+01
   8.628149E+01   2.746538E+01
   8.628235E+01   2.746634E+01
   8.628389E+01   2.746638E+01
   8.628708E+01   2.746785E+01
   8.628895E+01   2.746842E+01
   8.629047E+01   2.746953E+01
   8.629181E+01   2.747024E+01
   8.629202E+01   2.747119E+01
   8.629181E+01   2.747210E+01
   8.629213E+01   2.747328E+01
   8.629282E+01   2.747500E+01
   8.629254E+01   2.747650E+01
   8.629390E+01   2.747750E+01
   8.629488E+01   2.747783E+01
   8.629492E+01   2.747936E+01
   8.629739E+01   2.747996E+01
   8.629897E+01   2.748042E+01
   8.630075E+01   2.748173E+01
   8.630298E+01   2.748251E+01
   8.630461E+01   2.748251E+01
   8.630569E+01   2.748418E+01
   8.630605E+01   2.748568E+01
   8.630762E+01   2.748618E+01
   8.630835E+01   2.748691E+01
   8.630988E+01   2.748807E+01
   8.631033E+01   2.748959E+01
   8.631210E+01   2.748974E+01
   8.631313E+01   2.749094E+01
   8.631339E+01   2.749203E+01
   8.631506E+01   2.749240E+01
   8.631682E+01   2.749456E+01
   8.631716E+01   2.749612E+01
   8.631812E+01   2.749776E+01
   8.631870E+01   2.749876E+01
   8.631954E+01   2.749882E+01
   8.632274E+01   2.749945E+01
   8.632421E+01   2.749938E+01
   8.632480E+01   2.750127E+01
   8.632598E+01   2.750302E+01
   8.632581E+01   2.750469E+01
   8.632738E+01   2.750637E+01
   8.632858E+01   2.750654E+01
   8.632972E+01   2.750987E+01
   8.633075E+01   2.750994E+01
   8.633308E+01   2.751077E+01
   8.633285E+01   2.751214E+01
   8.633342E+01   2.751290E+01
   8.633401E+01   2.751558E+01
   8.633476E+01   2.751571E+01
   8.633564E+01   2.751616E+01
   8.633606E+01   2.751777E+01
   8.633737E+01   2.751890E+01
   8.633858E+01   2.752019E+01
   8.633973E+01   2.752031E+01
   8.634186E+01   2.752201E+01
   8.634519E+01   2.752306E+01
   8.634651E+01   2.752314E+01
   8.634763E+01   2.752300E+01
   8.634957E+01   2.752359E+01
   8.635077E+01   2.752399E+01
   8.635380E+01   2.752434E+01
   8.635500E+01   2.752552E+01
   8.635565E+01   2.752606E+01
   8.635607E+01   2.752670E+01
   8.635725E+01   2.752913E+01
   8.635723E+01   2.753158E+01
   8.635758E+01   2.753230E+01
   8.635743E+01   2.753368E+01
   8.635825E+01   2.753471E+01
   8.635791E+01   2.753823E+01
   8.635992E+01   2.754204E+01
   8.636247E+01   2.754408E+01
   8.636373E+01   2.754579E+01
   8.636598E+01   2.754749E+01
   8.636882E+01   2.754899E+01
   8.636969E+01   2.755009E+01
   8.637053E+01   2.755207E+01
   8.636927E+01   2.755427E+01
   8.636860E+01   2.755626E+01
   8.636910E+01   2.755832E+01
   8.637097E+01   2.756083E+01
   8.637150E+01   2.756220E+01
   8.637232E+01   2.756304E+01
   8.637501E+01   2.756569E+01
   8.637650E+01   2.756854E+01
   8.637771E+01   2.756918E+01
   8.637896E+01   2.757040E+01
   8.638168E+01   2.757194E+01
   8.638515E+01   2.757202E+01
   8.638812E+01   2.757291E+01
   8.638883E+01   2.757470E+01
   8.639038E+01   2.757587E+01
   8.639259E+01   2.757723E+01
   8.639355E+01   2.757863E+01
   8.639476E+01   2.757977E+01
   8.639589E+01   2.758121E+01
   8.639836E+01   2.758360E+01
   8.640132E+01   2.758341E+01
   8.640360E+01   2.758466E+01
   8.640562E+01   2.758494E+01
   8.640806E+01   2.758477E+01
   8.640889E+01   2.758598E+01
   8.641079E+01   2.758688E+01
   8.641271E+01   2.758686E+01
   8.641479E+01   2.758822E+01
   8.641713E+01   2.759072E+01
   8.641809E+01   2.759228E+01
   8.641906E+01   2.759472E+01
   8.641974E+01   2.759839E+01
   8.642078E+01   2.759949E+01
   8.642389E+01   2.760160E+01
   8.642634E+01   2.760284E+01
   8.642863E+01   2.760431E+01
   8.643009E+01   2.760437E+01
   8.643139E+01   2.760639E+01
   8.643248E+01   2.760776E+01
   8.643365E+01   2.760935E+01
   8.643465E+01   2.761041E+01
   8.643980E+01   2.761128E+01
   8.644340E+01   2.761171E+01
   8.644701E+01   2.761286E+01
   8.644895E+01   2.761326E+01
   8.645242E+01   2.761380E+01
   8.645680E+01   2.761471E+01
   8.645976E+01   2.761533E+01
   8.646144E+01   2.761562E+01
   8.646414E+01   2.761624E+01
   8.646671E+01   2.761618E+01
   8.646955E+01   2.761726E+01
   8.647341E+01   2.761691E+01
   8.647610E+01   2.761596E+01
   8.647816E+01   2.761667E+01
   8.648164E+01   2.761717E+01
   8.648447E+01   2.761729E+01
   8.648818E+01   2.761583E+01
   8.649163E+01   2.761419E+01
   8.649310E+01   2.761521E+01
   8.649456E+01   2.761806E+01
   8.649972E+01   2.762050E+01
   8.650035E+01   2.762487E+01
   8.650323E+01   2.762840E+01
   8.650432E+01   2.763175E+01
   8.650499E+01   2.763458E+01
   8.650634E+01   2.763730E+01
   8.650704E+01   2.764073E+01
   8.651014E+01   2.764190E+01
   8.651255E+01   2.764467E+01
   8.651357E+01   2.764833E+01
   8.651668E+01   2.764698E+01
   8.652026E+01   2.764861E+01
   8.652408E+01   2.764998E+01
   8.652630E+01   2.765122E+01
   8.652749E+01   2.765356E+01
   8.652869E+01   2.765574E+01
   8.652704E+01   2.765968E+01
   8.652824E+01   2.766163E+01
   8.653243E+01   2.766268E+01
   8.653377E+01   2.766426E+01
   8.653642E+01   2.766935E+01
   8.653825E+01   2.767122E+01
   8.653847E+01   2.767558E+01
   8.653660E+01   2.767915E+01
   8.653900E+01   2.768404E+01
   8.653868E+01   2.768793E+01
   8.654041E+01   2.769236E+01
   8.653897E+01   2.769675E+01
   8.653990E+01   2.770107E+01
   8.654085E+01   2.770301E+01
   8.654456E+01   2.770535E+01
   8.654824E+01   2.770935E+01
   8.655082E+01   2.771100E+01
   8.655087E+01   2.771590E+01
   8.655156E+01   2.771814E+01
   8.655384E+01   2.772102E+01
   8.655380E+01   2.772210E+01
   8.655414E+01   2.772294E+01
   8.655676E+01   2.772871E+01
   8.655661E+01   2.773030E+01
   8.655650E+01   2.773398E+01
   8.655790E+01   2.773772E+01
   8.656005E+01   2.774156E+01
   8.656314E+01   2.774506E+01
   8.656263E+01   2.774789E+01
   8.656295E+01   2.774976E+01
   8.656477E+01   2.775019E+01
   8.656637E+01   2.775081E+01
   8.656833E+01   2.775172E+01
   8.657015E+01   2.775280E+01
   8.657191E+01   2.775411E+01
   8.657187E+01   2.775617E+01
   8.657071E+01   2.775873E+01
   8.656898E+01   2.776041E+01
   8.656714E+01   2.776171E+01
   8.656580E+01   2.776324E+01
   8.656510E+01   2.776646E+01
   8.656424E+01   2.776820E+01
   8.656378E+01   2.777061E+01
   8.656423E+01   2.777238E+01
   8.656510E+01   2.777436E+01
   8.656575E+01   2.777637E+01
   8.656606E+01   2.777866E+01
   8.656592E+01   2.778154E+01
   8.656546E+01   2.778374E+01
   8.656555E+01   2.778589E+01
   8.656645E+01   2.778802E+01
   8.656775E+01   2.778956E+01
   8.656869E+01   2.779124E+01
   8.656872E+01   2.779339E+01
   8.656867E+01   2.779551E+01
   8.656756E+01   2.779719E+01
   8.656575E+01   2.779931E+01
   8.656581E+01   2.780111E+01
   8.656629E+01   2.780326E+01
   8.656652E+01   2.780436E+01
   8.656396E+01   2.780555E+01
   8.656203E+01   2.780659E+01
   8.655988E+01   2.780652E+01
   8.655772E+01   2.780739E+01
   8.655576E+01   2.780787E+01
   8.655281E+01   2.780888E+01
   8.655072E+01   2.780986E+01
   8.654866E+01   2.781081E+01
   8.654624E+01   2.781159E+01
   8.654348E+01   2.781144E+01
   8.654215E+01   2.781144E+01
   8.654082E+01   2.781371E+01
   8.654021E+01   2.781546E+01
   8.654032E+01   2.781778E+01
   8.654177E+01   2.781953E+01
   8.654297E+01   2.782099E+01
   8.654372E+01   2.782398E+01
   8.654374E+01   2.782661E+01
   8.654424E+01   2.782923E+01
   8.654520E+01   2.783106E+01
   8.654592E+01   2.783319E+01
   8.654697E+01   2.783499E+01
   8.654744E+01   2.783798E+01
   8.654900E+01   2.784175E+01
   8.654983E+01   2.784649E+01
   8.655072E+01   2.784964E+01
   8.655225E+01   2.785350E+01
   8.655324E+01   2.785600E+01
   8.655413E+01   2.785961E+01
   8.655406E+01   2.786195E+01
   8.655366E+01   2.786467E+01
   8.655268E+01   2.786725E+01
   8.655200E+01   2.786959E+01
   8.655141E+01   2.787435E+01
   8.655094E+01   2.787704E+01
   8.655160E+01   2.787941E+01
   8.655276E+01   2.788138E+01
   8.655349E+01   2.788302E+01
   8.655448E+01   2.788566E+01
   8.655368E+01   2.788878E+01
   8.655246E+01   2.789128E+01
   8.655221E+01   2.789411E+01
   8.655180E+01   2.789723E+01
   8.655161E+01   2.789922E+01
   8.655306E+01   2.790094E+01
   8.655422E+01   2.790426E+01
   8.655437E+01   2.790657E+01
   8.655430E+01   2.790905E+01
   8.655243E+01   2.791348E+01
   8.655044E+01   2.791724E+01
   8.654958E+01   2.792039E+01
   8.654933E+01   2.792294E+01
   8.654898E+01   2.792749E+01
   8.654766E+01   2.793058E+01
   8.654599E+01   2.793157E+01
   8.654305E+01   2.793318E+01
   8.654028E+01   2.793446E+01
   8.653779E+01   2.793698E+01
   8.653614E+01   2.793951E+01
   8.653434E+01   2.794181E+01
   8.653192E+01   2.794213E+01
   8.652965E+01   2.794180E+01
   8.652683E+01   2.794109E+01
   8.652365E+01   2.793995E+01
   8.652119E+01   2.794134E+01
   8.651979E+01   2.794419E+01
   8.651905E+01   2.794736E+01
   8.651843E+01   2.795048E+01
   8.651720E+01   2.795454E+01
   8.651543E+01   2.795675E+01
   8.651255E+01   2.795925E+01
   8.651182E+01   2.796968E+01
   8.651725E+01   2.797203E+01
   8.651711E+01   2.797673E+01
   8.651358E+01   2.798642E+01
   8.651637E+01   2.800228E+01
   8.652239E+01   2.801682E+01
   8.652283E+01   2.802005E+01
   8.652856E+01   2.802416E+01
   8.653091E+01   2.802784E+01
   8.653062E+01   2.803195E+01
   8.653282E+01   2.803635E+01
   8.653414E+01   2.804370E+01
   8.653488E+01   2.804957E+01
   8.655000E+01   2.805163E+01
   8.655485E+01   2.805677E+01
   8.655764E+01   2.806279E+01
   8.656616E+01   2.806778E+01
   8.656219E+01   2.807145E+01
   8.655911E+01   2.807615E+01
   8.655940E+01   2.808159E+01
   8.656366E+01   2.808526E+01
   8.656719E+01   2.809157E+01
   8.656322E+01   2.809995E+01
   8.656278E+01   2.810464E+01
   8.656307E+01   2.811008E+01
   8.656777E+01   2.811228E+01
   8.657262E+01   2.811111E+01
   8.657893E+01   2.811346E+01
   8.659054E+01   2.810420E+01
   8.660464E+01   2.810024E+01
   8.660669E+01   2.809187E+01
   8.660170E+01   2.808849E+01
   8.660728E+01   2.807512E+01
   8.662549E+01   2.807395E+01
   8.663460E+01   2.807189E+01
   8.664253E+01   2.807498E+01
   8.665692E+01   2.808350E+01
   8.665990E+01   2.809351E+01
   8.666538E+01   2.810248E+01
   8.668041E+01   2.810288E+01
   8.669319E+01   2.810832E+01
   8.671258E+01   2.810743E+01
   8.672271E+01   2.810523E+01
   8.673857E+01   2.810376E+01
   8.674944E+01   2.809539E+01
   8.675032E+01   2.808335E+01
   8.675370E+01   2.807968E+01
   8.676192E+01   2.807615E+01
   8.676090E+01   2.807248E+01
   8.675414E+01   2.806852E+01
   8.675076E+01   2.805647E+01
   8.674944E+01   2.804810E+01
   8.675223E+01   2.803988E+01
   8.675854E+01   2.803562E+01
   8.677279E+01   2.803929E+01
   8.677543E+01   2.803400E+01
   8.677896E+01   2.803107E+01
   8.677999E+01   2.802651E+01
   8.679805E+01   2.802240E+01
   8.680510E+01   2.802152E+01
   8.681435E+01   2.801917E+01
   8.681876E+01   2.801888E+01
   8.682684E+01   2.801506E+01
   8.683682E+01   2.801374E+01
   8.684137E+01   2.801521E+01
   8.684461E+01   2.801756E+01
   8.684801E+01   2.802278E+01
   8.684940E+01   2.802651E+01
   8.685416E+01   2.802863E+01
   8.686016E+01   2.802585E+01
   8.686550E+01   2.802534E+01
   8.686938E+01   2.802425E+01
   8.687267E+01   2.802227E+01
   8.687216E+01   2.801283E+01
   8.687757E+01   2.800939E+01
   8.688379E+01   2.800464E+01
   8.688813E+01   2.800003E+01
   8.689563E+01   2.799579E+01
   8.690967E+01   2.799269E+01
   8.692118E+01   2.798843E+01
   8.692988E+01   2.798160E+01
   8.693378E+01   2.797674E+01
   8.693330E+01   2.796910E+01
   8.693392E+01   2.796169E+01
   8.694272E+01   2.795934E+01
   8.694998E+01   2.795695E+01
   8.696548E+01   2.795596E+01
   8.697642E+01   2.795270E+01
   8.696980E+01   2.790023E+01
   8.698933E+01   2.779712E+01
   8.701183E+01   2.772011E+01
   8.697244E+01   2.763556E+01
   8.696807E+01   2.763214E+01
   8.696040E+01   2.762048E+01
   8.695715E+01   2.760834E+01
   8.695611E+01   2.759927E+01
   8.695753E+01   2.758808E+01
   8.695607E+01   2.757723E+01
   8.696021E+01   2.756875E+01
   8.696635E+01   2.755574E+01
   8.695828E+01   2.753759E+01
   8.694625E+01   2.752667E+01
   8.693847E+01   2.751217E+01
   8.694843E+01   2.749975E+01
   8.696046E+01   2.748668E+01
   8.695701E+01   2.747826E+01
   8.694736E+01   2.747223E+01
   8.694730E+01   2.745884E+01
   8.696565E+01   2.732534E+01
   8.697453E+01   2.728905E+01
   8.692185E+01   2.723169E+01
   8.690882E+01   2.712110E+01
   8.695677E+01   2.698825E+01
   8.696565E+01   2.692388E+01
   8.710831E+01   2.692177E+01
END
   8.693762E+01   2.651835E+01
   8.695204E+01   2.662740E+01
   8.702830E+01   2.671520E+01
   8.716455E+01   2.686369E+01
   8.716573E+01   2.691438E+01
   8.699525E+01   2.688851E+01
   8.697690E+01   2.693391E+01
   8.695559E+01   2.708738E+01
   8.692362E+01   2.716377E+01
   8.690823E+01   2.725537E+01
   8.697868E+01   2.730167E+01
   8.692718E+01   2.737371E+01
   8.694511E+01   2.746483E+01
   8.694838E+01   2.747596E+01
   8.695960E+01   2.748124E+01
   8.695768E+01   2.749076E+01
   8.694736E+01   2.750183E+01
   8.693997E+01   2.751470E+01
   8.694950E+01   2.753056E+01
   8.696519E+01   2.753988E+01
   8.696567E+01   2.755904E+01
   8.695533E+01   2.757055E+01
   8.695590E+01   2.758080E+01
   8.695652E+01   2.759326E+01
   8.695443E+01   2.760326E+01
   8.695786E+01   2.761186E+01
   8.696373E+01   2.762315E+01
   8.696959E+01   2.763355E+01
   8.697512E+01   2.763834E+01
   8.698400E+01   2.775417E+01
   8.700531E+01   2.782016E+01
   8.698311E+01   2.794846E+01
   8.697234E+01   2.795466E+01
   8.696042E+01   2.795645E+01
   8.694666E+01   2.795790E+01
   8.694099E+01   2.796020E+01
   8.693315E+01   2.796309E+01
   8.693320E+01   2.797093E+01
   8.693339E+01   2.797843E+01
   8.692604E+01   2.798367E+01
   8.691786E+01   2.798852E+01
   8.690330E+01   2.799415E+01
   8.689025E+01   2.799676E+01
   8.688813E+01   2.800248E+01
   8.688247E+01   2.800573E+01
   8.687369E+01   2.801012E+01
   8.687194E+01   2.801393E+01
   8.687223E+01   2.802293E+01
   8.686857E+01   2.802476E+01
   8.686309E+01   2.802534E+01
   8.685774E+01   2.802688E+01
   8.685292E+01   2.802856E+01
   8.684831E+01   2.802549E+01
   8.684769E+01   2.801902E+01
   8.684299E+01   2.801770E+01
   8.683800E+01   2.801491E+01
   8.683433E+01   2.801374E+01
   8.682331E+01   2.801535E+01
   8.681788E+01   2.801917E+01
   8.681274E+01   2.801858E+01
   8.680275E+01   2.802358E+01
   8.679027E+01   2.801902E+01
   8.677896E+01   2.802769E+01
   8.677867E+01   2.803180E+01
   8.677470E+01   2.803665E+01
   8.677147E+01   2.803944E+01
   8.675708E+01   2.803577E+01
   8.675105E+01   2.804208E+01
   8.674944E+01   2.805089E+01
   8.675179E+01   2.806206E+01
   8.675737E+01   2.806998E+01
   8.676280E+01   2.807454E+01
   8.675943E+01   2.807821E+01
   8.675164E+01   2.808027E+01
   8.674885E+01   2.808526E+01
   8.674856E+01   2.809862E+01
   8.673784E+01   2.810406E+01
   8.671948E+01   2.810758E+01
   8.670612E+01   2.810729E+01
   8.668864E+01   2.810890E+01
   8.667528E+01   2.810340E+01
   8.666250E+01   2.809862E+01
   8.665927E+01   2.809099E+01
   8.665692E+01   2.808100E+01
   8.663929E+01   2.807424E+01
   8.663401E+01   2.807131E+01
   8.661580E+01   2.807292E+01
   8.660449E+01   2.807982E+01
   8.660228E+01   2.808908E+01
   8.660654E+01   2.809319E+01
   8.660126E+01   2.810273E+01
   8.659010E+01   2.810861E+01
   8.657614E+01   2.811375E+01
   8.657130E+01   2.811081E+01
   8.656689E+01   2.811125E+01
   8.656205E+01   2.810890E+01
   8.656219E+01   2.810288E+01
   8.656616E+01   2.809613E+01
   8.656616E+01   2.808893E+01
   8.656131E+01   2.808423E+01
   8.655881E+01   2.807982E+01
   8.656087E+01   2.807512E+01
   8.656630E+01   2.806998E+01
   8.656440E+01   2.806617E+01
   8.655720E+01   2.806206E+01
   8.655191E+01   2.805530E+01
   8.654956E+01   2.805119E+01
   8.653326E+01   2.804796E+01
   8.653400E+01   2.804076E+01
   8.653238E+01   2.803415E+01
   8.653032E+01   2.803092E+01
   8.653032E+01   2.802681E+01
   8.652753E+01   2.802358E+01
   8.652181E+01   2.801844E+01
   8.652225E+01   2.801477E+01
   8.651623E+01   2.800140E+01
   8.651358E+01   2.798319E+01
   8.651946E+01   2.797541E+01
   8.651564E+01   2.797085E+01
   8.651182E+01   2.796777E+01
   8.651388E+01   2.795709E+01
   8.651567E+01   2.795609E+01
   8.651808E+01   2.795333E+01
   8.651868E+01   2.794886E+01
   8.651917E+01   2.794674E+01
   8.652034E+01   2.794311E+01
   8.652159E+01   2.794056E+01
   8.652532E+01   2.794060E+01
   8.652786E+01   2.794136E+01
   8.653034E+01   2.794193E+01
   8.653271E+01   2.794213E+01
   8.653501E+01   2.794103E+01
   8.653681E+01   2.793838E+01
   8.653867E+01   2.793583E+01
   8.654089E+01   2.793403E+01
   8.654402E+01   2.793288E+01
   8.654630E+01   2.793149E+01
   8.654803E+01   2.793002E+01
   8.654901E+01   2.792620E+01
   8.654955E+01   2.792211E+01
   8.654965E+01   2.791926E+01
   8.655102E+01   2.791620E+01
   8.655328E+01   2.791195E+01
   8.655454E+01   2.790805E+01
   8.655419E+01   2.790620E+01
   8.655411E+01   2.790283E+01
   8.655236E+01   2.790014E+01
   8.655152E+01   2.789846E+01
   8.655195E+01   2.789669E+01
   8.655212E+01   2.789303E+01
   8.655289E+01   2.789023E+01
   8.655408E+01   2.788733E+01
   8.655415E+01   2.788464E+01
   8.655313E+01   2.788205E+01
   8.655241E+01   2.788079E+01
   8.655112E+01   2.787839E+01
   8.655089E+01   2.787629E+01
   8.655181E+01   2.787376E+01
   8.655225E+01   2.786870E+01
   8.655308E+01   2.786623E+01
   8.655378E+01   2.786381E+01
   8.655431E+01   2.786115E+01
   8.655396E+01   2.785808E+01
   8.655288E+01   2.785533E+01
   8.655153E+01   2.785193E+01
   8.655000E+01   2.784854E+01
   8.654947E+01   2.784542E+01
   8.654873E+01   2.784057E+01
   8.654720E+01   2.783750E+01
   8.654667E+01   2.783435E+01
   8.654562E+01   2.783265E+01
   8.654508E+01   2.783033E+01
   8.654388E+01   2.782785E+01
   8.654371E+01   2.782572E+01
   8.654360E+01   2.782263E+01
   8.654261E+01   2.782050E+01
   8.654107E+01   2.781880E+01
   8.654014E+01   2.781702E+01
   8.654021E+01   2.781500E+01
   8.654146E+01   2.781242E+01
   8.654244E+01   2.781117E+01
   8.654441E+01   2.781158E+01
   8.654722E+01   2.781136E+01
   8.654944E+01   2.781047E+01
   8.655147E+01   2.780951E+01
   8.655373E+01   2.780862E+01
   8.655644E+01   2.780773E+01
   8.655857E+01   2.780704E+01
   8.656060E+01   2.780635E+01
   8.656282E+01   2.780615E+01
   8.656449E+01   2.780520E+01
   8.656693E+01   2.780413E+01
   8.656600E+01   2.780245E+01
   8.656555E+01   2.780041E+01
   8.656670E+01   2.779838E+01
   8.656795E+01   2.779635E+01
   8.656861E+01   2.779470E+01
   8.656875E+01   2.779244E+01
   8.656840E+01   2.779075E+01
   8.656746E+01   2.778886E+01
   8.656603E+01   2.778740E+01
   8.656545E+01   2.778511E+01
   8.656546E+01   2.778293E+01
   8.656606E+01   2.778064E+01
   8.656594E+01   2.777770E+01
   8.656549E+01   2.777579E+01
   8.656484E+01   2.777378E+01
   8.656407E+01   2.777186E+01
   8.656385E+01   2.776974E+01
   8.656454E+01   2.776765E+01
   8.656517E+01   2.776530E+01
   8.656593E+01   2.776275E+01
   8.656780E+01   2.776133E+01
   8.656947E+01   2.775991E+01
   8.657094E+01   2.775849E+01
   8.657249E+01   2.775516E+01
   8.657132E+01   2.775368E+01
   8.656960E+01   2.775245E+01
   8.656774E+01   2.775137E+01
   8.656559E+01   2.775058E+01
   8.656436E+01   2.775018E+01
   8.656275E+01   2.774947E+01
   8.656265E+01   2.774762E+01
   8.656247E+01   2.774411E+01
   8.655858E+01   2.773953E+01
   8.655783E+01   2.773671E+01
   8.655618E+01   2.773258E+01
   8.655686E+01   2.772906E+01
   8.655576E+01   2.772739E+01
   8.655388E+01   2.772246E+01
   8.655385E+01   2.772195E+01
   8.655341E+01   2.771971E+01
   8.655118E+01   2.771768E+01
   8.655135E+01   2.771390E+01
   8.654979E+01   2.771033E+01
   8.654777E+01   2.770815E+01
   8.654312E+01   2.770436E+01
   8.654012E+01   2.770174E+01
   8.653966E+01   2.770017E+01
   8.654020E+01   2.769429E+01
   8.653906E+01   2.769001E+01
   8.653876E+01   2.768612E+01
   8.653885E+01   2.768329E+01
   8.653646E+01   2.767874E+01
   8.653867E+01   2.767512E+01
   8.653789E+01   2.767044E+01
   8.653534E+01   2.766848E+01
   8.653323E+01   2.766329E+01
   8.653118E+01   2.766253E+01
   8.652737E+01   2.766093E+01
   8.652802E+01   2.765817E+01
   8.652856E+01   2.765499E+01
   8.652681E+01   2.765325E+01
   8.652608E+01   2.765054E+01
   8.652334E+01   2.764969E+01
   8.651906E+01   2.764762E+01
   8.651601E+01   2.764704E+01
   8.651340E+01   2.764821E+01
   8.651218E+01   2.764371E+01
   8.650880E+01   2.764130E+01
   8.650682E+01   2.764033E+01
   8.650622E+01   2.763584E+01
   8.650409E+01   2.763375E+01
   8.650429E+01   2.763109E+01
   8.650229E+01   2.762708E+01
   8.650029E+01   2.762211E+01
   8.649746E+01   2.761899E+01
   8.649403E+01   2.761715E+01
   8.649262E+01   2.761448E+01
   8.649048E+01   2.761466E+01
   8.648780E+01   2.761591E+01
   8.648396E+01   2.761737E+01
   8.648023E+01   2.761718E+01
   8.647765E+01   2.761660E+01
   8.647571E+01   2.761608E+01
   8.647277E+01   2.761711E+01
   8.646865E+01   2.761704E+01
   8.646555E+01   2.761604E+01
   8.646350E+01   2.761621E+01
   8.646092E+01   2.761555E+01
   8.645873E+01   2.761526E+01
   8.645461E+01   2.761412E+01
   8.645062E+01   2.761366E+01
   8.644779E+01   2.761319E+01
   8.644624E+01   2.761233E+01
   8.644186E+01   2.761153E+01
   8.643916E+01   2.761129E+01
   8.643448E+01   2.761026E+01
   8.643300E+01   2.760855E+01
   8.643213E+01   2.760715E+01
   8.643100E+01   2.760578E+01
   8.642966E+01   2.760430E+01
   8.642793E+01   2.760359E+01
   8.642531E+01   2.760255E+01
   8.642289E+01   2.760062E+01
   8.642039E+01   2.759919E+01
   8.641961E+01   2.759808E+01
   8.641835E+01   2.759335E+01
   8.641782E+01   2.759152E+01
   8.641621E+01   2.758958E+01
   8.641388E+01   2.758735E+01
   8.641220E+01   2.758687E+01
   8.640988E+01   2.758666E+01
   8.640867E+01   2.758533E+01
   8.640767E+01   2.758461E+01
   8.640472E+01   2.758468E+01
   8.640248E+01   2.758436E+01
   8.640093E+01   2.758327E+01
   8.639810E+01   2.758345E+01
   8.639563E+01   2.758075E+01
   8.639428E+01   2.757916E+01
   8.639337E+01   2.757840E+01
   8.639207E+01   2.757704E+01
   8.638961E+01   2.757561E+01
   8.638878E+01   2.757409E+01
   8.638760E+01   2.757257E+01
   8.638323E+01   2.757196E+01
   8.638065E+01   2.757157E+01
   8.637818E+01   2.756952E+01
   8.637745E+01   2.756907E+01
   8.637615E+01   2.756820E+01
   8.637379E+01   2.756429E+01
   8.637211E+01   2.756289E+01
   8.637146E+01   2.756209E+01
   8.637066E+01   2.756022E+01
   8.636896E+01   2.755764E+01
   8.636894E+01   2.755549E+01
   8.637032E+01   2.755284E+01
   8.637013E+01   2.755124E+01
   8.636952E+01   2.754979E+01
   8.636766E+01   2.754839E+01
   8.636468E+01   2.754681E+01
   8.636338E+01   2.754533E+01
   8.636221E+01   2.754378E+01
   8.635840E+01   2.753991E+01
   8.635781E+01   2.753701E+01
   8.635782E+01   2.753410E+01
   8.635730E+01   2.753353E+01
   8.635754E+01   2.753215E+01
   8.635753E+01   2.753081E+01
   8.635677E+01   2.752837E+01
   8.635572E+01   2.752651E+01
   8.635554E+01   2.752604E+01
   8.635512E+01   2.752480E+01
   8.635273E+01   2.752446E+01
   8.635020E+01   2.752409E+01
   8.634916E+01   2.752347E+01
   8.634719E+01   2.752298E+01
   8.634640E+01   2.752315E+01
   8.634405E+01   2.752261E+01
   8.634105E+01   2.752159E+01
   8.633949E+01   2.752018E+01
   8.633820E+01   2.751997E+01
   8.633711E+01   2.751857E+01
   8.633578E+01   2.751742E+01
   8.633535E+01   2.751579E+01
   8.633448E+01   2.751580E+01
   8.633362E+01   2.751495E+01
   8.633324E+01   2.751265E+01
   8.633317E+01   2.751132E+01
   8.633183E+01   2.751023E+01
   8.633022E+01   2.751001E+01
   8.632933E+01   2.750920E+01
   8.632828E+01   2.750644E+01
   8.632676E+01   2.750580E+01
   8.632569E+01   2.750424E+01
   8.632568E+01   2.750250E+01
   8.632486E+01   2.750032E+01
   8.632359E+01   2.749924E+01
   8.632221E+01   2.749952E+01
   8.631904E+01   2.749885E+01
   8.631858E+01   2.749866E+01
   8.631792E+01   2.749746E+01
   8.631722E+01   2.749500E+01
   8.631641E+01   2.749373E+01
   8.631452E+01   2.749206E+01
   8.631317E+01   2.749199E+01
   8.631312E+01   2.749037E+01
   8.631170E+01   2.748979E+01
   8.631003E+01   2.748931E+01
   8.630947E+01   2.748776E+01
   8.630810E+01   2.748671E+01
   8.630729E+01   2.748597E+01
   8.630583E+01   2.748537E+01
   8.630550E+01   2.748388E+01
   8.630423E+01   2.748234E+01
   8.630219E+01   2.748230E+01
   8.630043E+01   2.748139E+01
   8.629825E+01   2.748012E+01
   8.629710E+01   2.747993E+01
   8.629465E+01   2.747898E+01
   8.629476E+01   2.747758E+01
   8.629300E+01   2.747719E+01
   8.629261E+01   2.747580E+01
   8.629267E+01   2.747470E+01
   8.629184E+01   2.747271E+01
   8.629189E+01   2.747185E+01
   8.629214E+01   2.747078E+01
   8.629132E+01   2.747011E+01
   8.628974E+01   2.746915E+01
   8.628827E+01   2.746832E+01
   8.628648E+01   2.746726E+01
   8.628330E+01   2.746630E+01
   8.628209E+01   2.746620E+01
   8.628121E+01   2.746513E+01
   8.628059E+01   2.746449E+01
   8.627967E+01   2.746509E+01
   8.627758E+01   2.746479E+01
   8.627559E+01   2.746382E+01
   8.627376E+01   2.746203E+01
   8.627218E+01   2.746160E+01
   8.627086E+01   2.746051E+01
   8.626862E+01   2.745973E+01
   8.626744E+01   2.745959E+01
   8.626621E+01   2.745772E+01
   8.626463E+01   2.745716E+01
   8.626387E+01   2.745630E+01
   8.626292E+01   2.745515E+01
   8.626192E+01   2.745375E+01
   8.626137E+01   2.745214E+01
   8.626011E+01   2.745011E+01
   8.625910E+01   2.744827E+01
   8.625737E+01   2.744668E+01
   8.625687E+01   2.744405E+01
   8.625598E+01   2.744262E+01
   8.625458E+01   2.744139E+01
   8.625401E+01   2.744064E+01
   8.625589E+01   2.743992E+01
   8.625600E+01   2.743912E+01
   8.625665E+01   2.743764E+01
   8.625575E+01   2.743571E+01
   8.625291E+01   2.743410E+01
   8.625127E+01   2.743307E+01
   8.625150E+01   2.743050E+01
   8.625234E+01   2.742845E+01
   8.625067E+01   2.742717E+01
   8.624901E+01   2.742597E+01
   8.624804E+01   2.742368E+01
   8.624837E+01   2.742120E+01
   8.624647E+01   2.741907E+01
   8.624497E+01   2.741999E+01
   8.624325E+01   2.741991E+01
   8.624109E+01   2.741817E+01
   8.624066E+01   2.741605E+01
   8.623901E+01   2.741439E+01
   8.623760E+01   2.741309E+01
   8.623761E+01   2.741010E+01
   8.623669E+01   2.740920E+01
   8.623435E+01   2.740828E+01
   8.623617E+01   2.740641E+01
   8.623634E+01   2.740428E+01
   8.623453E+01   2.740344E+01
   8.623190E+01   2.740215E+01
   8.623117E+01   2.740015E+01
   8.623009E+01   2.739898E+01
   8.622778E+01   2.739850E+01
   8.622779E+01   2.739648E+01
   8.622641E+01   2.739341E+01
   8.622738E+01   2.739155E+01
   8.622759E+01   2.739017E+01
   8.622643E+01   2.738825E+01
   8.622496E+01   2.738786E+01
   8.622500E+01   2.738699E+01
   8.622596E+01   2.738497E+01
   8.622567E+01   2.738393E+01
   8.622462E+01   2.738313E+01
   8.622294E+01   2.738287E+01
   8.622194E+01   2.738269E+01
   8.622189E+01   2.738178E+01
   8.622277E+01   2.738012E+01
   8.622383E+01   2.737768E+01
   8.622378E+01   2.737550E+01
   8.622448E+01   2.737292E+01
   8.622477E+01   2.737105E+01
   8.622381E+01   2.736892E+01
   8.622282E+01   2.736662E+01
   8.621884E+01   2.736172E+01
   8.622000E+01   2.736065E+01
   8.622171E+01   2.735925E+01
   8.621996E+01   2.735635E+01
   8.621773E+01   2.735432E+01
   8.621716E+01   2.735254E+01
   8.621844E+01   2.735031E+01
   8.621740E+01   2.734537E+01
   8.621651E+01   2.734196E+01
   8.621757E+01   2.734094E+01
   8.621804E+01   2.734028E+01
   8.621726E+01   2.733975E+01
   8.621689E+01   2.733877E+01
   8.621816E+01   2.733645E+01
   8.621613E+01   2.733463E+01
   8.621562E+01   2.733339E+01
   8.621655E+01   2.733286E+01
   8.621673E+01   2.732964E+01
   8.621757E+01   2.732804E+01
   8.622131E+01   2.732799E+01
   8.622222E+01   2.732734E+01
   8.621956E+01   2.732477E+01
   8.621872E+01   2.732260E+01
   8.622160E+01   2.732077E+01
   8.622446E+01   2.732100E+01
   8.622862E+01   2.732004E+01
   8.622871E+01   2.731827E+01
   8.622903E+01   2.731494E+01
   8.623012E+01   2.731490E+01
   8.623149E+01   2.731436E+01
   8.623137E+01   2.731284E+01
   8.623438E+01   2.730689E+01
   8.623613E+01   2.730681E+01
   8.623731E+01   2.730549E+01
   8.623781E+01   2.730357E+01
   8.623756E+01   2.730153E+01
   8.623613E+01   2.729991E+01
   8.623528E+01   2.729629E+01
   8.623698E+01   2.729325E+01
   8.623839E+01   2.729049E+01
   8.624074E+01   2.728961E+01
   8.624050E+01   2.728878E+01
   8.623722E+01   2.728757E+01
   8.623291E+01   2.728516E+01
   8.623187E+01   2.728226E+01
   8.623004E+01   2.728127E+01
   8.622707E+01   2.727793E+01
   8.622467E+01   2.727727E+01
   8.622344E+01   2.727712E+01
   8.622370E+01   2.727481E+01
   8.621992E+01   2.727325E+01
   8.621873E+01   2.727092E+01
   8.621677E+01   2.726893E+01
   8.621535E+01   2.726798E+01
   8.621362E+01   2.726863E+01
   8.621362E+01   2.726660E+01
   8.621182E+01   2.726485E+01
   8.621113E+01   2.726280E+01
   8.621117E+01   2.726070E+01
   8.620723E+01   2.725859E+01
   8.620428E+01   2.725415E+01
   8.620512E+01   2.725343E+01
   8.620517E+01   2.725129E+01
   8.620447E+01   2.725044E+01
   8.626630E+01   2.725077E+01
   8.630120E+01   2.723762E+01
   8.630726E+01   2.723604E+01
   8.630910E+01   2.723303E+01
   8.631788E+01   2.723175E+01
   8.632584E+01   2.723019E+01
   8.633339E+01   2.723086E+01
   8.634199E+01   2.722846E+01
   8.634091E+01   2.722585E+01
   8.634275E+01   2.722096E+01
   8.633990E+01   2.721279E+01
   8.634223E+01   2.720494E+01
   8.634557E+01   2.720178E+01
   8.635472E+01   2.720115E+01
   8.636213E+01   2.719777E+01
   8.637183E+01   2.719221E+01
   8.637892E+01   2.719270E+01
   8.638294E+01   2.718267E+01
   8.638970E+01   2.718013E+01
   8.638851E+01   2.717900E+01
   8.638735E+01   2.717767E+01
   8.638576E+01   2.717656E+01
   8.638441E+01   2.717569E+01
   8.638441E+01   2.717414E+01
   8.638487E+01   2.717311E+01
   8.638421E+01   2.717287E+01
   8.638323E+01   2.717348E+01
   8.638283E+01   2.717253E+01
   8.638276E+01   2.717114E+01
   8.638128E+01   2.717011E+01
   8.638110E+01   2.716840E+01
   8.637907E+01   2.716578E+01
   8.637811E+01   2.716486E+01
   8.637922E+01   2.716442E+01
   8.637868E+01   2.716341E+01
   8.637787E+01   2.716240E+01
   8.637712E+01   2.716119E+01
   8.637626E+01   2.716137E+01
   8.637539E+01   2.716109E+01
   8.637416E+01   2.715903E+01
   8.637328E+01   2.715710E+01
   8.637381E+01   2.715609E+01
   8.637301E+01   2.715388E+01
   8.637044E+01   2.715196E+01
   8.637047E+01   2.715070E+01
   8.637191E+01   2.714976E+01
   8.637320E+01   2.714836E+01
   8.637290E+01   2.714721E+01
   8.637193E+01   2.714707E+01
   8.637117E+01   2.714747E+01
   8.637005E+01   2.714584E+01
   8.636865E+01   2.714459E+01
   8.636780E+01   2.714313E+01
   8.636814E+01   2.714103E+01
   8.636726E+01   2.714007E+01
   8.636662E+01   2.714030E+01
   8.636583E+01   2.714137E+01
   8.636487E+01   2.714150E+01
   8.636365E+01   2.714206E+01
   8.636253E+01   2.714170E+01
   8.636226E+01   2.714099E+01
   8.636181E+01   2.713989E+01
   8.636086E+01   2.713963E+01
   8.636011E+01   2.713916E+01
   8.635899E+01   2.713905E+01
   8.635833E+01   2.713924E+01
   8.635804E+01   2.713959E+01
   8.635834E+01   2.714027E+01
   8.635807E+01   2.714084E+01
   8.635776E+01   2.714126E+01
   8.635804E+01   2.714164E+01
   8.635753E+01   2.714193E+01
   8.635734E+01   2.714223E+01
   8.635740E+01   2.714265E+01
   8.635684E+01   2.714247E+01
   8.635601E+01   2.714278E+01
   8.635552E+01   2.714321E+01
   8.635445E+01   2.714283E+01
   8.635338E+01   2.714338E+01
   8.635280E+01   2.714355E+01
   8.635219E+01   2.714304E+01
   8.635170E+01   2.714337E+01
   8.635094E+01   2.714302E+01
   8.635062E+01   2.714272E+01
   8.635003E+01   2.714325E+01
   8.634895E+01   2.714365E+01
   8.634801E+01   2.714342E+01
   8.634694E+01   2.714392E+01
   8.634566E+01   2.714393E+01
   8.634495E+01   2.714371E+01
   8.634446E+01   2.714402E+01
   8.634472E+01   2.714479E+01
   8.634424E+01   2.714527E+01
   8.634419E+01   2.714592E+01
   8.634431E+01   2.714638E+01
   8.634354E+01   2.714682E+01
   8.634265E+01   2.714688E+01
   8.634177E+01   2.714608E+01
   8.634134E+01   2.714509E+01
   8.634074E+01   2.714488E+01
   8.634121E+01   2.714437E+01
   8.634141E+01   2.714319E+01
   8.634142E+01   2.714255E+01
   8.634093E+01   2.714151E+01
   8.634059E+01   2.714080E+01
   8.633951E+01   2.714005E+01
   8.633857E+01   2.713917E+01
   8.633774E+01   2.713844E+01
   8.633689E+01   2.713845E+01
   8.633651E+01   2.713800E+01
   8.633639E+01   2.713671E+01
   8.633669E+01   2.713589E+01
   8.633743E+01   2.713600E+01
   8.633838E+01   2.713575E+01
   8.633785E+01   2.713495E+01
   8.633738E+01   2.713452E+01
   8.633773E+01   2.713412E+01
   8.633734E+01   2.713357E+01
   8.633656E+01   2.713389E+01
   8.633591E+01   2.713427E+01
   8.633531E+01   2.713424E+01
   8.633494E+01   2.713384E+01
   8.633502E+01   2.713347E+01
   8.633563E+01   2.713324E+01
   8.633587E+01   2.713271E+01
   8.633586E+01   2.713152E+01
   8.633518E+01   2.713090E+01
   8.633431E+01   2.713064E+01
   8.633417E+01   2.713018E+01
   8.633462E+01   2.712996E+01
   8.633508E+01   2.712928E+01
   8.633570E+01   2.712944E+01
   8.633636E+01   2.712939E+01
   8.633642E+01   2.712906E+01
   8.633553E+01   2.712858E+01
   8.633474E+01   2.712820E+01
   8.633501E+01   2.712774E+01
   8.633558E+01   2.712783E+01
   8.633624E+01   2.712796E+01
   8.633645E+01   2.712756E+01
   8.633659E+01   2.712654E+01
   8.633587E+01   2.712641E+01
   8.633491E+01   2.712676E+01
   8.633461E+01   2.712598E+01
   8.633428E+01   2.712468E+01
   8.633358E+01   2.712383E+01
   8.633356E+01   2.712329E+01
   8.633389E+01   2.712212E+01
   8.633358E+01   2.712157E+01
   8.633308E+01   2.712176E+01
   8.633222E+01   2.712162E+01
   8.633169E+01   2.712065E+01
   8.633161E+01   2.711907E+01
   8.633103E+01   2.711784E+01
   8.633112E+01   2.711723E+01
   8.633033E+01   2.711705E+01
   8.632956E+01   2.711626E+01
   8.632858E+01   2.711558E+01
   8.632880E+01   2.711492E+01
   8.632832E+01   2.711408E+01
   8.632727E+01   2.711302E+01
   8.632672E+01   2.711280E+01
   8.632651E+01   2.711238E+01
   8.632662E+01   2.711161E+01
   8.632633E+01   2.711058E+01
   8.632536E+01   2.711040E+01
   8.632411E+01   2.711007E+01
   8.632346E+01   2.711041E+01
   8.632257E+01   2.711057E+01
   8.632174E+01   2.711026E+01
   8.632103E+01   2.711073E+01
   8.631931E+01   2.711054E+01
   8.631816E+01   2.711045E+01
   8.631751E+01   2.711066E+01
   8.631681E+01   2.711059E+01
   8.631598E+01   2.711083E+01
   8.631509E+01   2.711063E+01
   8.631406E+01   2.711095E+01
   8.631310E+01   2.711101E+01
   8.631232E+01   2.711029E+01
   8.631176E+01   2.710966E+01
   8.631031E+01   2.710968E+01
   8.630826E+01   2.710987E+01
   8.630692E+01   2.710947E+01
   8.630636E+01   2.710859E+01
   8.630710E+01   2.710792E+01
   8.630766E+01   2.710749E+01
   8.630820E+01   2.710683E+01
   8.630911E+01   2.710586E+01
   8.630960E+01   2.710496E+01
   8.631035E+01   2.710446E+01
   8.631084E+01   2.710341E+01
   8.631142E+01   2.710322E+01
   8.631238E+01   2.710270E+01
   8.631374E+01   2.710285E+01
   8.631460E+01   2.710284E+01
   8.631556E+01   2.710233E+01
   8.631659E+01   2.710238E+01
   8.631770E+01   2.710195E+01
   8.631841E+01   2.710136E+01
   8.631936E+01   2.710109E+01
   8.632073E+01   2.710062E+01
   8.632182E+01   2.710025E+01
   8.632232E+01   2.709961E+01
   8.632399E+01   2.709912E+01
   8.632480E+01   2.709933E+01
   8.632537E+01   2.709962E+01
   8.632685E+01   2.710042E+01
   8.632812E+01   2.710060E+01
   8.632952E+01   2.710033E+01
   8.633094E+01   2.710016E+01
   8.633196E+01   2.709996E+01
   8.633255E+01   2.710033E+01
   8.633319E+01   2.710068E+01
   8.633422E+01   2.710133E+01
   8.633470E+01   2.710206E+01
   8.633514E+01   2.710251E+01
   8.633617E+01   2.710283E+01
   8.633699E+01   2.710363E+01
   8.633802E+01   2.710467E+01
   8.633931E+01   2.710528E+01
   8.634018E+01   2.710637E+01
   8.634160E+01   2.710660E+01
   8.634255E+01   2.710632E+01
   8.634340E+01   2.710603E+01
   8.634409E+01   2.710579E+01
   8.634502E+01   2.710591E+01
   8.634672E+01   2.710619E+01
   8.634799E+01   2.710635E+01
   8.634883E+01   2.710577E+01
   8.634942E+01   2.710526E+01
   8.635034E+01   2.710487E+01
   8.635136E+01   2.710500E+01
   8.635238E+01   2.710467E+01
   8.635315E+01   2.710447E+01
   8.635477E+01   2.710442E+01
   8.635571E+01   2.710387E+01
   8.635606E+01   2.710300E+01
   8.635567E+01   2.710108E+01
   8.635597E+01   2.710026E+01
   8.635668E+01   2.709996E+01
   8.635773E+01   2.709935E+01
   8.635858E+01   2.709944E+01
   8.635987E+01   2.709999E+01
   8.636106E+01   2.709991E+01
   8.636199E+01   2.710004E+01
   8.636249E+01   2.709945E+01
   8.636144E+01   2.709854E+01
   8.636054E+01   2.709778E+01
   8.635985E+01   2.709702E+01
   8.635966E+01   2.709641E+01
   8.635893E+01   2.709546E+01
   8.635689E+01   2.709432E+01
   8.635754E+01   2.709314E+01
   8.635831E+01   2.709266E+01
   8.635865E+01   2.709174E+01
   8.635792E+01   2.709064E+01
   8.635761E+01   2.708989E+01
   8.635761E+01   2.708836E+01
   8.635812E+01   2.708691E+01
   8.635799E+01   2.708553E+01
   8.635814E+01   2.708416E+01
   8.635754E+01   2.708296E+01
   8.635652E+01   2.708163E+01
   8.635588E+01   2.708162E+01
   8.635524E+01   2.708182E+01
   8.635506E+01   2.708130E+01
   8.635512E+01   2.708046E+01
   8.635460E+01   2.707940E+01
   8.635445E+01   2.707810E+01
   8.635412E+01   2.707737E+01
   8.635355E+01   2.707719E+01
   8.635335E+01   2.707663E+01
   8.635378E+01   2.707620E+01
   8.635493E+01   2.707564E+01
   8.635485E+01   2.707526E+01
   8.635409E+01   2.707527E+01
   8.635340E+01   2.707472E+01
   8.635284E+01   2.707500E+01
   8.635228E+01   2.707436E+01
   8.635159E+01   2.707397E+01
   8.635127E+01   2.707356E+01
   8.635148E+01   2.707296E+01
   8.635154E+01   2.707243E+01
   8.635066E+01   2.707208E+01
   8.635083E+01   2.707080E+01
   8.635076E+01   2.707001E+01
   8.635007E+01   2.706973E+01
   8.634886E+01   2.706984E+01
   8.634822E+01   2.707064E+01
   8.634701E+01   2.707071E+01
   8.634694E+01   2.707022E+01
   8.634692E+01   2.706954E+01
   8.634687E+01   2.706903E+01
   8.634592E+01   2.706855E+01
   8.634545E+01   2.706767E+01
   8.634610E+01   2.706706E+01
   8.634603E+01   2.706627E+01
   8.634596E+01   2.706540E+01
   8.634647E+01   2.706501E+01
   8.634686E+01   2.706503E+01
   8.634764E+01   2.706473E+01
   8.634892E+01   2.706501E+01
   8.634963E+01   2.706634E+01
   8.635027E+01   2.706695E+01
   8.635088E+01   2.706659E+01
   8.635033E+01   2.706401E+01
   8.635059E+01   2.706240E+01
   8.635216E+01   2.706096E+01
   8.635564E+01   2.705926E+01
   8.635707E+01   2.705872E+01
   8.635864E+01   2.705712E+01
   8.636002E+01   2.705512E+01
   8.636211E+01   2.705446E+01
   8.636297E+01   2.705454E+01
   8.636339E+01   2.705335E+01
   8.636359E+01   2.705120E+01
   8.636389E+01   2.704896E+01
   8.636430E+01   2.704755E+01
   8.636389E+01   2.704624E+01
   8.636377E+01   2.704462E+01
   8.636339E+01   2.704326E+01
   8.636388E+01   2.704275E+01
   8.636472E+01   2.704148E+01
   8.636584E+01   2.704009E+01
   8.636627E+01   2.703890E+01
   8.636714E+01   2.703751E+01
   8.636828E+01   2.703694E+01
   8.636932E+01   2.703701E+01
   8.637049E+01   2.703726E+01
   8.637135E+01   2.703687E+01
   8.637353E+01   2.703601E+01
   8.637563E+01   2.703469E+01
   8.637614E+01   2.703498E+01
   8.637767E+01   2.703486E+01
   8.637944E+01   2.703440E+01
   8.638103E+01   2.703301E+01
   8.638230E+01   2.703068E+01
   8.638208E+01   2.703015E+01
   8.638123E+01   2.703011E+01
   8.637995E+01   2.703139E+01
   8.637927E+01   2.703121E+01
   8.637762E+01   2.702805E+01
   8.637683E+01   2.702633E+01
   8.637476E+01   2.702416E+01
   8.637417E+01   2.702227E+01
   8.637447E+01   2.702016E+01
   8.637235E+01   2.701629E+01
   8.637314E+01   2.701304E+01
   8.637269E+01   2.700964E+01
   8.637486E+01   2.700690E+01
   8.637420E+01   2.700409E+01
   8.637282E+01   2.700127E+01
   8.636969E+01   2.699782E+01
   8.636784E+01   2.699231E+01
   8.636598E+01   2.698169E+01
   8.636659E+01   2.697517E+01
   8.636492E+01   2.697041E+01
   8.636082E+01   2.696673E+01
   8.635593E+01   2.696098E+01
   8.634333E+01   2.696306E+01
   8.632859E+01   2.696859E+01
   8.632309E+01   2.696815E+01
   8.632086E+01   2.696651E+01
   8.631816E+01   2.696546E+01
   8.631532E+01   2.696374E+01
   8.631372E+01   2.696364E+01
   8.631161E+01   2.696169E+01
   8.630793E+01   2.696120E+01
   8.630428E+01   2.695936E+01
   8.630085E+01   2.695821E+01
   8.629816E+01   2.695567E+01
   8.628773E+01   2.694846E+01
   8.627783E+01   2.693780E+01
   8.627379E+01   2.693154E+01
   8.626156E+01   2.692667E+01
   8.626073E+01   2.691798E+01
   8.625906E+01   2.691321E+01
   8.625799E+01   2.691031E+01
   8.625223E+01   2.691001E+01
   8.624732E+01   2.691474E+01
   8.624490E+01   2.691318E+01
   8.622324E+01   2.689238E+01
   8.615585E+01   2.692971E+01
   8.616757E+01   2.684160E+01
   8.619311E+01   2.671492E+01
   8.617594E+01   2.665882E+01
   8.615503E+01   2.661107E+01
   8.616339E+01   2.661418E+01
   8.617081E+01   2.661694E+01
   8.617278E+01   2.661510E+01
   8.617550E+01   2.661534E+01
   8.617972E+01   2.661462E+01
   8.618669E+01   2.661505E+01
   8.619251E+01   2.661476E+01
   8.619251E+01   2.661194E+01
   8.619181E+01   2.660987E+01
   8.619525E+01   2.659631E+01
   8.620301E+01   2.659564E+01
   8.620939E+01   2.659251E+01
   8.622052E+01   2.658975E+01
   8.623664E+01   2.660274E+01
   8.624191E+01   2.660345E+01
   8.624759E+01   2.660969E+01
   8.625454E+01   2.661510E+01
   8.629285E+01   2.661308E+01
   8.632170E+01   2.661980E+01
   8.634205E+01   2.661275E+01
   8.635673E+01   2.660410E+01
   8.639724E+01   2.659275E+01
   8.640451E+01   2.658165E+01
   8.642005E+01   2.657628E+01
   8.644672E+01   2.656964E+01
   8.648589E+01   2.654990E+01
   8.651385E+01   2.653969E+01
   8.653207E+01   2.654003E+01
   8.655032E+01   2.652985E+01
   8.655521E+01   2.651440E+01
   8.656748E+01   2.649955E+01
   8.658560E+01   2.649368E+01
   8.660917E+01   2.648639E+01
   8.661462E+01   2.648444E+01
   8.662453E+01   2.648065E+01
   8.662520E+01   2.646822E+01
   8.663331E+01   2.646503E+01
   8.665682E+01   2.645898E+01
   8.669308E+01   2.644981E+01
   8.669805E+01   2.644334E+01
   8.672441E+01   2.642725E+01
   8.674694E+01   2.642611E+01
   8.675444E+01   2.643917E+01
   8.676556E+01   2.645000E+01
   8.677917E+01   2.645000E+01
   8.679694E+01   2.644722E+01
   8.681222E+01   2.644111E+01
   8.682750E+01   2.643861E+01
   8.684056E+01   2.644861E+01
   8.685722E+01   2.645611E+01
   8.687389E+01   2.646361E+01
   8.688944E+01   2.647167E+01
   8.689444E+01   2.648639E+01
   8.690028E+01   2.650056E+01
   8.692000E+01   2.651222E+01
   8.693617E+01   2.651816E+01
END
   8.691474E+01   2.743205E+01
   8.694707E+01   2.746883E+01
   8.695308E+01   2.747664E+01
   8.696257E+01   2.748336E+01
   8.695332E+01   2.749570E+01
   8.694085E+01   2.750784E+01
   8.694519E+01   2.752228E+01
   8.695516E+01   2.753492E+01
   8.696553E+01   2.754339E+01
   8.696411E+01   2.756481E+01
   8.695435E+01   2.757422E+01
   8.695604E+01   2.758540E+01
   8.695567E+01   2.759476E+01
   8.695282E+01   2.760470E+01
   8.695630E+01   2.761636E+01
   8.696793E+01   2.762931E+01
   8.697129E+01   2.763424E+01
   8.698815E+01   2.769077E+01
   8.698223E+01   2.777827E+01
   8.697690E+01   2.786570E+01
   8.697968E+01   2.795074E+01
   8.696972E+01   2.795564E+01
   8.695438E+01   2.795662E+01
   8.694354E+01   2.795818E+01
   8.693628E+01   2.796150E+01
   8.693282E+01   2.796496E+01
   8.693397E+01   2.797458E+01
   8.693185E+01   2.797996E+01
   8.692439E+01   2.798725E+01
   8.691623E+01   2.799030E+01
   8.690004E+01   2.799481E+01
   8.688845E+01   2.799725E+01
   8.688535E+01   2.800378E+01
   8.688174E+01   2.800727E+01
   8.687267E+01   2.801166E+01
   8.687289E+01   2.801832E+01
   8.687135E+01   2.802337E+01
   8.686667E+01   2.802520E+01
   8.686177E+01   2.802622E+01
   8.685570E+01   2.802841E+01
   8.685109E+01   2.802776E+01
   8.684801E+01   2.802439E+01
   8.684695E+01   2.801814E+01
   8.684196E+01   2.801623E+01
   8.683770E+01   2.801388E+01
   8.682874E+01   2.801403E+01
   8.682023E+01   2.801756E+01
   8.681626E+01   2.801947E+01
   8.681097E+01   2.801873E+01
   8.680172E+01   2.802372E+01
   8.678542E+01   2.802299E+01
   8.677867E+01   2.802960E+01
   8.677661E+01   2.803283E+01
   8.677308E+01   2.803900E+01
   8.676618E+01   2.803782E+01
   8.675443E+01   2.803782E+01
   8.674973E+01   2.804619E+01
   8.675017E+01   2.805236E+01
   8.675252E+01   2.806675E+01
   8.675972E+01   2.807131E+01
   8.676295E+01   2.807542E+01
   8.675634E+01   2.807880E+01
   8.675061E+01   2.808159E+01
   8.674885E+01   2.808732E+01
   8.674107E+01   2.809862E+01
   8.672477E+01   2.810391E+01
   8.671551E+01   2.810861E+01
   8.670582E+01   2.810802E+01
   8.668673E+01   2.810846E+01
   8.667163E+01   2.810313E+01
   8.666169E+01   2.809544E+01
   8.665912E+01   2.808790E+01
   8.664972E+01   2.807542E+01
   8.663650E+01   2.807322E+01
   8.662799E+01   2.807380E+01
   8.661315E+01   2.807322E+01
   8.660243E+01   2.808291E+01
   8.660581E+01   2.809084E+01
   8.660478E+01   2.809759E+01
   8.659289E+01   2.810406E+01
   8.657996E+01   2.811213E+01
   8.657512E+01   2.811346E+01
   8.656954E+01   2.811140E+01
   8.656572E+01   2.811022E+01
   8.656278E+01   2.810699E+01
   8.656219E+01   2.810215E+01
   8.656719E+01   2.809378E+01
   8.656557E+01   2.808643E+01
   8.656014E+01   2.808306E+01
   8.655837E+01   2.807821E+01
   8.656131E+01   2.807307E+01
   8.656660E+01   2.806910E+01
   8.656087E+01   2.806396E+01
   8.655720E+01   2.806029E+01
   8.655147E+01   2.805427E+01
   8.653546E+01   2.805119E+01
   8.653311E+01   2.804649E+01
   8.653341E+01   2.803870E+01
   8.653165E+01   2.803312E+01
   8.653032E+01   2.802931E+01
   8.652930E+01   2.802549E+01
   8.652548E+01   2.802314E+01
   8.652195E+01   2.801770E+01
   8.651975E+01   2.800375E+01
   8.651608E+01   2.799039E+01
   8.651490E+01   2.797820E+01
   8.651843E+01   2.797365E+01
   8.651432E+01   2.797012E+01
   8.651211E+01   2.796057E+01
   8.651471E+01   2.795686E+01
   8.651628E+01   2.795529E+01
   8.651845E+01   2.795212E+01
   8.651892E+01   2.794819E+01
   8.651942E+01   2.794553E+01
   8.652083E+01   2.794201E+01
   8.652202E+01   2.794013E+01
   8.652601E+01   2.794082E+01
   8.652831E+01   2.794152E+01
   8.653116E+01   2.794202E+01
   8.653358E+01   2.794224E+01
   8.653538E+01   2.794053E+01
   8.653748E+01   2.793757E+01
   8.653952E+01   2.793502E+01
   8.654192E+01   2.793344E+01
   8.654493E+01   2.793221E+01
   8.654718E+01   2.793104E+01
   8.654858E+01   2.792900E+01
   8.654917E+01   2.792448E+01
   8.654946E+01   2.792114E+01
   8.654989E+01   2.791872E+01
   8.655176E+01   2.791485E+01
   8.655368E+01   2.791090E+01
   8.655458E+01   2.790717E+01
   8.655431E+01   2.790531E+01
   8.655381E+01   2.790210E+01
   8.655200E+01   2.789981E+01
   8.655152E+01   2.789820E+01
   8.655214E+01   2.789594E+01
   8.655212E+01   2.789233E+01
   8.655338E+01   2.788948E+01
   8.655445E+01   2.788620E+01
   8.655397E+01   2.788418E+01
   8.655280E+01   2.788146E+01
   8.655196E+01   2.788011E+01
   8.655094E+01   2.787769E+01
   8.655110E+01   2.787540E+01
   8.655212E+01   2.787040E+01
   8.655237E+01   2.786800E+01
   8.655345E+01   2.786518E+01
   8.655400E+01   2.786308E+01
   8.655425E+01   2.786026E+01
   8.655396E+01   2.785727E+01
   8.655276E+01   2.785479E+01
   8.655102E+01   2.785062E+01
   8.654988E+01   2.784762E+01
   8.654918E+01   2.784326E+01
   8.654822E+01   2.783919E+01
   8.654709E+01   2.783631E+01
   8.654619E+01   2.783375E+01
   8.654526E+01   2.783178E+01
   8.654472E+01   2.782979E+01
   8.654370E+01   2.782721E+01
   8.654377E+01   2.782495E+01
   8.654339E+01   2.782163E+01
   8.654219E+01   2.781999E+01
   8.654059E+01   2.781826E+01
   8.654009E+01   2.781611E+01
   8.654058E+01   2.781425E+01
   8.654183E+01   2.781178E+01
   8.654257E+01   2.781129E+01
   8.654565E+01   2.781159E+01
   8.654807E+01   2.781113E+01
   8.655000E+01   2.781018E+01
   8.655219E+01   2.780923E+01
   8.655455E+01   2.780828E+01
   8.655713E+01   2.780753E+01
   8.655903E+01   2.780698E+01
   8.656132E+01   2.780653E+01
   8.656331E+01   2.780595E+01
   8.656521E+01   2.780468E+01
   8.656665E+01   2.780376E+01
   8.656591E+01   2.780175E+01
   8.656549E+01   2.779974E+01
   8.656723E+01   2.779763E+01
   8.656838E+01   2.779604E+01
   8.656871E+01   2.779397E+01
   8.656866E+01   2.779183E+01
   8.656808E+01   2.779002E+01
   8.656694E+01   2.778836E+01
   8.656590E+01   2.778671E+01
   8.656539E+01   2.778429E+01
   8.656569E+01   2.778220E+01
   8.656606E+01   2.778000E+01
   8.656581E+01   2.777706E+01
   8.656529E+01   2.777509E+01
   8.656465E+01   2.777308E+01
   8.656387E+01   2.777113E+01
   8.656404E+01   2.776910E+01
   8.656484E+01   2.776698E+01
   8.656557E+01   2.776411E+01
   8.656646E+01   2.776223E+01
   8.656832E+01   2.776090E+01
   8.657022E+01   2.775948E+01
   8.657117E+01   2.775762E+01
   8.657262E+01   2.775472E+01
   8.657080E+01   2.775327E+01
   8.656904E+01   2.775204E+01
   8.656709E+01   2.775105E+01
   8.656516E+01   2.775040E+01
   8.656389E+01   2.775014E+01
   8.656262E+01   2.774821E+01
   8.656313E+01   2.774563E+01
   8.656098E+01   2.774248E+01
   8.655812E+01   2.773856E+01
   8.655740E+01   2.773548E+01
   8.655613E+01   2.773158E+01
   8.655686E+01   2.772890E+01
   8.655423E+01   2.772414E+01
   8.655379E+01   2.772230E+01
   8.655385E+01   2.772165E+01
   8.655257E+01   2.771892E+01
   8.655094E+01   2.771669E+01
   8.655134E+01   2.771231E+01
   8.654865E+01   2.770980E+01
   8.654588E+01   2.770685E+01
   8.654151E+01   2.770361E+01
   8.653991E+01   2.770111E+01
   8.653896E+01   2.769785E+01
   8.654064E+01   2.769294E+01
   8.653884E+01   2.768917E+01
   8.653910E+01   2.768506E+01
   8.653701E+01   2.767981E+01
   8.653655E+01   2.767831E+01
   8.653808E+01   2.767294E+01
   8.653736E+01   2.766995E+01
   8.653426E+01   2.766636E+01
   8.653288E+01   2.766295E+01
   8.652919E+01   2.766208E+01
   8.652698E+01   2.766031E+01
   8.652852E+01   2.765711E+01
   8.652802E+01   2.765412E+01
   8.652650E+01   2.765257E+01
   8.652523E+01   2.765015E+01
   8.652199E+01   2.764949E+01
   8.651745E+01   2.764712E+01
   8.651384E+01   2.764837E+01
   8.651286E+01   2.764737E+01
   8.651125E+01   2.764256E+01
   8.650753E+01   2.764107E+01
   8.650676E+01   2.763863E+01
   8.650585E+01   2.763515E+01
   8.650395E+01   2.763320E+01
   8.650381E+01   2.762950E+01
   8.650058E+01   2.762540E+01
   8.650001E+01   2.762104E+01
   8.649534E+01   2.761897E+01
   8.649359E+01   2.761600E+01
   8.649236E+01   2.761387E+01
   8.648921E+01   2.761544E+01
   8.648575E+01   2.761685E+01
   8.648267E+01   2.761735E+01
   8.647907E+01   2.761681E+01
   8.647648E+01   2.761596E+01
   8.647520E+01   2.761632E+01
   8.647174E+01   2.761723E+01
   8.646710E+01   2.761629E+01
   8.646465E+01   2.761612E+01
   8.646182E+01   2.761569E+01
   8.646015E+01   2.761529E+01
   8.645783E+01   2.761508E+01
   8.645397E+01   2.761401E+01
   8.644946E+01   2.761333E+01
   8.644727E+01   2.761304E+01
   8.644572E+01   2.761218E+01
   8.644147E+01   2.761138E+01
   8.643697E+01   2.761104E+01
   8.643409E+01   2.760992E+01
   8.643261E+01   2.760795E+01
   8.643174E+01   2.760681E+01
   8.643056E+01   2.760487E+01
   8.642902E+01   2.760446E+01
   8.642738E+01   2.760344E+01
   8.642454E+01   2.760213E+01
   8.642130E+01   2.759968E+01
   8.642004E+01   2.759881E+01
   8.641938E+01   2.759686E+01
   8.641809E+01   2.759274E+01
   8.641743E+01   2.759091E+01
   8.641526E+01   2.758879E+01
   8.641331E+01   2.758693E+01
   8.641182E+01   2.758695E+01
   8.640924E+01   2.758632E+01
   8.640845E+01   2.758491E+01
   8.640729E+01   2.758473E+01
   8.640403E+01   2.758465E+01
   8.640223E+01   2.758421E+01
   8.639875E+01   2.758359E+01
   8.639724E+01   2.758265E+01
   8.639532E+01   2.758034E+01
   8.639389E+01   2.757882E+01
   8.639302E+01   2.757780E+01
   8.639090E+01   2.757617E+01
   8.638922E+01   2.757531E+01
   8.638856E+01   2.757348E+01
   8.638709E+01   2.757250E+01
   8.638232E+01   2.757193E+01
   8.638013E+01   2.757130E+01
   8.637784E+01   2.756926E+01
   8.637741E+01   2.756903E+01
   8.637558E+01   2.756676E+01
   8.637302E+01   2.756357E+01
   8.637167E+01   2.756235E+01
   8.637128E+01   2.756175E+01
   8.636975E+01   2.755943E+01
   8.636861E+01   2.755657E+01
   8.636906E+01   2.755473E+01
   8.637053E+01   2.755238E+01
   8.636991E+01   2.755086E+01
   8.636908E+01   2.754922E+01
   8.636688E+01   2.754813E+01
   8.636412E+01   2.754617E+01
   8.636299E+01   2.754499E+01
   8.636061E+01   2.754276E+01
   8.635822E+01   2.753945E+01
   8.635830E+01   2.753532E+01
   8.635752E+01   2.753384E+01
   8.635725E+01   2.753323E+01
   8.635732E+01   2.753189E+01
   8.635751E+01   2.752974E+01
   8.635637E+01   2.752715E+01
   8.635577E+01   2.752607E+01
   8.635519E+01   2.752590E+01
   8.635474E+01   2.752453E+01
   8.635180E+01   2.752418E+01
   8.634998E+01   2.752408E+01
   8.634865E+01   2.752345E+01
   8.634678E+01   2.752312E+01
   8.634583E+01   2.752314E+01
   8.634297E+01   2.752239E+01
   8.634011E+01   2.752080E+01
   8.633918E+01   2.752020E+01
   8.633796E+01   2.751957E+01
   8.633694E+01   2.751837E+01
   8.633564E+01   2.751681E+01
   8.633516E+01   2.751570E+01
   8.633424E+01   2.751575E+01
   8.633349E+01   2.751340E+01
   8.633288E+01   2.751229E+01
   8.633318E+01   2.751101E+01
   8.633136E+01   2.751002E+01
   8.633001E+01   2.750999E+01
   8.632889E+01   2.750696E+01
   8.632773E+01   2.750647E+01
   8.632638E+01   2.750535E+01
   8.632572E+01   2.750364E+01
   8.632509E+01   2.750189E+01
   8.632461E+01   2.749978E+01
   8.632312E+01   2.749928E+01
   8.632160E+01   2.749955E+01
   8.631890E+01   2.749881E+01
   8.631836E+01   2.749811E+01
   8.631755E+01   2.749675E+01
   8.631709E+01   2.749478E+01
   8.631581E+01   2.749305E+01
   8.631398E+01   2.749198E+01
   8.631290E+01   2.749165E+01
   8.631285E+01   2.749006E+01
   8.631083E+01   2.748979E+01
   8.630991E+01   2.748880E+01
   8.630876E+01   2.748738E+01
   8.630777E+01   2.748653E+01
   8.630649E+01   2.748587E+01
   8.630584E+01   2.748497E+01
   8.630529E+01   2.748310E+01
   8.630347E+01   2.748250E+01
   8.630147E+01   2.748214E+01
   8.629951E+01   2.748084E+01
   8.629756E+01   2.747997E+01
   8.629544E+01   2.747959E+01
   8.629468E+01   2.747847E+01
   8.629442E+01   2.747748E+01
   8.629274E+01   2.747696E+01
   8.629276E+01   2.747524E+01
   8.629224E+01   2.747413E+01
   8.629176E+01   2.747240E+01
   8.629202E+01   2.747156E+01
   8.629217E+01   2.747046E+01
   8.629100E+01   2.746997E+01
   8.628938E+01   2.746867E+01
   8.628750E+01   2.746810E+01
   8.628510E+01   2.746666E+01
   8.628270E+01   2.746641E+01
   8.628185E+01   2.746583E+01
   8.628116E+01   2.746471E+01
   8.628013E+01   2.746474E+01
   8.627920E+01   2.746496E+01
   8.627714E+01   2.746470E+01
   8.627532E+01   2.746326E+01
   8.627246E+01   2.746192E+01
   8.627200E+01   2.746118E+01
   8.627000E+01   2.746036E+01
   8.626836E+01   2.745961E+01
   8.626722E+01   2.745945E+01
   8.626573E+01   2.745731E+01
   8.626406E+01   2.745695E+01
   8.626349E+01   2.745568E+01
   8.626262E+01   2.745469E+01
   8.626171E+01   2.745342E+01
   8.626083E+01   2.745170E+01
   8.625995E+01   2.744952E+01
   8.625873E+01   2.744790E+01
   8.625718E+01   2.744555E+01
   8.625657E+01   2.744354E+01
   8.625572E+01   2.744200E+01
   8.625411E+01   2.744096E+01
   8.625412E+01   2.744036E+01
   8.625605E+01   2.743976E+01
   8.625614E+01   2.743884E+01
   8.625655E+01   2.743676E+01
   8.625476E+01   2.743510E+01
   8.625251E+01   2.743381E+01
   8.625099E+01   2.743273E+01
   8.625204E+01   2.742987E+01
   8.625212E+01   2.742801E+01
   8.624991E+01   2.742685E+01
   8.624833E+01   2.742537E+01
   8.624811E+01   2.742262E+01
   8.624793E+01   2.742029E+01
   8.624587E+01   2.741908E+01
   8.624465E+01   2.742016E+01
   8.624220E+01   2.741930E+01
   8.624063E+01   2.741767E+01
   8.624044E+01   2.741560E+01
   8.623823E+01   2.741391E+01
   8.623747E+01   2.741224E+01
   8.623750E+01   2.740957E+01
   8.623542E+01   2.740884E+01
   8.623428E+01   2.740790E+01
   8.623636E+01   2.740614E+01
   8.623620E+01   2.740397E+01
   8.623430E+01   2.740338E+01
   8.623141E+01   2.740161E+01
   8.623104E+01   2.739964E+01
   8.622888E+01   2.739911E+01
   8.622758E+01   2.739824E+01
   8.622786E+01   2.739591E+01
   8.622663E+01   2.739272E+01
   8.622762E+01   2.739124E+01
   8.622734E+01   2.738928E+01
   8.622585E+01   2.738804E+01
   8.622477E+01   2.738759E+01
   8.622541E+01   2.738629E+01
   8.622600E+01   2.738460E+01
   8.622512E+01   2.738358E+01
   8.622423E+01   2.738296E+01
   8.622248E+01   2.738292E+01
   8.622184E+01   2.738252E+01
   8.622238E+01   2.738102E+01
   8.622354E+01   2.737884E+01
   8.622386E+01   2.737722E+01
   8.622388E+01   2.737457E+01
   8.622472E+01   2.737181E+01
   8.622446E+01   2.736978E+01
   8.622297E+01   2.736813E+01
   8.622248E+01   2.736611E+01
   8.621912E+01   2.736131E+01
   8.622104E+01   2.736069E+01
   8.622112E+01   2.735811E+01
   8.621993E+01   2.735589E+01
   8.621702E+01   2.735355E+01
   8.621740E+01   2.735223E+01
   8.621829E+01   2.734979E+01
   8.621729E+01   2.734417E+01
   8.621668E+01   2.734140E+01
   8.621790E+01   2.734073E+01
   8.621765E+01   2.734021E+01
   8.621684E+01   2.733927E+01
   8.621747E+01   2.733834E+01
   8.621798E+01   2.733615E+01
   8.621566E+01   2.733392E+01
   8.621565E+01   2.733331E+01
   8.621667E+01   2.733179E+01
   8.621732E+01   2.732867E+01
   8.621847E+01   2.732795E+01
   8.622182E+01   2.732772E+01
   8.622223E+01   2.732676E+01
   8.621885E+01   2.732406E+01
   8.621920E+01   2.732206E+01
   8.622256E+01   2.732062E+01
   8.622539E+01   2.732076E+01
   8.622890E+01   2.731973E+01
   8.622862E+01   2.731683E+01
   8.622926E+01   2.731477E+01
   8.623058E+01   2.731503E+01
   8.623139E+01   2.731374E+01
   8.623318E+01   2.730965E+01
   8.623488E+01   2.730681E+01
   8.623692E+01   2.730638E+01
   8.623708E+01   2.730496E+01
   8.623785E+01   2.730302E+01
   8.623676E+01   2.730110E+01
   8.623588E+01   2.729914E+01
   8.623602E+01   2.729465E+01
   8.623752E+01   2.729160E+01
   8.623945E+01   2.729035E+01
   8.624102E+01   2.728916E+01
   8.623979E+01   2.728854E+01
   8.623605E+01   2.728663E+01
   8.623260E+01   2.728475E+01
   8.623146E+01   2.728178E+01
   8.622901E+01   2.728082E+01
   8.622622E+01   2.727733E+01
   8.622415E+01   2.727756E+01
   8.622335E+01   2.727666E+01
   8.622268E+01   2.727384E+01
   8.621896E+01   2.727277E+01
   8.621871E+01   2.727059E+01
   8.621615E+01   2.726781E+01
   8.621451E+01   2.726847E+01
   8.621360E+01   2.726808E+01
   8.621277E+01   2.726604E+01
   8.621132E+01   2.726375E+01
   8.621138E+01   2.726178E+01
   8.621086E+01   2.726048E+01
   8.620565E+01   2.725622E+01
   8.620431E+01   2.725374E+01
   8.620542E+01   2.725285E+01
   8.620460E+01   2.725081E+01
   8.620426E+01   2.725035E+01
   8.629793E+01   2.723839E+01
   8.630442E+01   2.723759E+01
   8.630735E+01   2.723470E+01
   8.631278E+01   2.723257E+01
   8.632011E+01   2.723089E+01
   8.632849E+01   2.723001E+01
   8.633706E+01   2.722995E+01
   8.634258E+01   2.722768E+01
   8.634097E+01   2.722519E+01
   8.634225E+01   2.721784E+01
   8.633993E+01   2.721018E+01
   8.634322E+01   2.720262E+01
   8.634808E+01   2.720136E+01
   8.635676E+01   2.720152E+01
   8.636334E+01   2.719605E+01
   8.637453E+01   2.719353E+01
   8.638060E+01   2.719090E+01
   8.638384E+01   2.718135E+01
   8.638936E+01   2.717952E+01
   8.638817E+01   2.717859E+01
   8.638707E+01   2.717720E+01
   8.638489E+01   2.717623E+01
   8.638441E+01   2.717534E+01
   8.638454E+01   2.717383E+01
   8.638450E+01   2.717285E+01
   8.638385E+01   2.717311E+01
   8.638309E+01   2.717337E+01
   8.638282E+01   2.717206E+01
   8.638231E+01   2.717092E+01
   8.638118E+01   2.716952E+01
   8.638011E+01   2.716718E+01
   8.637806E+01   2.716534E+01
   8.637833E+01   2.716472E+01
   8.637936E+01   2.716405E+01
   8.637819E+01   2.716318E+01
   8.637745E+01   2.716168E+01
   8.637681E+01   2.716111E+01
   8.637582E+01   2.716150E+01
   8.637522E+01   2.716061E+01
   8.637350E+01   2.715809E+01
   8.637351E+01   2.715678E+01
   8.637376E+01   2.715548E+01
   8.637221E+01   2.715323E+01
   8.637007E+01   2.715141E+01
   8.637105E+01   2.715051E+01
   8.637214E+01   2.714932E+01
   8.637350E+01   2.714804E+01
   8.637245E+01   2.714693E+01
   8.637165E+01   2.714737E+01
   8.637017E+01   2.714663E+01
   8.636945E+01   2.714502E+01
   8.636828E+01   2.714406E+01
   8.636791E+01   2.714255E+01
   8.636787E+01   2.714045E+01
   8.636695E+01   2.713997E+01
   8.636627E+01   2.714092E+01
   8.636536E+01   2.714149E+01
   8.636453E+01   2.714151E+01
   8.636327E+01   2.714218E+01
   8.636237E+01   2.714146E+01
   8.636222E+01   2.714062E+01
   8.636154E+01   2.713974E+01
   8.636045E+01   2.713947E+01
   8.635968E+01   2.713898E+01
   8.635870E+01   2.713909E+01
   8.635814E+01   2.713933E+01
   8.635813E+01   2.713983E+01
   8.635835E+01   2.714050E+01
   8.635787E+01   2.714096E+01
   8.635789E+01   2.714134E+01
   8.635796E+01   2.714174E+01
   8.635733E+01   2.714202E+01
   8.635739E+01   2.714238E+01
   8.635719E+01   2.714262E+01
   8.635662E+01   2.714252E+01
   8.635589E+01   2.714296E+01
   8.635517E+01   2.714313E+01
   8.635420E+01   2.714279E+01
   8.635330E+01   2.714355E+01
   8.635266E+01   2.714342E+01
   8.635206E+01   2.714315E+01
   8.635138E+01   2.714339E+01
   8.635094E+01   2.714273E+01
   8.635044E+01   2.714283E+01
   8.634993E+01   2.714346E+01
   8.634857E+01   2.714358E+01
   8.634780E+01   2.714345E+01
   8.634655E+01   2.714401E+01
   8.634544E+01   2.714393E+01
   8.634472E+01   2.714363E+01
   8.634452E+01   2.714426E+01
   8.634460E+01   2.714505E+01
   8.634412E+01   2.714545E+01
   8.634434E+01   2.714598E+01
   8.634406E+01   2.714658E+01
   8.634325E+01   2.714695E+01
   8.634226E+01   2.714675E+01
   8.634163E+01   2.714585E+01
   8.634104E+01   2.714510E+01
   8.634087E+01   2.714470E+01
   8.634123E+01   2.714420E+01
   8.634138E+01   2.714294E+01
   8.634131E+01   2.714237E+01
   8.634097E+01   2.714122E+01
   8.633983E+01   2.714032E+01
   8.633931E+01   2.713986E+01
   8.633837E+01   2.713895E+01
   8.633732E+01   2.713845E+01
   8.633667E+01   2.713844E+01
   8.633656E+01   2.713770E+01
   8.633628E+01   2.713633E+01
   8.633688E+01   2.713587E+01
   8.633813E+01   2.713605E+01
   8.633834E+01   2.713563E+01
   8.633770E+01   2.713482E+01
   8.633757E+01   2.713441E+01
   8.633772E+01   2.713379E+01
   8.633716E+01   2.713362E+01
   8.633637E+01   2.713408E+01
   8.633571E+01   2.713432E+01
   8.633509E+01   2.713420E+01
   8.633495E+01   2.713366E+01
   8.633539E+01   2.713331E+01
   8.633576E+01   2.713315E+01
   8.633588E+01   2.713248E+01
   8.633576E+01   2.713135E+01
   8.633490E+01   2.713067E+01
   8.633421E+01   2.713051E+01
   8.633435E+01   2.713012E+01
   8.633470E+01   2.712982E+01
   8.633530E+01   2.712930E+01
   8.633597E+01   2.712948E+01
   8.633646E+01   2.712926E+01
   8.633636E+01   2.712903E+01
   8.633515E+01   2.712836E+01
   8.633470E+01   2.712803E+01
   8.633531E+01   2.712769E+01
   8.633568E+01   2.712791E+01
   8.633649E+01   2.712784E+01
   8.633645E+01   2.712751E+01
   8.633649E+01   2.712633E+01
   8.633561E+01   2.712662E+01
   8.633480E+01   2.712649E+01
   8.633465E+01   2.712516E+01
   8.633411E+01   2.712441E+01
   8.633350E+01   2.712372E+01
   8.633370E+01   2.712299E+01
   8.633374E+01   2.712192E+01
   8.633329E+01   2.712166E+01
   8.633272E+01   2.712179E+01
   8.633191E+01   2.712113E+01
   8.633161E+01   2.711993E+01
   8.633156E+01   2.711852E+01
   8.633098E+01   2.711770E+01
   8.633098E+01   2.711714E+01
   8.633000E+01   2.711683E+01
   8.632935E+01   2.711612E+01
   8.632855E+01   2.711537E+01
   8.632881E+01   2.711423E+01
   8.632810E+01   2.711401E+01
   8.632711E+01   2.711296E+01
   8.632661E+01   2.711273E+01
   8.632654E+01   2.711212E+01
   8.632665E+01   2.711143E+01
   8.632599E+01   2.711046E+01
   8.632494E+01   2.711027E+01
   8.632392E+01   2.711013E+01
   8.632327E+01   2.711045E+01
   8.632231E+01   2.711050E+01
   8.632161E+01   2.711026E+01
   8.632064E+01   2.711082E+01
   8.631892E+01   2.711042E+01
   8.631784E+01   2.711051E+01
   8.631732E+01   2.711073E+01
   8.631649E+01   2.711059E+01
   8.631566E+01   2.711081E+01
   8.631457E+01   2.711074E+01
   8.631368E+01   2.711098E+01
   8.631291E+01   2.711091E+01
   8.631207E+01   2.711006E+01
   8.631120E+01   2.710961E+01
   8.630960E+01   2.710981E+01
   8.630788E+01   2.710988E+01
   8.630674E+01   2.710928E+01
   8.630649E+01   2.710836E+01
   8.630734E+01   2.710768E+01
   8.630790E+01   2.710726E+01
   8.630836E+01   2.710637E+01
   8.630922E+01   2.710571E+01
   8.630981E+01   2.710478E+01
   8.631048E+01   2.710434E+01
   8.631095E+01   2.710322E+01
   8.631176E+01   2.710315E+01
   8.631306E+01   2.710274E+01
   8.631383E+01   2.710288E+01
   8.631485E+01   2.710272E+01
   8.631574E+01   2.710229E+01
   8.631701E+01   2.710227E+01
   8.631783E+01   2.710182E+01
   8.631850E+01   2.710133E+01
   8.631970E+01   2.710090E+01
   8.632107E+01   2.710065E+01
   8.632195E+01   2.710012E+01
   8.632260E+01   2.709938E+01
   8.632436E+01   2.709908E+01
   8.632503E+01   2.709948E+01
   8.632585E+01   2.709993E+01
   8.632735E+01   2.710060E+01
   8.632846E+01   2.710049E+01
   8.632966E+01   2.710030E+01
   8.633128E+01   2.710005E+01
   8.633222E+01   2.710002E+01
   8.633272E+01   2.710041E+01
   8.633359E+01   2.710082E+01
   8.633430E+01   2.710137E+01
   8.633493E+01   2.710235E+01
   8.633541E+01   2.710261E+01
   8.633643E+01   2.710299E+01
   8.633722E+01   2.710376E+01
   8.633880E+01   2.710512E+01
   8.633956E+01   2.710544E+01
   8.634027E+01   2.710648E+01
   8.634178E+01   2.710652E+01
   8.634263E+01   2.710632E+01
   8.634366E+01   2.710595E+01
   8.634443E+01   2.710581E+01
   8.634587E+01   2.710612E+01
   8.634697E+01   2.710619E+01
   8.634817E+01   2.710630E+01
   8.634898E+01   2.710568E+01
   8.634959E+01   2.710508E+01
   8.635102E+01   2.710504E+01
   8.635170E+01   2.710484E+01
   8.635247E+01   2.710467E+01
   8.635375E+01   2.710454E+01
   8.635532E+01   2.710412E+01
   8.635588E+01   2.710370E+01
   8.635602E+01   2.710269E+01
   8.635569E+01   2.710070E+01
   8.635642E+01   2.710019E+01
   8.635683E+01   2.709985E+01
   8.635807E+01   2.709929E+01
   8.635879E+01   2.709961E+01
   8.636038E+01   2.710003E+01
   8.636140E+01   2.709991E+01
   8.636225E+01   2.709998E+01
   8.636230E+01   2.709916E+01
   8.636102E+01   2.709826E+01
   8.636022E+01   2.709748E+01
   8.635977E+01   2.709671E+01
   8.635950E+01   2.709602E+01
   8.635847E+01   2.709518E+01
   8.635679E+01   2.709396E+01
   8.635780E+01   2.709303E+01
   8.635849E+01   2.709243E+01
   8.635861E+01   2.709159E+01
   8.635780E+01   2.709041E+01
   8.635753E+01   2.708974E+01
   8.635800E+01   2.708768E+01
   8.635806E+01   2.708645E+01
   8.635795E+01   2.708530E+01
   8.635798E+01   2.708354E+01
   8.635750E+01   2.708289E+01
   8.635635E+01   2.708153E+01
   8.635584E+01   2.708168E+01
   8.635514E+01   2.708171E+01
   8.635519E+01   2.708085E+01
   8.635512E+01   2.708031E+01
   8.635444E+01   2.707887E+01
   8.635437E+01   2.707772E+01
   8.635395E+01   2.707727E+01
   8.635347E+01   2.707704E+01
   8.635335E+01   2.707640E+01
   8.635425E+01   2.707580E+01
   8.635506E+01   2.707555E+01
   8.635447E+01   2.707523E+01
   8.635390E+01   2.707511E+01
   8.635327E+01   2.707472E+01
   8.635256E+01   2.707500E+01
   8.635202E+01   2.707410E+01
   8.635140E+01   2.707388E+01
   8.635119E+01   2.707334E+01
   8.635141E+01   2.707274E+01
   8.635133E+01   2.707236E+01
   8.635060E+01   2.707168E+01
   8.635092E+01   2.707058E+01
   8.635086E+01   2.706982E+01
   8.634963E+01   2.706959E+01
   8.634896E+01   2.707026E+01
   8.634796E+01   2.707059E+01
   8.634685E+01   2.707067E+01
   8.634692E+01   2.707002E+01
   8.634674E+01   2.706950E+01
   8.634665E+01   2.706877E+01
   8.634575E+01   2.706830E+01
   8.634566E+01   2.706736E+01
   8.634587E+01   2.706686E+01
   8.634612E+01   2.706590E+01
   8.634602E+01   2.706522E+01
   8.634660E+01   2.706493E+01
   8.634728E+01   2.706503E+01
   8.634793E+01   2.706456E+01
   8.634922E+01   2.706534E+01
   8.634981E+01   2.706666E+01
   8.635058E+01   2.706695E+01
   8.635087E+01   2.706605E+01
   8.635025E+01   2.706326E+01
   8.635112E+01   2.706176E+01
   8.635299E+01   2.706064E+01
   8.635592E+01   2.705915E+01
   8.635778E+01   2.705800E+01
   8.635908E+01   2.705659E+01
   8.636065E+01   2.705481E+01
   8.636246E+01   2.705456E+01
   8.636312E+01   2.705444E+01
   8.636342E+01   2.705309E+01
   8.636358E+01   2.705061E+01
   8.636400E+01   2.704871E+01
   8.636418E+01   2.704692E+01
   8.636395E+01   2.704556E+01
   8.636355E+01   2.704424E+01
   8.636357E+01   2.704297E+01
   8.636403E+01   2.704264E+01
   8.636510E+01   2.704084E+01
   8.636594E+01   2.703969E+01
   8.636645E+01   2.703834E+01
   8.636764E+01   2.703716E+01
   8.636865E+01   2.703691E+01
   8.636954E+01   2.703717E+01
   8.637087E+01   2.703717E+01
   8.637156E+01   2.703672E+01
   8.637406E+01   2.703568E+01
   8.637589E+01   2.703479E+01
   8.637630E+01   2.703507E+01
   8.637895E+01   2.703473E+01
   8.637955E+01   2.703430E+01
   8.638171E+01   2.703237E+01
   8.638228E+01   2.703056E+01
   8.638178E+01   2.702998E+01
   8.638105E+01   2.703039E+01
   8.637968E+01   2.703150E+01
   8.637934E+01   2.703028E+01
   8.637751E+01   2.702776E+01
   8.637629E+01   2.702624E+01
   8.637403E+01   2.702354E+01
   8.637460E+01   2.702179E+01
   8.637375E+01   2.701953E+01
   8.637260E+01   2.701473E+01
   8.637231E+01   2.701151E+01
   8.637361E+01   2.700897E+01
   8.637470E+01   2.700599E+01
   8.637379E+01   2.700310E+01
   8.637114E+01   2.700014E+01
   8.636926E+01   2.699687E+01
   8.636745E+01   2.699112E+01
   8.636616E+01   2.698046E+01
   8.636643E+01   2.697346E+01
   8.636276E+01   2.696867E+01
   8.636018E+01   2.696582E+01
   8.635158E+01   2.696250E+01
   8.633945E+01   2.696420E+01
   8.632681E+01   2.696896E+01
   8.632263E+01   2.696810E+01
   8.631922E+01   2.696551E+01
   8.631736E+01   2.696529E+01
   8.631447E+01   2.696340E+01
   8.631332E+01   2.696333E+01
   8.631044E+01   2.696137E+01
   8.630714E+01   2.696094E+01
   8.630368E+01   2.695926E+01
   8.629953E+01   2.695686E+01
   8.629753E+01   2.695489E+01
   8.628177E+01   2.694558E+01
   8.627770E+01   2.693707E+01
   8.627244E+01   2.693052E+01
   8.626111E+01   2.692394E+01
   8.626026E+01   2.691640E+01
   8.625964E+01   2.691162E+01
   8.625643E+01   2.690968E+01
   8.625067E+01   2.691099E+01
   8.624615E+01   2.691522E+01
   8.624377E+01   2.690986E+01
   8.618683E+01   2.691702E+01
   8.614413E+01   2.691590E+01
   8.614874E+01   2.678818E+01
   8.619897E+01   2.669921E+01
   8.616004E+01   2.663675E+01
   8.615664E+01   2.661289E+01
   8.616795E+01   2.661389E+01
   8.617159E+01   2.661700E+01
   8.617413E+01   2.661389E+01
   8.617601E+01   2.661554E+01
   8.618295E+01   2.661393E+01
   8.618938E+01   2.661534E+01
   8.619339E+01   2.661421E+01
   8.619105E+01   2.661328E+01
   8.619575E+01   2.660921E+01
   8.619708E+01   2.659446E+01
   8.620538E+01   2.659732E+01
   8.621286E+01   2.659354E+01
   8.623364E+01   2.659095E+01
   8.623830E+01   2.660147E+01
   8.624245E+01   2.660960E+01
   8.624798E+01   2.661333E+01
   8.626523E+01   2.661610E+01
   8.630616E+01   2.662017E+01
   8.633306E+01   2.661912E+01
   8.633885E+01   2.660976E+01
   8.637201E+01   2.659987E+01
   8.639489E+01   2.658515E+01
   8.641320E+01   2.657890E+01
   8.642906E+01   2.657329E+01
   8.645589E+01   2.656762E+01
   8.649601E+01   2.654281E+01
   8.652037E+01   2.654429E+01
   8.653724E+01   2.653878E+01
   8.655115E+01   2.652502E+01
   8.656251E+01   2.650780E+01
   8.656939E+01   2.649615E+01
   8.658576E+01   2.649366E+01
   8.661056E+01   2.648841E+01
   8.661953E+01   2.648377E+01
   8.662445E+01   2.647358E+01
   8.662950E+01   2.646831E+01
   8.663612E+01   2.646596E+01
   8.668092E+01   2.645325E+01
   8.669509E+01   2.644954E+01
   8.670312E+01   2.643716E+01
   8.673702E+01   2.642320E+01
   8.675000E+01   2.643000E+01
   8.675667E+01   2.644361E+01
   8.677333E+01   2.645139E+01
   8.678528E+01   2.644972E+01
   8.680194E+01   2.644528E+01
   8.681722E+01   2.643917E+01
   8.683250E+01   2.644167E+01
   8.684556E+01   2.645139E+01
   8.686306E+01   2.645833E+01
   8.687861E+01   2.646639E+01
   8.689250E+01   2.647556E+01
   8.689583E+01   2.649167E+01
   8.690444E+01   2.650417E+01
   8.692750E+01   2.651333E+01
   8.693762E+01   2.651835E+01
   8.695204E+01   2.662740E+01
   8.702830E+01   2.671520E+01
   8.716455E+01   2.686369E+01
   8.716573E+01   2.691438E+01
   8.699525E+01   2.688851E+01
   8.697690E+01   2.693391E+01
   8.695559E+01   2.708738E+01
   8.692362E+01   2.716377E+01
   8.690823E+01   2.725537E+01
   8.697868E+01   2.730167E+01
   8.692718E+01   2.737371E+01
