   8.310723E+01   2.863236E+01
   8.310663E+01   2.863248E+01
   8.310567E+01   2.863286E+01
   8.310448E+01   2.863335E+01
   8.310370E+01   2.863333E+01
   8.310312E+01   2.863332E+01
   8.310260E+01   2.863352E+01
   8.310227E+01   2.863384E+01
   8.310209E+01   2.863423E+01
   8.310130E+01   2.863446E+01
   8.310084E+01   2.863432E+01
   8.310037E+01   2.863388E+01
   8.309994E+01   2.863383E+01
   8.309948E+01   2.863417E+01
   8.309891E+01   2.863460E+01
   8.309820E+01   2.863493E+01
   8.309760E+01   2.863533E+01
   8.309708E+01   2.863522E+01
   8.309659E+01   2.863528E+01
   8.309609E+01   2.863544E+01
   8.309588E+01   2.863531E+01
   8.309566E+01   2.863473E+01
   8.309532E+01   2.863447E+01
   8.309503E+01   2.863456E+01
   8.309487E+01   2.863482E+01
   8.309443E+01   2.863488E+01
   8.309363E+01   2.863433E+01
   8.309293E+01   2.863387E+01
   8.309228E+01   2.863379E+01
   8.309181E+01   2.863399E+01
   8.309131E+01   2.863426E+01
   8.309100E+01   2.863423E+01
   8.309041E+01   2.863385E+01
   8.308991E+01   2.863336E+01
   8.308963E+01   2.863266E+01
   8.308918E+01   2.863235E+01
   8.308853E+01   2.863232E+01
   8.308791E+01   2.863238E+01
   8.308665E+01   2.863177E+01
   8.308590E+01   2.863118E+01
   8.308512E+01   2.863080E+01
   8.308437E+01   2.863069E+01
   8.308378E+01   2.863005E+01
   8.308330E+01   2.862907E+01
   8.308295E+01   2.862830E+01
   8.308288E+01   2.862771E+01
   8.308211E+01   2.862691E+01
   8.308143E+01   2.862586E+01
   8.308073E+01   2.862565E+01
   8.307952E+01   2.862516E+01
   8.307891E+01   2.862511E+01
   8.307838E+01   2.862466E+01
   8.307783E+01   2.862458E+01
   8.307717E+01   2.862442E+01
   8.307642E+01   2.862449E+01
   8.307561E+01   2.862438E+01
   8.307526E+01   2.862392E+01
   8.307496E+01   2.862335E+01
   8.307452E+01   2.862343E+01
   8.307379E+01   2.862352E+01
   8.307297E+01   2.862368E+01
   8.307247E+01   2.862359E+01
   8.307223E+01   2.862293E+01
   8.307179E+01   2.862261E+01
   8.307068E+01   2.862268E+01
   8.307001E+01   2.862293E+01
   8.306949E+01   2.862325E+01
   8.306909E+01   2.862348E+01
   8.306853E+01   2.862348E+01
   8.306796E+01   2.862372E+01
   8.306728E+01   2.862355E+01
   8.306614E+01   2.862276E+01
   8.306552E+01   2.862255E+01
   8.306489E+01   2.862244E+01
   8.306428E+01   2.862200E+01
   8.306382E+01   2.862194E+01
   8.306332E+01   2.862206E+01
   8.306261E+01   2.862174E+01
   8.306183E+01   2.862163E+01
   8.306113E+01   2.862113E+01
   8.306023E+01   2.862086E+01
   8.305937E+01   2.862089E+01
   8.305854E+01   2.862054E+01
   8.305775E+01   2.861988E+01
   8.305722E+01   2.861953E+01
   8.305649E+01   2.861991E+01
   8.305589E+01   2.862068E+01
   8.305464E+01   2.862130E+01
   8.305355E+01   2.862237E+01
   8.305335E+01   2.862294E+01
   8.305293E+01   2.862338E+01
   8.305277E+01   2.862376E+01
   8.305232E+01   2.862459E+01
   8.305155E+01   2.862527E+01
   8.305043E+01   2.862561E+01
   8.305009E+01   2.862614E+01
   8.304948E+01   2.862677E+01
   8.304884E+01   2.862714E+01
   8.304819E+01   2.862729E+01
   8.304744E+01   2.862727E+01
   8.304685E+01   2.862795E+01
   8.304605E+01   2.862865E+01
   8.304473E+01   2.862901E+01
   8.304375E+01   2.862937E+01
   8.304352E+01   2.862966E+01
   8.304317E+01   2.863000E+01
   8.304203E+01   2.862954E+01
   8.304111E+01   2.862936E+01
   8.304042E+01   2.862910E+01
   8.303979E+01   2.862904E+01
   8.303925E+01   2.862836E+01
   8.303863E+01   2.862768E+01
   8.303805E+01   2.862727E+01
   8.303718E+01   2.862644E+01
   8.303631E+01   2.862630E+01
   8.303586E+01   2.862589E+01
   8.303534E+01   2.862575E+01
   8.303478E+01   2.862555E+01
   8.303413E+01   2.862538E+01
   8.303323E+01   2.862560E+01
   8.303241E+01   2.862584E+01
   8.303123E+01   2.862568E+01
   8.302938E+01   2.862552E+01
   8.302851E+01   2.862588E+01
   8.302756E+01   2.862598E+01
   8.302711E+01   2.862623E+01
   8.302659E+01   2.862651E+01
   8.302556E+01   2.862663E+01
   8.302490E+01   2.862625E+01
   8.302434E+01   2.862600E+01
   8.302368E+01   2.862595E+01
   8.302291E+01   2.862539E+01
   8.302240E+01   2.862414E+01
   8.302119E+01   2.862273E+01
   8.301984E+01   2.862126E+01
   8.301879E+01   2.862116E+01
   8.301739E+01   2.862162E+01
   8.301644E+01   2.862149E+01
   8.301555E+01   2.862173E+01
   8.301476E+01   2.862161E+01
   8.301444E+01   2.862133E+01
   8.301389E+01   2.862148E+01
   8.301315E+01   2.862204E+01
   8.301245E+01   2.862236E+01
   8.301156E+01   2.862245E+01
   8.301086E+01   2.862278E+01
   8.300957E+01   2.862350E+01
   8.300874E+01   2.862343E+01
   8.300807E+01   2.862355E+01
   8.300767E+01   2.862324E+01
   8.300701E+01   2.862302E+01
   8.300675E+01   2.862258E+01
   8.300591E+01   2.862202E+01
   8.300509E+01   2.862219E+01
   8.300448E+01   2.862281E+01
   8.300304E+01   2.862353E+01
   8.300230E+01   2.862418E+01
   8.300117E+01   2.862429E+01
   8.300073E+01   2.862382E+01
   8.300057E+01   2.862339E+01
   8.299938E+01   2.862360E+01
   8.299846E+01   2.862419E+01
   8.299769E+01   2.862430E+01
   8.299694E+01   2.862462E+01
   8.299600E+01   2.862491E+01
   8.299448E+01   2.862503E+01
   8.299407E+01   2.862552E+01
   8.299342E+01   2.862648E+01
   8.299258E+01   2.862671E+01
   8.299235E+01   2.862629E+01
   8.299166E+01   2.862615E+01
   8.299093E+01   2.862560E+01
   8.299026E+01   2.862496E+01
   8.298971E+01   2.862500E+01
   8.298935E+01   2.862546E+01
   8.298834E+01   2.862661E+01
   8.298816E+01   2.862727E+01
   8.298770E+01   2.862773E+01
   8.298714E+01   2.862810E+01
   8.298667E+01   2.862853E+01
   8.298598E+01   2.862867E+01
   8.298591E+01   2.862932E+01
   8.298529E+01   2.862951E+01
   8.298440E+01   2.862972E+01
   8.298392E+01   2.863030E+01
   8.298297E+01   2.863052E+01
   8.298212E+01   2.863070E+01
   8.298157E+01   2.863014E+01
   8.298067E+01   2.862938E+01
   8.297922E+01   2.862907E+01
   8.297764E+01   2.862911E+01
   8.297665E+01   2.862867E+01
   8.297560E+01   2.862756E+01
   8.297473E+01   2.862672E+01
   8.297387E+01   2.862616E+01
   8.297362E+01   2.862437E+01
   8.296344E+01   2.861344E+01
   8.295677E+01   2.861016E+01
   8.295586E+01   2.860523E+01
   8.295321E+01   2.859878E+01
   8.295494E+01   2.859228E+01
   8.296221E+01   2.858208E+01
   8.297470E+01   2.857475E+01
   8.298586E+01   2.857118E+01
   8.298022E+01   2.854951E+01
   8.295521E+01   2.855096E+01
   8.294473E+01   2.855749E+01
   8.294036E+01   2.856076E+01
   8.292822E+01   2.856661E+01
   8.291836E+01   2.856384E+01
   8.291537E+01   2.856211E+01
   8.291520E+01   2.855743E+01
   8.291460E+01   2.855230E+01
   8.291325E+01   2.854714E+01
   8.291147E+01   2.854280E+01
   8.291334E+01   2.853730E+01
   8.291241E+01   2.853313E+01
   8.291130E+01   2.852926E+01
   8.290847E+01   2.852325E+01
   8.287511E+01   2.851654E+01
   8.288963E+01   2.850083E+01
   8.289669E+01   2.849276E+01
   8.291110E+01   2.848133E+01
   8.290222E+01   2.847570E+01
   8.287866E+01   2.847583E+01
   8.288669E+01   2.845655E+01
   8.289609E+01   2.844691E+01
   8.290644E+01   2.844074E+01
   8.291272E+01   2.842719E+01
   8.291861E+01   2.841630E+01
   8.291671E+01   2.840307E+01
   8.292880E+01   2.840177E+01
   8.293753E+01   2.839908E+01
   8.294591E+01   2.839101E+01
   8.294870E+01   2.838128E+01
   8.295110E+01   2.837377E+01
   8.295558E+01   2.836789E+01
   8.296115E+01   2.835998E+01
   8.297343E+01   2.835862E+01
   8.299328E+01   2.835103E+01
   8.301827E+01   2.832498E+01
   8.304355E+01   2.832422E+01
   8.306870E+01   2.831161E+01
   8.307867E+01   2.829117E+01
   8.309247E+01   2.827728E+01
   8.309537E+01   2.826991E+01
   8.310138E+01   2.825563E+01
   8.312004E+01   2.825683E+01
   8.312762E+01   2.825099E+01
   8.313416E+01   2.825077E+01
   8.314118E+01   2.825805E+01
   8.315061E+01   2.826645E+01
   8.315861E+01   2.826807E+01
   8.316550E+01   2.826143E+01
   8.316998E+01   2.825902E+01
   8.317239E+01   2.826123E+01
   8.317395E+01   2.826198E+01
   8.317432E+01   2.826336E+01
   8.317654E+01   2.826437E+01
   8.317840E+01   2.826517E+01
   8.317914E+01   2.826679E+01
   8.317977E+01   2.826731E+01
   8.318023E+01   2.826862E+01
   8.318198E+01   2.826926E+01
   8.318404E+01   2.827041E+01
   8.318536E+01   2.827048E+01
   8.318803E+01   2.826730E+01
   8.319108E+01   2.826443E+01
   8.319561E+01   2.826069E+01
   8.320401E+01   2.825573E+01
   8.320622E+01   2.825160E+01
   8.321200E+01   2.824861E+01
   8.321465E+01   2.824894E+01
   8.321607E+01   2.824785E+01
   8.321680E+01   2.824311E+01
   8.322092E+01   2.823975E+01
   8.322417E+01   2.823630E+01
   8.322617E+01   2.823496E+01
   8.322579E+01   2.823270E+01
   8.323258E+01   2.822695E+01
   8.323363E+01   2.822197E+01
   8.323806E+01   2.822056E+01
   8.324137E+01   2.821971E+01
   8.324347E+01   2.821867E+01
   8.324471E+01   2.821684E+01
   8.324778E+01   2.821642E+01
   8.325097E+01   2.821473E+01
   8.325386E+01   2.821010E+01
   8.325887E+01   2.820403E+01
   8.325898E+01   2.820021E+01
   8.326511E+01   2.819967E+01
   8.327083E+01   2.819504E+01
   8.327055E+01   2.819137E+01
   8.327321E+01   2.818919E+01
   8.327637E+01   2.818923E+01
   8.327993E+01   2.818968E+01
   8.328663E+01   2.819225E+01
   8.329183E+01   2.819297E+01
   8.329559E+01   2.819319E+01
   8.329990E+01   2.819523E+01
   8.330349E+01   2.819651E+01
   8.330486E+01   2.819768E+01
   8.330867E+01   2.819685E+01
   8.331142E+01   2.819355E+01
   8.331396E+01   2.819298E+01
   8.331618E+01   2.819007E+01
   8.331883E+01   2.819082E+01
   8.332498E+01   2.819039E+01
   8.333250E+01   2.818968E+01
   8.333461E+01   2.819021E+01
   8.333774E+01   2.818979E+01
   8.334195E+01   2.819223E+01
   8.334474E+01   2.819365E+01
   8.334716E+01   2.819343E+01
   8.335002E+01   2.819439E+01
   8.335273E+01   2.819807E+01
   8.335528E+01   2.819629E+01
   8.335717E+01   2.819566E+01
   8.336247E+01   2.819075E+01
   8.336497E+01   2.818517E+01
   8.336993E+01   2.818269E+01
   8.337037E+01   2.817642E+01
   8.338738E+01   2.816569E+01
   8.339062E+01   2.816386E+01
   8.339583E+01   2.815458E+01
   8.340199E+01   2.815017E+01
   8.340756E+01   2.814534E+01
   8.341058E+01   2.814346E+01
   8.341536E+01   2.813731E+01
   8.341847E+01   2.813477E+01
   8.341930E+01   2.813297E+01
   8.341979E+01   2.813204E+01
   8.341987E+01   2.813041E+01
   8.341928E+01   2.812832E+01
   8.342235E+01   2.812640E+01
   8.342305E+01   2.812542E+01
   8.342382E+01   2.812601E+01
   8.342617E+01   2.812559E+01
   8.342714E+01   2.812576E+01
   8.342977E+01   2.812766E+01
   8.343436E+01   2.812976E+01
   8.343755E+01   2.813089E+01
   8.344011E+01   2.812969E+01
   8.344173E+01   2.812829E+01
   8.344406E+01   2.812565E+01
   8.344721E+01   2.812581E+01
   8.345059E+01   2.812636E+01
   8.345220E+01   2.812719E+01
   8.345423E+01   2.813054E+01
   8.345577E+01   2.813148E+01
   8.345783E+01   2.813250E+01
   8.345963E+01   2.813142E+01
   8.346266E+01   2.813007E+01
   8.346564E+01   2.813101E+01
   8.346794E+01   2.813216E+01
   8.347352E+01   2.813237E+01
   8.347591E+01   2.813138E+01
   8.347799E+01   2.813030E+01
   8.347712E+01   2.812503E+01
   8.347510E+01   2.811838E+01
   8.348151E+01   2.811768E+01
   8.349114E+01   2.811383E+01
   8.350067E+01   2.811970E+01
   8.350625E+01   2.812627E+01
   8.351520E+01   2.812231E+01
   8.352958E+01   2.811814E+01
   8.353890E+01   2.812061E+01
   8.355141E+01   2.811791E+01
   8.355405E+01   2.811751E+01
   8.355447E+01   2.811623E+01
   8.355424E+01   2.811491E+01
   8.355450E+01   2.811294E+01
   8.355436E+01   2.811006E+01
   8.355526E+01   2.810896E+01
   8.355504E+01   2.810657E+01
   8.355789E+01   2.810565E+01
   8.355983E+01   2.810476E+01
   8.356208E+01   2.810300E+01
   8.356389E+01   2.810149E+01
   8.356483E+01   2.810031E+01
   8.356505E+01   2.809906E+01
   8.356310E+01   2.809538E+01
   8.356242E+01   2.809391E+01
   8.356504E+01   2.809061E+01
   8.356834E+01   2.808965E+01
   8.357028E+01   2.808897E+01
   8.357329E+01   2.808886E+01
   8.357468E+01   2.808782E+01
   8.357564E+01   2.808650E+01
   8.357830E+01   2.807901E+01
   8.357932E+01   2.807659E+01
   8.357190E+01   2.807310E+01
   8.356702E+01   2.806449E+01
   8.356097E+01   2.806419E+01
   8.356281E+01   2.805574E+01
   8.356198E+01   2.804943E+01
   8.355939E+01   2.804464E+01
   8.356266E+01   2.804207E+01
   8.356213E+01   2.803726E+01
   8.356916E+01   2.803291E+01
   8.357717E+01   2.803397E+01
   8.358350E+01   2.802645E+01
   8.358826E+01   2.802634E+01
   8.359594E+01   2.802169E+01
   8.360309E+01   2.801386E+01
   8.360584E+01   2.801179E+01
   8.361029E+01   2.801257E+01
   8.361834E+01   2.800903E+01
   8.362295E+01   2.800861E+01
   8.362618E+01   2.800554E+01
   8.362717E+01   2.800705E+01
   8.363761E+01   2.801816E+01
   8.365504E+01   2.801211E+01
   8.367216E+01   2.801623E+01
   8.367678E+01   2.801746E+01
   8.368608E+01   2.802250E+01
   8.369350E+01   2.802653E+01
   8.369418E+01   2.803393E+01
   8.369248E+01   2.803894E+01
   8.369162E+01   2.804700E+01
   8.369712E+01   2.805254E+01
   8.370149E+01   2.805238E+01
   8.370566E+01   2.805584E+01
   8.371273E+01   2.806317E+01
   8.370859E+01   2.807560E+01
   8.370302E+01   2.809022E+01
   8.372011E+01   2.809156E+01
   8.372707E+01   2.810113E+01
   8.372488E+01   2.810532E+01
   8.371844E+01   2.810884E+01
   8.371171E+01   2.811437E+01
   8.370643E+01   2.811854E+01
   8.370840E+01   2.812669E+01
   8.370769E+01   2.812854E+01
   8.372313E+01   2.813994E+01
   8.373451E+01   2.814816E+01
   8.374524E+01   2.814799E+01
   8.375729E+01   2.814604E+01
   8.376429E+01   2.815293E+01
   8.376065E+01   2.816301E+01
   8.376130E+01   2.817444E+01
   8.376285E+01   2.819162E+01
   8.377140E+01   2.819818E+01
   8.377523E+01   2.819870E+01
   8.377774E+01   2.819977E+01
   8.377894E+01   2.819919E+01
   8.378010E+01   2.819787E+01
   8.378214E+01   2.819702E+01
   8.378369E+01   2.819783E+01
   8.378622E+01   2.819905E+01
   8.378718E+01   2.820270E+01
   8.379085E+01   2.820386E+01
   8.379273E+01   2.820528E+01
   8.379480E+01   2.820602E+01
   8.379821E+01   2.820888E+01
   8.380276E+01   2.821696E+01
   8.380597E+01   2.821895E+01
   8.380743E+01   2.822045E+01
   8.379872E+01   2.822866E+01
   8.380935E+01   2.824086E+01
   8.382051E+01   2.826056E+01
   8.381486E+01   2.826075E+01
   8.380985E+01   2.826106E+01
   8.380690E+01   2.826188E+01
   8.379896E+01   2.826224E+01
   8.378987E+01   2.826516E+01
   8.378073E+01   2.826960E+01
   8.377736E+01   2.826993E+01
   8.377594E+01   2.826813E+01
   8.377222E+01   2.826928E+01
   8.376972E+01   2.827157E+01
   8.376746E+01   2.827346E+01
   8.376665E+01   2.827537E+01
   8.377407E+01   2.828543E+01
   8.376452E+01   2.829159E+01
   8.376241E+01   2.829406E+01
   8.376410E+01   2.829638E+01
   8.376473E+01   2.829791E+01
   8.376809E+01   2.830094E+01
   8.377063E+01   2.830365E+01
   8.377237E+01   2.830652E+01
   8.377354E+01   2.830989E+01
   8.377206E+01   2.831138E+01
   8.376896E+01   2.831179E+01
   8.376693E+01   2.831287E+01
   8.376536E+01   2.831353E+01
   8.376380E+01   2.831510E+01
   8.376167E+01   2.831563E+01
   8.375948E+01   2.831776E+01
   8.375813E+01   2.831985E+01
   8.375779E+01   2.832169E+01
   8.375518E+01   2.832362E+01
   8.375220E+01   2.832492E+01
   8.374922E+01   2.832616E+01
   8.374660E+01   2.832769E+01
   8.374370E+01   2.833050E+01
   8.374162E+01   2.833341E+01
   8.374019E+01   2.833597E+01
   8.373935E+01   2.833934E+01
   8.373666E+01   2.834404E+01
   8.373195E+01   2.834630E+01
   8.372542E+01   2.834894E+01
   8.372636E+01   2.835666E+01
   8.372447E+01   2.835875E+01
   8.372213E+01   2.836084E+01
   8.371954E+01   2.836497E+01
   8.371884E+01   2.836950E+01
   8.372269E+01   2.837499E+01
   8.371743E+01   2.837605E+01
   8.371675E+01   2.837793E+01
   8.371360E+01   2.837993E+01
   8.370470E+01   2.838677E+01
   8.370376E+01   2.839254E+01
   8.370044E+01   2.839770E+01
   8.370745E+01   2.839761E+01
   8.371994E+01   2.839601E+01
   8.372717E+01   2.839536E+01
   8.373253E+01   2.839590E+01
   8.373700E+01   2.839425E+01
   8.374089E+01   2.839429E+01
   8.374392E+01   2.839484E+01
   8.374666E+01   2.839410E+01
   8.374903E+01   2.839398E+01
   8.375185E+01   2.839397E+01
   8.375511E+01   2.839403E+01
   8.375808E+01   2.839376E+01
   8.376145E+01   2.840431E+01
   8.374593E+01   2.840199E+01
   8.373721E+01   2.841365E+01
   8.373427E+01   2.842480E+01
   8.373694E+01   2.843451E+01
   8.374367E+01   2.844653E+01
   8.375389E+01   2.846159E+01
   8.375167E+01   2.847181E+01
   8.376486E+01   2.847921E+01
   8.380457E+01   2.851927E+01
   8.382295E+01   2.853081E+01
   8.382679E+01   2.854160E+01
   8.380782E+01   2.855877E+01
   8.380206E+01   2.857529E+01
   8.380151E+01   2.858164E+01
   8.380694E+01   2.858772E+01
   8.381384E+01   2.859298E+01
   8.383133E+01   2.859707E+01
   8.384513E+01   2.860501E+01
   8.385122E+01   2.860634E+01
   8.386139E+01   2.861018E+01
   8.387029E+01   2.861295E+01
   8.386050E+01   2.863147E+01
   8.385295E+01   2.864699E+01
   8.384291E+01   2.865733E+01
   8.382905E+01   2.867065E+01
   8.381177E+01   2.868261E+01
   8.378724E+01   2.869316E+01
   8.381274E+01   2.871406E+01
   8.382297E+01   2.871813E+01
   8.382958E+01   2.871899E+01
   8.383983E+01   2.872580E+01
   8.385308E+01   2.872592E+01
   8.386970E+01   2.872651E+01
   8.387763E+01   2.873731E+01
   8.389084E+01   2.874291E+01
   8.389068E+01   2.875121E+01
   8.389385E+01   2.876127E+01
   8.389726E+01   2.877318E+01
   8.390554E+01   2.877748E+01
   8.392639E+01   2.878171E+01
   8.393883E+01   2.879385E+01
   8.393827E+01   2.880983E+01
   8.394062E+01   2.882738E+01
   8.394618E+01   2.883240E+01
   8.395989E+01   2.883293E+01
   8.396518E+01   2.882246E+01
   8.397910E+01   2.881773E+01
   8.399946E+01   2.880815E+01
   8.400446E+01   2.880378E+01
   8.401049E+01   2.880012E+01
   8.402607E+01   2.880461E+01
   8.403651E+01   2.881256E+01
   8.404636E+01   2.882195E+01
   8.404624E+01   2.883159E+01
   8.405108E+01   2.884127E+01
   8.406103E+01   2.883907E+01
   8.407118E+01   2.884144E+01
   8.407871E+01   2.884775E+01
   8.408591E+01   2.885991E+01
   8.409115E+01   2.887468E+01
   8.409399E+01   2.888300E+01
   8.410626E+01   2.888596E+01
   8.411599E+01   2.888087E+01
   8.412921E+01   2.888891E+01
   8.413930E+01   2.888198E+01
   8.415823E+01   2.887214E+01
   8.416987E+01   2.888246E+01
   8.417929E+01   2.889416E+01
   8.420074E+01   2.889796E+01
   8.421860E+01   2.889237E+01
   8.422482E+01   2.889562E+01
   8.422453E+01   2.890496E+01
   8.422267E+01   2.891025E+01
   8.422358E+01   2.891887E+01
   8.422509E+01   2.892885E+01
   8.422570E+01   2.894201E+01
   8.422948E+01   2.894716E+01
   8.423477E+01   2.896334E+01
   8.423795E+01   2.896818E+01
   8.423976E+01   2.897287E+01
   8.424097E+01   2.897696E+01
   8.423946E+01   2.898406E+01
   8.423886E+01   2.898845E+01
   8.424022E+01   2.899299E+01
   8.423916E+01   2.899722E+01
   8.424294E+01   2.900585E+01
   8.425126E+01   2.901810E+01
   8.424778E+01   2.902823E+01
   8.424914E+01   2.903670E+01
   8.424491E+01   2.904185E+01
   8.424067E+01   2.904442E+01
   8.423644E+01   2.904412E+01
   8.422554E+01   2.905198E+01
   8.421541E+01   2.905380E+01
   8.420603E+01   2.905153E+01
   8.419847E+01   2.904805E+01
   8.418954E+01   2.905153E+01
   8.418833E+01   2.906650E+01
   8.418652E+01   2.907482E+01
   8.419091E+01   2.908556E+01
   8.419605E+01   2.909585E+01
   8.419741E+01   2.909963E+01
   8.419983E+01   2.910372E+01
   8.419998E+01   2.911309E+01
   8.419620E+01   2.912504E+01
   8.418168E+01   2.912792E+01
   8.417396E+01   2.913109E+01
   8.417215E+01   2.914168E+01
   8.417079E+01   2.915439E+01
   8.416610E+01   2.916483E+01
   8.416595E+01   2.917814E+01
   8.416277E+01   2.918328E+01
   8.416640E+01   2.918993E+01
   8.416670E+01   2.919795E+01
   8.417230E+01   2.920113E+01
   8.418138E+01   2.920824E+01
   8.419000E+01   2.920718E+01
   8.419529E+01   2.921247E+01
   8.419786E+01   2.922049E+01
   8.419771E+01   2.922503E+01
   8.420240E+01   2.923622E+01
   8.419529E+01   2.924242E+01
   8.418879E+01   2.924363E+01
   8.418032E+01   2.923925E+01
   8.417200E+01   2.923940E+01
   8.416731E+01   2.924136E+01
   8.415233E+01   2.924152E+01
   8.414144E+01   2.923758E+01
   8.413312E+01   2.924197E+01
   8.412405E+01   2.924439E+01
   8.411648E+01   2.924439E+01
   8.411437E+01   2.925377E+01
   8.411543E+01   2.925952E+01
   8.411391E+01   2.926148E+01
   8.411679E+01   2.926572E+01
   8.412072E+01   2.927026E+01
   8.411996E+01   2.927480E+01
   8.411709E+01   2.927706E+01
   8.411543E+01   2.928024E+01
   8.410574E+01   2.928569E+01
   8.409984E+01   2.929038E+01
   8.409137E+01   2.929385E+01
   8.408517E+01   2.929461E+01
   8.408018E+01   2.928886E+01
   8.406929E+01   2.928569E+01
   8.406521E+01   2.928932E+01
   8.405734E+01   2.929007E+01
   8.405356E+01   2.929446E+01
   8.405356E+01   2.929824E+01
   8.403934E+01   2.929960E+01
   8.402830E+01   2.929159E+01
   8.402043E+01   2.928992E+01
   8.401544E+01   2.928962E+01
   8.401120E+01   2.929491E+01
   8.400379E+01   2.929552E+01
   8.399290E+01   2.929809E+01
   8.399018E+01   2.930354E+01
   8.399895E+01   2.930611E+01
   8.400107E+01   2.931049E+01
   8.399683E+01   2.931533E+01
   8.399169E+01   2.932033E+01
   8.397596E+01   2.932789E+01
   8.395841E+01   2.932532E+01
   8.394949E+01   2.931685E+01
   8.393406E+01   2.932017E+01
   8.392755E+01   2.931881E+01
   8.392060E+01   2.932441E+01
   8.391606E+01   2.932396E+01
   8.390290E+01   2.932698E+01
   8.389382E+01   2.931851E+01
   8.388535E+01   2.931912E+01
   8.387839E+01   2.931548E+01
   8.387219E+01   2.931246E+01
   8.385979E+01   2.931049E+01
   8.385495E+01   2.930399E+01
   8.384784E+01   2.929688E+01
   8.383906E+01   2.929794E+01
   8.383453E+01   2.930096E+01
   8.382863E+01   2.929854E+01
   8.382363E+01   2.930338E+01
   8.381350E+01   2.929990E+01
   8.380866E+01   2.929401E+01
   8.380866E+01   2.928811E+01
   8.380231E+01   2.928206E+01
   8.379626E+01   2.927858E+01
   8.379399E+01   2.927495E+01
   8.379626E+01   2.926905E+01
   8.379883E+01   2.926421E+01
   8.379973E+01   2.925816E+01
   8.380155E+01   2.925543E+01
   8.379686E+01   2.925332E+01
   8.379489E+01   2.925014E+01
   8.378839E+01   2.924711E+01
   8.377947E+01   2.924515E+01
   8.377553E+01   2.924772E+01
   8.377115E+01   2.924711E+01
   8.376827E+01   2.924076E+01
   8.376041E+01   2.924076E+01
   8.375118E+01   2.924394E+01
   8.374649E+01   2.924379E+01
   8.373953E+01   2.924485E+01
   8.373136E+01   2.924500E+01
   8.372289E+01   2.924197E+01
   8.371261E+01   2.924485E+01
   8.370701E+01   2.923728E+01
   8.369733E+01   2.922805E+01
   8.368916E+01   2.921792E+01
   8.367812E+01   2.920945E+01
   8.366814E+01   2.920733E+01
   8.366133E+01   2.920446E+01
   8.365573E+01   2.920279E+01
   8.365800E+01   2.919735E+01
   8.365800E+01   2.919039E+01
   8.366036E+01   2.918508E+01
   8.366055E+01   2.917964E+01
   8.366222E+01   2.917317E+01
   8.366154E+01   2.916492E+01
   8.366254E+01   2.915539E+01
   8.367652E+01   2.914679E+01
   8.367748E+01   2.913429E+01
   8.367897E+01   2.912580E+01
   8.366439E+01   2.912382E+01
   8.365517E+01   2.912163E+01
   8.364980E+01   2.911630E+01
   8.365203E+01   2.910975E+01
   8.363077E+01   2.910864E+01
   8.361935E+01   2.909944E+01
   8.361496E+01   2.909331E+01
   8.362652E+01   2.908564E+01
   8.361808E+01   2.905620E+01
   8.361636E+01   2.904170E+01
   8.361384E+01   2.902238E+01
   8.361386E+01   2.901634E+01
   8.361416E+01   2.900963E+01
   8.361420E+01   2.900057E+01
   8.361382E+01   2.898638E+01
   8.360922E+01   2.898008E+01
   8.359891E+01   2.898550E+01
   8.358827E+01   2.897854E+01
   8.358564E+01   2.896898E+01
   8.358116E+01   2.895741E+01
   8.357471E+01   2.895386E+01
   8.356686E+01   2.894302E+01
   8.355544E+01   2.893479E+01
   8.352906E+01   2.890814E+01
   8.351430E+01   2.888928E+01
   8.350347E+01   2.888184E+01
   8.349960E+01   2.887545E+01
   8.350469E+01   2.886762E+01
   8.350586E+01   2.885714E+01
   8.349956E+01   2.884499E+01
   8.348738E+01   2.884630E+01
   8.348276E+01   2.883266E+01
   8.347900E+01   2.882299E+01
   8.348406E+01   2.881391E+01
   8.348733E+01   2.880247E+01
   8.348414E+01   2.878773E+01
   8.347323E+01   2.878140E+01
   8.345658E+01   2.877411E+01
   8.342654E+01   2.876601E+01
   8.338739E+01   2.876323E+01
   8.337300E+01   2.874514E+01
   8.335504E+01   2.873421E+01
   8.334109E+01   2.873658E+01
   8.332564E+01   2.873808E+01
   8.330730E+01   2.873228E+01
   8.328779E+01   2.872784E+01
   8.327295E+01   2.872440E+01
   8.324914E+01   2.872990E+01
   8.323652E+01   2.873990E+01
   8.322439E+01   2.874126E+01
   8.320517E+01   2.873292E+01
   8.317499E+01   2.874472E+01
   8.314312E+01   2.873638E+01
   8.315034E+01   2.871228E+01
   8.315213E+01   2.870186E+01
   8.314336E+01   2.869394E+01
   8.314609E+01   2.868172E+01
   8.312843E+01   2.867441E+01
   8.311658E+01   2.866987E+01
   8.311525E+01   2.864359E+01
   8.311557E+01   2.863109E+01
   8.310723E+01   2.863236E+01
