   8.615035E+01   2.661161E+01
   8.619855E+01   2.668164E+01
   8.615083E+01   2.676053E+01
   8.614078E+01   2.689500E+01
   8.617176E+01   2.692784E+01
   8.624180E+01   2.690687E+01
   8.624531E+01   2.691452E+01
   8.624910E+01   2.691281E+01
   8.625406E+01   2.690961E+01
   8.625927E+01   2.691064E+01
   8.625914E+01   2.691516E+01
   8.626055E+01   2.691926E+01
   8.626382E+01   2.692841E+01
   8.627718E+01   2.693409E+01
   8.627998E+01   2.694326E+01
   8.629682E+01   2.695287E+01
   8.629876E+01   2.695628E+01
   8.630206E+01   2.695898E+01
   8.630614E+01   2.696044E+01
   8.630924E+01   2.696136E+01
   8.631269E+01   2.696246E+01
   8.631408E+01   2.696351E+01
   8.631640E+01   2.696490E+01
   8.631853E+01   2.696538E+01
   8.632203E+01   2.696769E+01
   8.632348E+01   2.696820E+01
   8.633099E+01   2.696781E+01
   8.634591E+01   2.696250E+01
   8.635903E+01   2.696419E+01
   8.636159E+01   2.696760E+01
   8.636593E+01   2.697214E+01
   8.636636E+01   2.697923E+01
   8.636641E+01   2.698615E+01
   8.636870E+01   2.699572E+01
   8.637017E+01   2.699872E+01
   8.637332E+01   2.700222E+01
   8.637441E+01   2.700494E+01
   8.637475E+01   2.700823E+01
   8.637210E+01   2.701056E+01
   8.637333E+01   2.701382E+01
   8.637252E+01   2.701766E+01
   8.637476E+01   2.702132E+01
   8.637385E+01   2.702289E+01
   8.637552E+01   2.702581E+01
   8.637717E+01   2.702661E+01
   8.637840E+01   2.702906E+01
   8.637941E+01   2.703147E+01
   8.638037E+01   2.703114E+01
   8.638147E+01   2.703000E+01
   8.638223E+01   2.703032E+01
   8.638205E+01   2.703151E+01
   8.637968E+01   2.703418E+01
   8.637934E+01   2.703450E+01
   8.637670E+01   2.703509E+01
   8.637607E+01   2.703494E+01
   8.637524E+01   2.703482E+01
   8.637255E+01   2.703631E+01
   8.637123E+01   2.703698E+01
   8.637010E+01   2.703724E+01
   8.636888E+01   2.703691E+01
   8.636794E+01   2.703702E+01
   8.636680E+01   2.703785E+01
   8.636605E+01   2.703943E+01
   8.636536E+01   2.704073E+01
   8.636411E+01   2.704258E+01
   8.636384E+01   2.704277E+01
   8.636340E+01   2.704359E+01
   8.636386E+01   2.704480E+01
   8.636395E+01   2.704637E+01
   8.636422E+01   2.704820E+01
   8.636376E+01   2.704951E+01
   8.636351E+01   2.705219E+01
   8.636329E+01   2.705394E+01
   8.636284E+01   2.705462E+01
   8.636159E+01   2.705466E+01
   8.635967E+01   2.705558E+01
   8.635790E+01   2.705788E+01
   8.635618E+01   2.705905E+01
   8.635451E+01   2.705984E+01
   8.635176E+01   2.706137E+01
   8.635038E+01   2.706278E+01
   8.635036E+01   2.706432E+01
   8.635079E+01   2.706680E+01
   8.635000E+01   2.706685E+01
   8.634942E+01   2.706586E+01
   8.634859E+01   2.706478E+01
   8.634756E+01   2.706480E+01
   8.634668E+01   2.706496E+01
   8.634628E+01   2.706514E+01
   8.634605E+01   2.706563E+01
   8.634584E+01   2.706653E+01
   8.634602E+01   2.706733E+01
   8.634557E+01   2.706807E+01
   8.634617E+01   2.706863E+01
   8.634673E+01   2.706934E+01
   8.634707E+01   2.706975E+01
   8.634678E+01   2.707037E+01
   8.634732E+01   2.707073E+01
   8.634871E+01   2.707052E+01
   8.634931E+01   2.706982E+01
   8.635068E+01   2.706949E+01
   8.635094E+01   2.707021E+01
   8.635054E+01   2.707104E+01
   8.635097E+01   2.707224E+01
   8.635159E+01   2.707257E+01
   8.635151E+01   2.707320E+01
   8.635146E+01   2.707371E+01
   8.635178E+01   2.707408E+01
   8.635233E+01   2.707468E+01
   8.635308E+01   2.707479E+01
   8.635367E+01   2.707480E+01
   8.635428E+01   2.707531E+01
   8.635511E+01   2.707543E+01
   8.635442E+01   2.707573E+01
   8.635341E+01   2.707635E+01
   8.635347E+01   2.707694E+01
   8.635368E+01   2.707727E+01
   8.635429E+01   2.707756E+01
   8.635440E+01   2.707833E+01
   8.635493E+01   2.707985E+01
   8.635518E+01   2.708062E+01
   8.635508E+01   2.708153E+01
   8.635563E+01   2.708181E+01
   8.635614E+01   2.708151E+01
   8.635704E+01   2.708248E+01
   8.635781E+01   2.708323E+01
   8.635809E+01   2.708477E+01
   8.635796E+01   2.708607E+01
   8.635812E+01   2.708729E+01
   8.635749E+01   2.708943E+01
   8.635773E+01   2.709035E+01
   8.635840E+01   2.709120E+01
   8.635864E+01   2.709197E+01
   8.635814E+01   2.709283E+01
   8.635716E+01   2.709354E+01
   8.635803E+01   2.709503E+01
   8.635923E+01   2.709567E+01
   8.635966E+01   2.709648E+01
   8.636001E+01   2.709735E+01
   8.636064E+01   2.709793E+01
   8.636184E+01   2.709875E+01
   8.636248E+01   2.709968E+01
   8.636174E+01   2.709994E+01
   8.636063E+01   2.710002E+01
   8.635902E+01   2.709975E+01
   8.635833E+01   2.709932E+01
   8.635739E+01   2.709950E+01
   8.635651E+01   2.710015E+01
   8.635578E+01   2.710047E+01
   8.635572E+01   2.710154E+01
   8.635601E+01   2.710346E+01
   8.635554E+01   2.710395E+01
   8.635451E+01   2.710449E+01
   8.635264E+01   2.710460E+01
   8.635221E+01   2.710475E+01
   8.635119E+01   2.710504E+01
   8.634991E+01   2.710489E+01
   8.634914E+01   2.710549E+01
   8.634860E+01   2.710604E+01
   8.634748E+01   2.710633E+01
   8.634613E+01   2.710610E+01
   8.634477E+01   2.710591E+01
   8.634392E+01   2.710580E+01
   8.634314E+01   2.710616E+01
   8.634237E+01   2.710639E+01
   8.634105E+01   2.710663E+01
   8.633973E+01   2.710563E+01
   8.633897E+01   2.710520E+01
   8.633771E+01   2.710423E+01
   8.633668E+01   2.710324E+01
   8.633567E+01   2.710265E+01
   8.633505E+01   2.710245E+01
   8.633455E+01   2.710172E+01
   8.633393E+01   2.710102E+01
   8.633287E+01   2.710053E+01
   8.633237E+01   2.710012E+01
   8.633179E+01   2.709996E+01
   8.633043E+01   2.710019E+01
   8.632872E+01   2.710049E+01
   8.632769E+01   2.710068E+01
   8.632676E+01   2.710042E+01
   8.632534E+01   2.709961E+01
   8.632466E+01   2.709921E+01
   8.632294E+01   2.709925E+01
   8.632208E+01   2.709989E+01
   8.632148E+01   2.710040E+01
   8.632021E+01   2.710067E+01
   8.631893E+01   2.710123E+01
   8.631809E+01   2.710167E+01
   8.631753E+01   2.710206E+01
   8.631608E+01   2.710230E+01
   8.631514E+01   2.710252E+01
   8.631443E+01   2.710287E+01
   8.631357E+01   2.710284E+01
   8.631213E+01   2.710277E+01
   8.631106E+01   2.710310E+01
   8.631072E+01   2.710387E+01
   8.631018E+01   2.710453E+01
   8.630936E+01   2.710533E+01
   8.630855E+01   2.710616E+01
   8.630807E+01   2.710705E+01
   8.630749E+01   2.710756E+01
   8.630667E+01   2.710817E+01
   8.630629E+01   2.710903E+01
   8.630730E+01   2.710974E+01
   8.630915E+01   2.710994E+01
   8.631082E+01   2.710967E+01
   8.631188E+01   2.710975E+01
   8.631281E+01   2.711066E+01
   8.631335E+01   2.711101E+01
   8.631444E+01   2.711081E+01
   8.631528E+01   2.711065E+01
   8.631611E+01   2.711081E+01
   8.631700E+01   2.711067E+01
   8.631764E+01   2.711056E+01
   8.631867E+01   2.711046E+01
   8.631988E+01   2.711081E+01
   8.632129E+01   2.711041E+01
   8.632199E+01   2.711034E+01
   8.632295E+01   2.711042E+01
   8.632359E+01   2.711036E+01
   8.632436E+01   2.711008E+01
   8.632567E+01   2.711045E+01
   8.632657E+01   2.711112E+01
   8.632653E+01   2.711184E+01
   8.632645E+01   2.711253E+01
   8.632698E+01   2.711288E+01
   8.632735E+01   2.711310E+01
   8.632858E+01   2.711414E+01
   8.632863E+01   2.711510E+01
   8.632901E+01   2.711593E+01
   8.632972E+01   2.711648E+01
   8.633058E+01   2.711711E+01
   8.633110E+01   2.711737E+01
   8.633118E+01   2.711789E+01
   8.633157E+01   2.711936E+01
   8.633176E+01   2.712086E+01
   8.633248E+01   2.712170E+01
   8.633321E+01   2.712171E+01
   8.633369E+01   2.712174E+01
   8.633379E+01   2.712275E+01
   8.633346E+01   2.712348E+01
   8.633375E+01   2.712400E+01
   8.633443E+01   2.712489E+01
   8.633468E+01   2.712622E+01
   8.633503E+01   2.712690E+01
   8.633600E+01   2.712634E+01
   8.633651E+01   2.712714E+01
   8.633656E+01   2.712768E+01
   8.633595E+01   2.712802E+01
   8.633546E+01   2.712775E+01
   8.633480E+01   2.712785E+01
   8.633493E+01   2.712833E+01
   8.633576E+01   2.712880E+01
   8.633650E+01   2.712912E+01
   8.633613E+01   2.712946E+01
   8.633556E+01   2.712940E+01
   8.633478E+01   2.712960E+01
   8.633450E+01   2.713012E+01
   8.633415E+01   2.713034E+01
   8.633441E+01   2.713068E+01
   8.633569E+01   2.713130E+01
   8.633584E+01   2.713180E+01
   8.633591E+01   2.713300E+01
   8.633550E+01   2.713329E+01
   8.633496E+01   2.713355E+01
   8.633499E+01   2.713405E+01
   8.633554E+01   2.713438E+01
   8.633612E+01   2.713425E+01
   8.633693E+01   2.713369E+01
   8.633753E+01   2.713357E+01
   8.633772E+01   2.713426E+01
   8.633749E+01   2.713471E+01
   8.633810E+01   2.713521E+01
   8.633840E+01   2.713599E+01
   8.633709E+01   2.713593E+01
   8.633638E+01   2.713613E+01
   8.633646E+01   2.713714E+01
   8.633656E+01   2.713823E+01
   8.633712E+01   2.713844E+01
   8.633808E+01   2.713844E+01
   8.633876E+01   2.713938E+01
   8.633961E+01   2.714018E+01
   8.634095E+01   2.714094E+01
   8.634112E+01   2.714206E+01
   8.634139E+01   2.714275E+01
   8.634144E+01   2.714344E+01
   8.634108E+01   2.714455E+01
   8.634081E+01   2.714502E+01
   8.634141E+01   2.714538E+01
   8.634199E+01   2.714645E+01
   8.634294E+01   2.714695E+01
   8.634376E+01   2.714673E+01
   8.634441E+01   2.714619E+01
   8.634407E+01   2.714567E+01
   8.634445E+01   2.714515E+01
   8.634462E+01   2.714449E+01
   8.634456E+01   2.714379E+01
   8.634513E+01   2.714386E+01
   8.634608E+01   2.714397E+01
   8.634748E+01   2.714364E+01
   8.634829E+01   2.714343E+01
   8.634948E+01   2.714365E+01
   8.635021E+01   2.714299E+01
   8.635079E+01   2.714264E+01
   8.635104E+01   2.714323E+01
   8.635191E+01   2.714327E+01
   8.635245E+01   2.714318E+01
   8.635302E+01   2.714365E+01
   8.635365E+01   2.714283E+01
   8.635492E+01   2.714299E+01
   8.635578E+01   2.714306E+01
   8.635632E+01   2.714265E+01
   8.635704E+01   2.714254E+01
   8.635746E+01   2.714248E+01
   8.635727E+01   2.714211E+01
   8.635771E+01   2.714188E+01
   8.635798E+01   2.714143E+01
   8.635775E+01   2.714105E+01
   8.635827E+01   2.714066E+01
   8.635828E+01   2.714008E+01
   8.635806E+01   2.713941E+01
   8.635853E+01   2.713915E+01
   8.635929E+01   2.713900E+01
   8.636022E+01   2.713932E+01
   8.636122E+01   2.713967E+01
   8.636206E+01   2.714011E+01
   8.636231E+01   2.714123E+01
   8.636282E+01   2.714194E+01
   8.636409E+01   2.714186E+01
   8.636503E+01   2.714152E+01
   8.636602E+01   2.714127E+01
   8.636677E+01   2.713994E+01
   8.636764E+01   2.714021E+01
   8.636812E+01   2.714175E+01
   8.636804E+01   2.714348E+01
   8.636916E+01   2.714482E+01
   8.637011E+01   2.714626E+01
   8.637129E+01   2.714751E+01
   8.637226E+01   2.714693E+01
   8.637341E+01   2.714773E+01
   8.637275E+01   2.714861E+01
   8.637146E+01   2.715029E+01
   8.637007E+01   2.715107E+01
   8.637124E+01   2.715274E+01
   8.637334E+01   2.715451E+01
   8.637377E+01   2.715643E+01
   8.637330E+01   2.715747E+01
   8.637484E+01   2.715991E+01
   8.637549E+01   2.716137E+01
   8.637668E+01   2.716117E+01
   8.637727E+01   2.716131E+01
   8.637792E+01   2.716277E+01
   8.637918E+01   2.716384E+01
   8.637887E+01   2.716462E+01
   8.637791E+01   2.716510E+01
   8.637933E+01   2.716634E+01
   8.638122E+01   2.716881E+01
   8.638160E+01   2.717056E+01
   8.638296E+01   2.717157E+01
   8.638294E+01   2.717292E+01
   8.638348E+01   2.717339E+01
   8.638431E+01   2.717284E+01
   8.638482E+01   2.717355E+01
   8.638438E+01   2.717440E+01
   8.638447E+01   2.717589E+01
   8.638646E+01   2.717683E+01
   8.638783E+01   2.717817E+01
   8.638899E+01   2.717938E+01
   8.638651E+01   2.718017E+01
   8.638241E+01   2.718506E+01
   8.637696E+01   2.719352E+01
   8.636957E+01   2.719188E+01
   8.635934E+01   2.720065E+01
   8.635163E+01   2.720058E+01
   8.634433E+01   2.720146E+01
   8.634163E+01   2.720788E+01
   8.634026E+01   2.721527E+01
   8.634223E+01   2.722367E+01
   8.634233E+01   2.722705E+01
   8.633934E+01   2.722893E+01
   8.633186E+01   2.723103E+01
   8.632269E+01   2.723113E+01
   8.631479E+01   2.723179E+01
   8.630783E+01   2.723391E+01
   8.630656E+01   2.723686E+01
   8.629997E+01   2.723842E+01
   8.622863E+01   2.723440E+01
   8.620453E+01   2.725055E+01
   8.620541E+01   2.725171E+01
   8.620464E+01   2.725355E+01
   8.620491E+01   2.725533E+01
   8.620808E+01   2.725942E+01
   8.621135E+01   2.726111E+01
   8.621117E+01   2.726340E+01
   8.621260E+01   2.726592E+01
   8.621384E+01   2.726743E+01
   8.621387E+01   2.726873E+01
   8.621595E+01   2.726769E+01
   8.621788E+01   2.727012E+01
   8.621865E+01   2.727201E+01
   8.622180E+01   2.727339E+01
   8.622367E+01   2.727534E+01
   8.622385E+01   2.727751E+01
   8.622525E+01   2.727702E+01
   8.622823E+01   2.728009E+01
   8.623084E+01   2.728145E+01
   8.623247E+01   2.728373E+01
   8.623490E+01   2.728594E+01
   8.623863E+01   2.728794E+01
   8.624107E+01   2.728886E+01
   8.623987E+01   2.729025E+01
   8.623784E+01   2.729089E+01
   8.623629E+01   2.729425E+01
   8.623520E+01   2.729742E+01
   8.623624E+01   2.730048E+01
   8.623789E+01   2.730250E+01
   8.623726E+01   2.730440E+01
   8.623727E+01   2.730581E+01
   8.623552E+01   2.730689E+01
   8.623396E+01   2.730723E+01
   8.623127E+01   2.731325E+01
   8.623125E+01   2.731474E+01
   8.622960E+01   2.731470E+01
   8.622878E+01   2.731543E+01
   8.622899E+01   2.731936E+01
   8.622760E+01   2.732050E+01
   8.622366E+01   2.732098E+01
   8.622023E+01   2.732144E+01
   8.621858E+01   2.732329E+01
   8.622186E+01   2.732624E+01
   8.622203E+01   2.732752E+01
   8.621949E+01   2.732780E+01
   8.621739E+01   2.732834E+01
   8.621663E+01   2.733019E+01
   8.621624E+01   2.733305E+01
   8.621558E+01   2.733352E+01
   8.621741E+01   2.733587E+01
   8.621801E+01   2.733748E+01
   8.621677E+01   2.733900E+01
   8.621744E+01   2.734013E+01
   8.621811E+01   2.734042E+01
   8.621701E+01   2.734109E+01
   8.621655E+01   2.734266E+01
   8.621775E+01   2.734735E+01
   8.621829E+01   2.735106E+01
   8.621693E+01   2.735304E+01
   8.621923E+01   2.735522E+01
   8.622014E+01   2.735708E+01
   8.622158E+01   2.736045E+01
   8.621938E+01   2.736079E+01
   8.622084E+01   2.736454E+01
   8.622277E+01   2.736726E+01
   8.622410E+01   2.736929E+01
   8.622477E+01   2.737144E+01
   8.622410E+01   2.737397E+01
   8.622390E+01   2.737670E+01
   8.622374E+01   2.737835E+01
   8.622242E+01   2.738094E+01
   8.622181E+01   2.738223E+01
   8.622212E+01   2.738282E+01
   8.622357E+01   2.738283E+01
   8.622484E+01   2.738333E+01
   8.622592E+01   2.738426E+01
   8.622576E+01   2.738556E+01
   8.622474E+01   2.738733E+01
   8.622533E+01   2.738798E+01
   8.622708E+01   2.738874E+01
   8.622771E+01   2.739085E+01
   8.622713E+01   2.739189E+01
   8.622654E+01   2.739395E+01
   8.622750E+01   2.739762E+01
   8.622798E+01   2.739875E+01
   8.623072E+01   2.739936E+01
   8.623125E+01   2.740103E+01
   8.623289E+01   2.740269E+01
   8.623520E+01   2.740360E+01
   8.623631E+01   2.740559E+01
   8.623450E+01   2.740738E+01
   8.623470E+01   2.740853E+01
   8.623719E+01   2.740931E+01
   8.623748E+01   2.741133E+01
   8.623797E+01   2.741375E+01
   8.623977E+01   2.741510E+01
   8.624058E+01   2.741719E+01
   8.624171E+01   2.741878E+01
   8.624423E+01   2.742020E+01
   8.624541E+01   2.741926E+01
   8.624733E+01   2.741957E+01
   8.624832E+01   2.742171E+01
   8.624832E+01   2.742481E+01
   8.624937E+01   2.742654E+01
   8.625123E+01   2.742740E+01
   8.625226E+01   2.742918E+01
   8.625097E+01   2.743213E+01
   8.625202E+01   2.743339E+01
   8.625377E+01   2.743445E+01
   8.625633E+01   2.743626E+01
   8.625642E+01   2.743852E+01
   8.625600E+01   2.743938E+01
   8.625453E+01   2.744012E+01
   8.625409E+01   2.744089E+01
   8.625531E+01   2.744167E+01
   8.625637E+01   2.744321E+01
   8.625698E+01   2.744504E+01
   8.625762E+01   2.744701E+01
   8.625935E+01   2.744896E+01
   8.626023E+01   2.745106E+01
   8.626172E+01   2.745277E+01
   8.626239E+01   2.745405E+01
   8.626307E+01   2.745529E+01
   8.626392E+01   2.745670E+01
   8.626518E+01   2.745720E+01
   8.626695E+01   2.745859E+01
   8.626780E+01   2.745965E+01
   8.626910E+01   2.746006E+01
   8.627169E+01   2.746095E+01
   8.627234E+01   2.746186E+01
   8.627474E+01   2.746266E+01
   8.627598E+01   2.746415E+01
   8.627825E+01   2.746478E+01
   8.627988E+01   2.746501E+01
   8.628094E+01   2.746451E+01
   8.628149E+01   2.746538E+01
   8.628235E+01   2.746634E+01
   8.628389E+01   2.746638E+01
   8.628708E+01   2.746785E+01
   8.628895E+01   2.746842E+01
   8.629047E+01   2.746953E+01
   8.629181E+01   2.747024E+01
   8.629202E+01   2.747119E+01
   8.629181E+01   2.747210E+01
   8.629213E+01   2.747328E+01
   8.629282E+01   2.747500E+01
   8.629254E+01   2.747650E+01
   8.629390E+01   2.747750E+01
   8.629488E+01   2.747783E+01
   8.629492E+01   2.747936E+01
   8.629739E+01   2.747996E+01
   8.629897E+01   2.748042E+01
   8.630075E+01   2.748173E+01
   8.630298E+01   2.748251E+01
   8.630461E+01   2.748251E+01
   8.630569E+01   2.748418E+01
   8.630605E+01   2.748568E+01
   8.630762E+01   2.748618E+01
   8.630835E+01   2.748691E+01
   8.630988E+01   2.748807E+01
   8.631033E+01   2.748959E+01
   8.631210E+01   2.748974E+01
   8.631313E+01   2.749094E+01
   8.631339E+01   2.749203E+01
   8.631506E+01   2.749240E+01
   8.631682E+01   2.749456E+01
   8.631716E+01   2.749612E+01
   8.631812E+01   2.749776E+01
   8.631870E+01   2.749876E+01
   8.631954E+01   2.749882E+01
   8.632274E+01   2.749945E+01
   8.632421E+01   2.749938E+01
   8.632480E+01   2.750127E+01
   8.632598E+01   2.750302E+01
   8.632581E+01   2.750469E+01
   8.632738E+01   2.750637E+01
   8.632858E+01   2.750654E+01
   8.632972E+01   2.750987E+01
   8.633075E+01   2.750994E+01
   8.633308E+01   2.751077E+01
   8.633285E+01   2.751214E+01
   8.633342E+01   2.751290E+01
   8.633401E+01   2.751558E+01
   8.633476E+01   2.751571E+01
   8.633564E+01   2.751616E+01
   8.633606E+01   2.751777E+01
   8.633737E+01   2.751890E+01
   8.633858E+01   2.752019E+01
   8.633973E+01   2.752031E+01
   8.634186E+01   2.752201E+01
   8.634519E+01   2.752306E+01
   8.634651E+01   2.752314E+01
   8.634763E+01   2.752300E+01
   8.634957E+01   2.752359E+01
   8.635077E+01   2.752399E+01
   8.635380E+01   2.752434E+01
   8.635500E+01   2.752552E+01
   8.635565E+01   2.752606E+01
   8.635607E+01   2.752670E+01
   8.635725E+01   2.752913E+01
   8.635723E+01   2.753158E+01
   8.635758E+01   2.753230E+01
   8.635743E+01   2.753368E+01
   8.635825E+01   2.753471E+01
   8.635791E+01   2.753823E+01
   8.635992E+01   2.754204E+01
   8.636247E+01   2.754408E+01
   8.636373E+01   2.754579E+01
   8.636598E+01   2.754749E+01
   8.636882E+01   2.754899E+01
   8.636969E+01   2.755009E+01
   8.637053E+01   2.755207E+01
   8.636927E+01   2.755427E+01
   8.636860E+01   2.755626E+01
   8.636910E+01   2.755832E+01
   8.637097E+01   2.756083E+01
   8.637150E+01   2.756220E+01
   8.637232E+01   2.756304E+01
   8.637501E+01   2.756569E+01
   8.637650E+01   2.756854E+01
   8.637771E+01   2.756918E+01
   8.637896E+01   2.757040E+01
   8.638168E+01   2.757194E+01
   8.638515E+01   2.757202E+01
   8.638812E+01   2.757291E+01
   8.638883E+01   2.757470E+01
   8.639038E+01   2.757587E+01
   8.639259E+01   2.757723E+01
   8.639355E+01   2.757863E+01
   8.639476E+01   2.757977E+01
   8.639589E+01   2.758121E+01
   8.639836E+01   2.758360E+01
   8.640132E+01   2.758341E+01
   8.640360E+01   2.758466E+01
   8.640562E+01   2.758494E+01
   8.640806E+01   2.758477E+01
   8.640889E+01   2.758598E+01
   8.641079E+01   2.758688E+01
   8.641271E+01   2.758686E+01
   8.641479E+01   2.758822E+01
   8.641713E+01   2.759072E+01
   8.641809E+01   2.759228E+01
   8.641906E+01   2.759472E+01
   8.641974E+01   2.759839E+01
   8.642078E+01   2.759949E+01
   8.642389E+01   2.760160E+01
   8.642634E+01   2.760284E+01
   8.642863E+01   2.760431E+01
   8.643009E+01   2.760437E+01
   8.643139E+01   2.760639E+01
   8.643248E+01   2.760776E+01
   8.643365E+01   2.760935E+01
   8.643465E+01   2.761041E+01
   8.643980E+01   2.761128E+01
   8.644340E+01   2.761171E+01
   8.644701E+01   2.761286E+01
   8.644895E+01   2.761326E+01
   8.645242E+01   2.761380E+01
   8.645680E+01   2.761471E+01
   8.645976E+01   2.761533E+01
   8.646144E+01   2.761562E+01
   8.646414E+01   2.761624E+01
   8.646671E+01   2.761618E+01
   8.646955E+01   2.761726E+01
   8.647341E+01   2.761691E+01
   8.647610E+01   2.761596E+01
   8.647816E+01   2.761667E+01
   8.648164E+01   2.761717E+01
   8.648447E+01   2.761729E+01
   8.648818E+01   2.761583E+01
   8.649163E+01   2.761419E+01
   8.649310E+01   2.761521E+01
   8.649456E+01   2.761806E+01
   8.649972E+01   2.762050E+01
   8.650035E+01   2.762487E+01
   8.650323E+01   2.762840E+01
   8.650432E+01   2.763175E+01
   8.650499E+01   2.763458E+01
   8.650634E+01   2.763730E+01
   8.650704E+01   2.764073E+01
   8.651014E+01   2.764190E+01
   8.651255E+01   2.764467E+01
   8.651357E+01   2.764833E+01
   8.651668E+01   2.764698E+01
   8.652026E+01   2.764861E+01
   8.652408E+01   2.764998E+01
   8.652630E+01   2.765122E+01
   8.652749E+01   2.765356E+01
   8.652869E+01   2.765574E+01
   8.652704E+01   2.765968E+01
   8.652824E+01   2.766163E+01
   8.653243E+01   2.766268E+01
   8.653377E+01   2.766426E+01
   8.653642E+01   2.766935E+01
   8.653825E+01   2.767122E+01
   8.653847E+01   2.767558E+01
   8.653660E+01   2.767915E+01
   8.653900E+01   2.768404E+01
   8.653868E+01   2.768793E+01
   8.654041E+01   2.769236E+01
   8.653897E+01   2.769675E+01
   8.653990E+01   2.770107E+01
   8.654085E+01   2.770301E+01
   8.654456E+01   2.770535E+01
   8.654824E+01   2.770935E+01
   8.655082E+01   2.771100E+01
   8.655087E+01   2.771590E+01
   8.655156E+01   2.771814E+01
   8.655384E+01   2.772102E+01
   8.655380E+01   2.772210E+01
   8.655414E+01   2.772294E+01
   8.655676E+01   2.772871E+01
   8.655661E+01   2.773030E+01
   8.655650E+01   2.773398E+01
   8.655790E+01   2.773772E+01
   8.656005E+01   2.774156E+01
   8.656314E+01   2.774506E+01
   8.656263E+01   2.774789E+01
   8.656295E+01   2.774976E+01
   8.656477E+01   2.775019E+01
   8.656637E+01   2.775081E+01
   8.656833E+01   2.775172E+01
   8.657015E+01   2.775280E+01
   8.657191E+01   2.775411E+01
   8.657187E+01   2.775617E+01
   8.657071E+01   2.775873E+01
   8.656898E+01   2.776041E+01
   8.656714E+01   2.776171E+01
   8.656580E+01   2.776324E+01
   8.656510E+01   2.776646E+01
   8.656424E+01   2.776820E+01
   8.656378E+01   2.777061E+01
   8.656423E+01   2.777238E+01
   8.656510E+01   2.777436E+01
   8.656575E+01   2.777637E+01
   8.656606E+01   2.777866E+01
   8.656592E+01   2.778154E+01
   8.656546E+01   2.778374E+01
   8.656555E+01   2.778589E+01
   8.656645E+01   2.778802E+01
   8.656775E+01   2.778956E+01
   8.656869E+01   2.779124E+01
   8.656872E+01   2.779339E+01
   8.656867E+01   2.779551E+01
   8.656756E+01   2.779719E+01
   8.656575E+01   2.779931E+01
   8.656581E+01   2.780111E+01
   8.656629E+01   2.780326E+01
   8.656652E+01   2.780436E+01
   8.656396E+01   2.780555E+01
   8.656203E+01   2.780659E+01
   8.655988E+01   2.780652E+01
   8.655772E+01   2.780739E+01
   8.655576E+01   2.780787E+01
   8.655281E+01   2.780888E+01
   8.655072E+01   2.780986E+01
   8.654866E+01   2.781081E+01
   8.654624E+01   2.781159E+01
   8.654348E+01   2.781144E+01
   8.654215E+01   2.781144E+01
   8.654082E+01   2.781371E+01
   8.654021E+01   2.781546E+01
   8.654032E+01   2.781778E+01
   8.654177E+01   2.781953E+01
   8.654297E+01   2.782099E+01
   8.654372E+01   2.782398E+01
   8.654374E+01   2.782661E+01
   8.654424E+01   2.782923E+01
   8.654520E+01   2.783106E+01
   8.654592E+01   2.783319E+01
   8.654697E+01   2.783499E+01
   8.654744E+01   2.783798E+01
   8.654900E+01   2.784175E+01
   8.654983E+01   2.784649E+01
   8.655072E+01   2.784964E+01
   8.655225E+01   2.785350E+01
   8.655324E+01   2.785600E+01
   8.655413E+01   2.785961E+01
   8.655406E+01   2.786195E+01
   8.655366E+01   2.786467E+01
   8.655268E+01   2.786725E+01
   8.655200E+01   2.786959E+01
   8.655141E+01   2.787435E+01
   8.655094E+01   2.787704E+01
   8.655160E+01   2.787941E+01
   8.655276E+01   2.788138E+01
   8.655349E+01   2.788302E+01
   8.655448E+01   2.788566E+01
   8.655368E+01   2.788878E+01
   8.655246E+01   2.789128E+01
   8.655221E+01   2.789411E+01
   8.655180E+01   2.789723E+01
   8.655161E+01   2.789922E+01
   8.655306E+01   2.790094E+01
   8.655422E+01   2.790426E+01
   8.655437E+01   2.790657E+01
   8.655430E+01   2.790905E+01
   8.655243E+01   2.791348E+01
   8.655044E+01   2.791724E+01
   8.654958E+01   2.792039E+01
   8.654933E+01   2.792294E+01
   8.654898E+01   2.792749E+01
   8.654766E+01   2.793058E+01
   8.654599E+01   2.793157E+01
   8.654305E+01   2.793318E+01
   8.654028E+01   2.793446E+01
   8.653779E+01   2.793698E+01
   8.653614E+01   2.793951E+01
   8.653434E+01   2.794181E+01
   8.653192E+01   2.794213E+01
   8.652965E+01   2.794180E+01
   8.652683E+01   2.794109E+01
   8.652365E+01   2.793995E+01
   8.652119E+01   2.794134E+01
   8.651979E+01   2.794419E+01
   8.651905E+01   2.794736E+01
   8.651843E+01   2.795048E+01
   8.651720E+01   2.795454E+01
   8.651543E+01   2.795675E+01
   8.650844E+01   2.795749E+01
   8.650154E+01   2.795690E+01
   8.649508E+01   2.795514E+01
   8.648847E+01   2.795176E+01
   8.648186E+01   2.794868E+01
   8.647334E+01   2.794750E+01
   8.646703E+01   2.794119E+01
   8.646996E+01   2.793487E+01
   8.646174E+01   2.792430E+01
   8.645469E+01   2.791666E+01
   8.645117E+01   2.791387E+01
   8.644309E+01   2.790961E+01
   8.643354E+01   2.790770E+01
   8.642150E+01   2.790829E+01
   8.640887E+01   2.791005E+01
   8.640535E+01   2.791578E+01
   8.640021E+01   2.792034E+01
   8.639360E+01   2.792591E+01
   8.638567E+01   2.793179E+01
   8.638111E+01   2.793752E+01
   8.637362E+01   2.794163E+01
   8.636481E+01   2.794207E+01
   8.635380E+01   2.794045E+01
   8.634038E+01   2.794953E+01
   8.633770E+01   2.795764E+01
   8.633622E+01   2.796281E+01
   8.631960E+01   2.794822E+01
   8.631110E+01   2.795432E+01
   8.630408E+01   2.795672E+01
   8.630057E+01   2.796152E+01
   8.629096E+01   2.797741E+01
   8.628394E+01   2.797723E+01
   8.627692E+01   2.797870E+01
   8.625235E+01   2.797741E+01
   8.624163E+01   2.797408E+01
   8.623683E+01   2.797408E+01
   8.623091E+01   2.797889E+01
   8.622629E+01   2.798129E+01
   8.622426E+01   2.798462E+01
   8.622315E+01   2.799201E+01
   8.622260E+01   2.800087E+01
   8.622057E+01   2.801270E+01
   8.622094E+01   2.802508E+01
   8.622537E+01   2.803099E+01
   8.622426E+01   2.803524E+01
   8.621891E+01   2.803838E+01
   8.621798E+01   2.804466E+01
   8.621669E+01   2.804891E+01
   8.621521E+01   2.805297E+01
   8.620985E+01   2.806554E+01
   8.621077E+01   2.807145E+01
   8.620745E+01   2.807607E+01
   8.620468E+01   2.808180E+01
   8.620597E+01   2.808845E+01
   8.620893E+01   2.809510E+01
   8.622223E+01   2.809584E+01
   8.621927E+01   2.810766E+01
   8.621613E+01   2.811672E+01
   8.620967E+01   2.812688E+01
   8.620523E+01   2.813334E+01
   8.620098E+01   2.813464E+01
   8.619784E+01   2.814055E+01
   8.619581E+01   2.814923E+01
   8.619729E+01   2.815607E+01
   8.619396E+01   2.816013E+01
   8.619193E+01   2.816697E+01
   8.618842E+01   2.817288E+01
   8.618177E+01   2.817196E+01
   8.617456E+01   2.816919E+01
   8.617530E+01   2.816568E+01
   8.617586E+01   2.815607E+01
   8.617826E+01   2.814960E+01
   8.617475E+01   2.814166E+01
   8.616311E+01   2.813889E+01
   8.615443E+01   2.813297E+01
   8.614297E+01   2.812725E+01
   8.614168E+01   2.812318E+01
   8.613410E+01   2.811764E+01
   8.613225E+01   2.810692E+01
   8.613115E+01   2.810231E+01
   8.612893E+01   2.809935E+01
   8.612542E+01   2.809713E+01
   8.612006E+01   2.809214E+01
   8.611082E+01   2.809085E+01
   8.610380E+01   2.809307E+01
   8.609178E+01   2.809774E+01
   8.609044E+01   2.809579E+01
   8.608629E+01   2.809342E+01
   8.608422E+01   2.808794E+01
   8.608440E+01   2.808254E+01
   8.608995E+01   2.807238E+01
   8.609475E+01   2.806203E+01
   8.608865E+01   2.804799E+01
   8.608902E+01   2.804115E+01
   8.609124E+01   2.803468E+01
   8.608348E+01   2.802452E+01
   8.608348E+01   2.801233E+01
   8.608902E+01   2.800549E+01
   8.609475E+01   2.799884E+01
   8.609789E+01   2.799293E+01
   8.610121E+01   2.798702E+01
   8.610473E+01   2.797981E+01
   8.610934E+01   2.796097E+01
   8.610805E+01   2.795542E+01
   8.611249E+01   2.795080E+01
   8.611563E+01   2.794637E+01
   8.612357E+01   2.794120E+01
   8.612616E+01   2.793584E+01
   8.612468E+01   2.792900E+01
   8.611599E+01   2.792679E+01
   8.610288E+01   2.792531E+01
   8.609715E+01   2.792309E+01
   8.609087E+01   2.791884E+01
   8.608108E+01   2.791422E+01
   8.606704E+01   2.791182E+01
   8.606907E+01   2.790536E+01
   8.606482E+01   2.790092E+01
   8.605889E+01   2.789690E+01
   8.605448E+01   2.789363E+01
   8.605175E+01   2.788973E+01
   8.604742E+01   2.788579E+01
   8.604842E+01   2.788154E+01
   8.604524E+01   2.787708E+01
   8.604392E+01   2.787259E+01
   8.604315E+01   2.787033E+01
   8.604180E+01   2.786760E+01
   8.603990E+01   2.786729E+01
   8.603821E+01   2.786627E+01
   8.603642E+01   2.786632E+01
   8.603241E+01   2.786478E+01
   8.602854E+01   2.785941E+01
   8.602731E+01   2.785413E+01
   8.602522E+01   2.784929E+01
   8.602459E+01   2.784611E+01
   8.602037E+01   2.784405E+01
   8.601478E+01   2.784109E+01
   8.601217E+01   2.784001E+01
   8.600926E+01   2.783869E+01
   8.600667E+01   2.783429E+01
   8.600313E+01   2.783173E+01
   8.600252E+01   2.782976E+01
   8.600437E+01   2.782770E+01
   8.600654E+01   2.782509E+01
   8.600960E+01   2.781923E+01
   8.601353E+01   2.781678E+01
   8.601464E+01   2.781420E+01
   8.601963E+01   2.780969E+01
   8.602048E+01   2.780488E+01
   8.602254E+01   2.779988E+01
   8.602146E+01   2.779365E+01
   8.602236E+01   2.778986E+01
   8.602596E+01   2.778516E+01
   8.602443E+01   2.778226E+01
   8.602192E+01   2.777571E+01
   8.601988E+01   2.777208E+01
   8.602117E+01   2.776968E+01
   8.602483E+01   2.776529E+01
   8.602934E+01   2.776151E+01
   8.603395E+01   2.775675E+01
   8.603232E+01   2.775039E+01
   8.603153E+01   2.774815E+01
   8.603151E+01   2.774646E+01
   8.603123E+01   2.774558E+01
   8.603056E+01   2.774439E+01
   8.603044E+01   2.774291E+01
   8.602973E+01   2.774216E+01
   8.602806E+01   2.774082E+01
   8.602788E+01   2.773978E+01
   8.602790E+01   2.773960E+01
   8.602751E+01   2.773969E+01
   8.602567E+01   2.774114E+01
   8.602331E+01   2.774076E+01
   8.602224E+01   2.774130E+01
   8.601843E+01   2.774308E+01
   8.601588E+01   2.774342E+01
   8.601399E+01   2.774439E+01
   8.601139E+01   2.774429E+01
   8.601042E+01   2.774464E+01
   8.600704E+01   2.774506E+01
   8.600560E+01   2.774523E+01
   8.600342E+01   2.774509E+01
   8.600153E+01   2.774344E+01
   8.599934E+01   2.774342E+01
   8.599773E+01   2.774275E+01
   8.599575E+01   2.774239E+01
   8.599379E+01   2.774149E+01
   8.599055E+01   2.774066E+01
   8.598716E+01   2.773900E+01
   8.598338E+01   2.773742E+01
   8.598034E+01   2.773624E+01
   8.597853E+01   2.773564E+01
   8.597673E+01   2.773585E+01
   8.597363E+01   2.773896E+01
   8.596968E+01   2.774107E+01
   8.596638E+01   2.774231E+01
   8.596308E+01   2.774233E+01
   8.596098E+01   2.774109E+01
   8.596125E+01   2.773894E+01
   8.596082E+01   2.773604E+01
   8.596006E+01   2.773525E+01
   8.595733E+01   2.773307E+01
   8.595547E+01   2.773236E+01
   8.595234E+01   2.772719E+01
   8.595279E+01   2.772519E+01
   8.595172E+01   2.772261E+01
   8.595041E+01   2.772188E+01
   8.594913E+01   2.772062E+01
   8.594735E+01   2.771860E+01
   8.594600E+01   2.771672E+01
   8.594459E+01   2.771553E+01
   8.594217E+01   2.771360E+01
   8.593943E+01   2.771238E+01
   8.593721E+01   2.771117E+01
   8.593620E+01   2.770909E+01
   8.593590E+01   2.770665E+01
   8.593625E+01   2.770434E+01
   8.593637E+01   2.770280E+01
   8.593727E+01   2.770028E+01
   8.593893E+01   2.769866E+01
   8.593869E+01   2.769683E+01
   8.593872E+01   2.769499E+01
   8.593828E+01   2.769209E+01
   8.593722E+01   2.769112E+01
   8.593478E+01   2.768869E+01
   8.593416E+01   2.768679E+01
   8.593519E+01   2.768416E+01
   8.593553E+01   2.768169E+01
   8.593638E+01   2.768021E+01
   8.593811E+01   2.767683E+01
   8.593828E+01   2.767437E+01
   8.593907E+01   2.767224E+01
   8.593913E+01   2.767040E+01
   8.593758E+01   2.766883E+01
   8.593513E+01   2.766840E+01
   8.593278E+01   2.766743E+01
   8.593078E+01   2.766511E+01
   8.592847E+01   2.766525E+01
   8.592679E+01   2.766464E+01
   8.592465E+01   2.766359E+01
   8.591940E+01   2.766393E+01
   8.591811E+01   2.766366E+01
   8.591755E+01   2.766237E+01
   8.591637E+01   2.766049E+01
   8.591586E+01   2.765804E+01
   8.591548E+01   2.765545E+01
   8.591485E+01   2.765332E+01
   8.591488E+01   2.764918E+01
   8.591493E+01   2.764703E+01
   8.591251E+01   2.764495E+01
   8.591015E+01   2.764379E+01
   8.590962E+01   2.764294E+01
   8.590958E+01   2.764062E+01
   8.591050E+01   2.763768E+01
   8.590979E+01   2.763670E+01
   8.590697E+01   2.763440E+01
   8.590471E+01   2.763359E+01
   8.590375E+01   2.763192E+01
   8.590062E+01   2.763048E+01
   8.589817E+01   2.763012E+01
   8.589712E+01   2.762843E+01
   8.589517E+01   2.762764E+01
   8.589319E+01   2.762616E+01
   8.589165E+01   2.762505E+01
   8.589017E+01   2.762310E+01
   8.588919E+01   2.762052E+01
   8.588819E+01   2.761905E+01
   8.588706E+01   2.761831E+01
   8.588588E+01   2.761720E+01
   8.588428E+01   2.761425E+01
   8.588560E+01   2.761207E+01
   8.588493E+01   2.761088E+01
   8.588294E+01   2.761077E+01
   8.588243E+01   2.761225E+01
   8.588118E+01   2.761448E+01
   8.588058E+01   2.761453E+01
   8.587981E+01   2.761473E+01
   8.587964E+01   2.761411E+01
   8.587943E+01   2.761347E+01
   8.587838E+01   2.761318E+01
   8.587752E+01   2.761358E+01
   8.587677E+01   2.761331E+01
   8.587657E+01   2.761257E+01
   8.587566E+01   2.761243E+01
   8.587493E+01   2.761289E+01
   8.587418E+01   2.761303E+01
   8.587401E+01   2.761227E+01
   8.587358E+01   2.761124E+01
   8.587308E+01   2.761063E+01
   8.587233E+01   2.761034E+01
   8.587175E+01   2.760963E+01
   8.587097E+01   2.760945E+01
   8.587051E+01   2.760911E+01
   8.587045E+01   2.760831E+01
   8.587020E+01   2.760760E+01
   8.586986E+01   2.760690E+01
   8.586935E+01   2.760588E+01
   8.586919E+01   2.760493E+01
   8.586901E+01   2.760391E+01
   8.586852E+01   2.760293E+01
   8.586773E+01   2.760212E+01
   8.586738E+01   2.760087E+01
   8.586704E+01   2.760046E+01
   8.586632E+01   2.759876E+01
   8.586557E+01   2.759747E+01
   8.586498E+01   2.759639E+01
   8.586433E+01   2.759607E+01
   8.586379E+01   2.759558E+01
   8.586351E+01   2.759499E+01
   8.586250E+01   2.759450E+01
   8.586207E+01   2.759409E+01
   8.586204E+01   2.759344E+01
   8.586148E+01   2.759319E+01
   8.586075E+01   2.759351E+01
   8.585990E+01   2.759366E+01
   8.585951E+01   2.759318E+01
   8.585952E+01   2.759253E+01
   8.585892E+01   2.759225E+01
   8.585814E+01   2.759240E+01
   8.585785E+01   2.759278E+01
   8.585755E+01   2.759306E+01
   8.585710E+01   2.759289E+01
   8.585675E+01   2.759243E+01
   8.585637E+01   2.759195E+01
   8.585582E+01   2.759169E+01
   8.585526E+01   2.759122E+01
   8.585461E+01   2.759128E+01
   8.585398E+01   2.759127E+01
   8.585336E+01   2.759168E+01
   8.585278E+01   2.759182E+01
   8.585251E+01   2.759162E+01
   8.585225E+01   2.759117E+01
   8.585216E+01   2.759050E+01
   8.585189E+01   2.758978E+01
   8.585133E+01   2.758932E+01
   8.585069E+01   2.758901E+01
   8.585067E+01   2.758860E+01
   8.585067E+01   2.758809E+01
   8.585077E+01   2.758763E+01
   8.585117E+01   2.758727E+01
   8.585115E+01   2.758680E+01
   8.585069E+01   2.758675E+01
   8.585028E+01   2.758687E+01
   8.584993E+01   2.758657E+01
   8.584977E+01   2.758596E+01
   8.584932E+01   2.758551E+01
   8.584869E+01   2.758513E+01
   8.584805E+01   2.758500E+01
   8.584765E+01   2.758483E+01
   8.584739E+01   2.758518E+01
   8.584689E+01   2.758539E+01
   8.584639E+01   2.758537E+01
   8.584623E+01   2.758493E+01
   8.584607E+01   2.758414E+01
   8.584633E+01   2.758336E+01
   8.584674E+01   2.758274E+01
   8.584644E+01   2.758224E+01
   8.584594E+01   2.758208E+01
   8.584529E+01   2.758171E+01
   8.584538E+01   2.758082E+01
   8.584562E+01   2.758001E+01
   8.584593E+01   2.757958E+01
   8.584656E+01   2.757935E+01
   8.584698E+01   2.757892E+01
   8.584658E+01   2.757872E+01
   8.584591E+01   2.757881E+01
   8.584537E+01   2.757865E+01
   8.584502E+01   2.757848E+01
   8.584462E+01   2.757821E+01
   8.584443E+01   2.757771E+01
   8.584368E+01   2.757759E+01
   8.584273E+01   2.757761E+01
   8.584204E+01   2.757713E+01
   8.584171E+01   2.757645E+01
   8.584126E+01   2.757591E+01
   8.584086E+01   2.757612E+01
   8.584044E+01   2.757630E+01
   8.584035E+01   2.757654E+01
   8.584015E+01   2.757713E+01
   8.583983E+01   2.757740E+01
   8.583939E+01   2.757726E+01
   8.583872E+01   2.757647E+01
   8.583819E+01   2.757550E+01
   8.583712E+01   2.757500E+01
   8.583588E+01   2.757542E+01
   8.583411E+01   2.757640E+01
   8.583299E+01   2.757705E+01
   8.583122E+01   2.757651E+01
   8.583101E+01   2.757533E+01
   8.582926E+01   2.757423E+01
   8.582844E+01   2.757458E+01
   8.582831E+01   2.757517E+01
   8.582825E+01   2.757610E+01
   8.582762E+01   2.757653E+01
   8.582633E+01   2.757553E+01
   8.582639E+01   2.757482E+01
   8.582684E+01   2.757412E+01
   8.582729E+01   2.757357E+01
   8.582704E+01   2.757303E+01
   8.582597E+01   2.757248E+01
   8.582513E+01   2.757198E+01
   8.582447E+01   2.757162E+01
   8.582394E+01   2.757096E+01
   8.582405E+01   2.757011E+01
   8.582444E+01   2.756953E+01
   8.582396E+01   2.756908E+01
   8.582328E+01   2.756847E+01
   8.582302E+01   2.756752E+01
   8.582305E+01   2.756610E+01
   8.582317E+01   2.756515E+01
   8.582335E+01   2.756424E+01
   8.582389E+01   2.756352E+01
   8.582449E+01   2.756309E+01
   8.582459E+01   2.756213E+01
   8.582465E+01   2.756078E+01
   8.582494E+01   2.755952E+01
   8.582551E+01   2.755865E+01
   8.582534E+01   2.755793E+01
   8.582584E+01   2.755621E+01
   8.582622E+01   2.755475E+01
   8.582627E+01   2.755355E+01
   8.582700E+01   2.755202E+01
   8.582767E+01   2.755069E+01
   8.582804E+01   2.754948E+01
   8.582785E+01   2.754848E+01
   8.582793E+01   2.754758E+01
   8.582847E+01   2.754722E+01
   8.582864E+01   2.754667E+01
   8.582828E+01   2.754577E+01
   8.582747E+01   2.754528E+01
   8.582702E+01   2.754416E+01
   8.582705E+01   2.754308E+01
   8.582733E+01   2.754213E+01
   8.582600E+01   2.754112E+01
   8.582471E+01   2.753958E+01
   8.582465E+01   2.753845E+01
   8.582511E+01   2.753785E+01
   8.582506E+01   2.753700E+01
   8.582456E+01   2.753580E+01
   8.582338E+01   2.753426E+01
   8.582285E+01   2.753363E+01
   8.582253E+01   2.753244E+01
   8.582188E+01   2.753184E+01
   8.582085E+01   2.753139E+01
   8.582007E+01   2.753102E+01
   8.581932E+01   2.753016E+01
   8.581894E+01   2.752926E+01
   8.581907E+01   2.752809E+01
   8.581954E+01   2.752648E+01
   8.581948E+01   2.752577E+01
   8.581882E+01   2.752517E+01
   8.581711E+01   2.752477E+01
   8.581595E+01   2.752455E+01
   8.581592E+01   2.752381E+01
   8.581683E+01   2.752322E+01
   8.581785E+01   2.752283E+01
   8.581832E+01   2.752219E+01
   8.581858E+01   2.752117E+01
   8.581888E+01   2.752023E+01
   8.581887E+01   2.751932E+01
   8.581900E+01   2.751856E+01
   8.581894E+01   2.751781E+01
   8.581793E+01   2.751741E+01
   8.581686E+01   2.751651E+01
   8.581628E+01   2.751595E+01
   8.581462E+01   2.751555E+01
   8.581412E+01   2.751485E+01
   8.581363E+01   2.751413E+01
   8.581267E+01   2.751319E+01
   8.581235E+01   2.751245E+01
   8.581180E+01   2.751175E+01
   8.581121E+01   2.751170E+01
   8.581068E+01   2.751147E+01
   8.580986E+01   2.751062E+01
   8.580928E+01   2.751012E+01
   8.580878E+01   2.750979E+01
   8.580823E+01   2.750952E+01
   8.580751E+01   2.750982E+01
   8.580695E+01   2.751029E+01
   8.580625E+01   2.751086E+01
   8.580554E+01   2.751132E+01
   8.580483E+01   2.751111E+01
   8.580467E+01   2.751038E+01
   8.580464E+01   2.750962E+01
   8.580473E+01   2.750867E+01
   8.580490E+01   2.750793E+01
   8.580423E+01   2.750702E+01
   8.580363E+01   2.750668E+01
   8.580289E+01   2.750650E+01
   8.580170E+01   2.750676E+01
   8.580075E+01   2.750686E+01
   8.580039E+01   2.750650E+01
   8.580020E+01   2.750576E+01
   8.579992E+01   2.750519E+01
   8.579977E+01   2.750374E+01
   8.579973E+01   2.750289E+01
   8.579932E+01   2.750214E+01
   8.579838E+01   2.750113E+01
   8.579788E+01   2.750044E+01
   8.579768E+01   2.749943E+01
   8.580168E+01   2.749743E+01
   8.580218E+01   2.749334E+01
   8.580326E+01   2.749000E+01
   8.580670E+01   2.748686E+01
   8.580792E+01   2.748440E+01
   8.580840E+01   2.748251E+01
   8.580678E+01   2.748015E+01
   8.580755E+01   2.747866E+01
   8.581016E+01   2.747557E+01
   8.581402E+01   2.747280E+01
   8.581313E+01   2.746816E+01
   8.581439E+01   2.746414E+01
   8.581234E+01   2.746292E+01
   8.581034E+01   2.746334E+01
   8.580894E+01   2.746107E+01
   8.580899E+01   2.745888E+01
   8.580880E+01   2.745582E+01
   8.581155E+01   2.745374E+01
   8.581426E+01   2.745191E+01
   8.581721E+01   2.745260E+01
   8.581690E+01   2.744673E+01
   8.581372E+01   2.744558E+01
   8.581283E+01   2.744552E+01
   8.581185E+01   2.744591E+01
   8.581065E+01   2.744582E+01
   8.580937E+01   2.744578E+01
   8.580876E+01   2.744515E+01
   8.580832E+01   2.744448E+01
   8.580866E+01   2.744302E+01
   8.580882E+01   2.744234E+01
   8.580771E+01   2.744139E+01
   8.580620E+01   2.744114E+01
   8.580512E+01   2.744147E+01
   8.580435E+01   2.744078E+01
   8.580340E+01   2.743941E+01
   8.580146E+01   2.743852E+01
   8.579995E+01   2.743819E+01
   8.579722E+01   2.743947E+01
   8.579480E+01   2.744045E+01
   8.579293E+01   2.744143E+01
   8.579206E+01   2.744299E+01
   8.579037E+01   2.744294E+01
   8.578270E+01   2.743332E+01
   8.577261E+01   2.739769E+01
   8.574114E+01   2.740829E+01
   8.572484E+01   2.741105E+01
   8.570733E+01   2.739614E+01
   8.569422E+01   2.737568E+01
   8.570365E+01   2.735815E+01
   8.570435E+01   2.735735E+01
   8.570411E+01   2.735659E+01
   8.570394E+01   2.735511E+01
   8.570401E+01   2.735398E+01
   8.570435E+01   2.735331E+01
   8.570490E+01   2.735279E+01
   8.570517E+01   2.735215E+01
   8.570531E+01   2.735128E+01
   8.570546E+01   2.735064E+01
   8.570520E+01   2.734973E+01
   8.570484E+01   2.734907E+01
   8.570464E+01   2.734838E+01
   8.570412E+01   2.734775E+01
   8.570432E+01   2.734692E+01
   8.570410E+01   2.734642E+01
   8.570393E+01   2.734563E+01
   8.570338E+01   2.734490E+01
   8.570252E+01   2.734439E+01
   8.570159E+01   2.734416E+01
   8.570074E+01   2.734404E+01
   8.570035E+01   2.734329E+01
   8.569959E+01   2.734245E+01
   8.569926E+01   2.734092E+01
   8.569831E+01   2.734059E+01
   8.569714E+01   2.734000E+01
   8.569582E+01   2.734005E+01
   8.569487E+01   2.733955E+01
   8.569364E+01   2.733920E+01
   8.569278E+01   2.733809E+01
   8.569175E+01   2.733787E+01
   8.569062E+01   2.733787E+01
   8.568970E+01   2.733760E+01
   8.568940E+01   2.733705E+01
   8.568839E+01   2.733708E+01
   8.568762E+01   2.733750E+01
   8.568730E+01   2.733789E+01
   8.568644E+01   2.733831E+01
   8.568487E+01   2.733987E+01
   8.568478E+01   2.734128E+01
   8.568329E+01   2.734205E+01
   8.568070E+01   2.734272E+01
   8.568038E+01   2.734444E+01
   8.567895E+01   2.734505E+01
   8.567706E+01   2.734439E+01
   8.567597E+01   2.734384E+01
   8.567404E+01   2.734335E+01
   8.567314E+01   2.734427E+01
   8.567214E+01   2.734417E+01
   8.567124E+01   2.734315E+01
   8.567211E+01   2.734214E+01
   8.567210E+01   2.734118E+01
   8.566993E+01   2.734070E+01
   8.566839E+01   2.733998E+01
   8.566759E+01   2.733855E+01
   8.566563E+01   2.733838E+01
   8.566408E+01   2.733840E+01
   8.566305E+01   2.733764E+01
   8.566191E+01   2.733707E+01
   8.566133E+01   2.733610E+01
   8.566106E+01   2.733483E+01
   8.565998E+01   2.733421E+01
   8.565896E+01   2.733496E+01
   8.565693E+01   2.733501E+01
   8.565452E+01   2.733429E+01
   8.565186E+01   2.733366E+01
   8.564999E+01   2.733438E+01
   8.564939E+01   2.733594E+01
   8.564752E+01   2.733775E+01
   8.564609E+01   2.734003E+01
   8.564373E+01   2.734175E+01
   8.564181E+01   2.734285E+01
   8.564304E+01   2.734399E+01
   8.564373E+01   2.734544E+01
   8.564239E+01   2.734616E+01
   8.564078E+01   2.734550E+01
   8.563960E+01   2.734614E+01
   8.563913E+01   2.734775E+01
   8.564042E+01   2.734767E+01
   8.564156E+01   2.734750E+01
   8.564188E+01   2.734861E+01
   8.564142E+01   2.735013E+01
   8.564054E+01   2.734971E+01
   8.563995E+01   2.734865E+01
   8.563900E+01   2.734894E+01
   8.563832E+01   2.735033E+01
   8.563837E+01   2.735169E+01
   8.563696E+01   2.735306E+01
   8.563504E+01   2.735344E+01
   8.563341E+01   2.735287E+01
   8.563394E+01   2.735190E+01
   8.563485E+01   2.735068E+01
   8.563364E+01   2.734927E+01
   8.563182E+01   2.734916E+01
   8.563151E+01   2.734785E+01
   8.563013E+01   2.734730E+01
   8.562874E+01   2.734721E+01
   8.562680E+01   2.734644E+01
   8.562390E+01   2.734529E+01
   8.562210E+01   2.734482E+01
   8.561994E+01   2.734533E+01
   8.561743E+01   2.734526E+01
   8.561521E+01   2.734490E+01
   8.561409E+01   2.734424E+01
   8.561240E+01   2.734303E+01
   8.561067E+01   2.734300E+01
   8.560864E+01   2.734391E+01
   8.560546E+01   2.734408E+01
   8.560348E+01   2.734367E+01
   8.560113E+01   2.734354E+01
   8.559914E+01   2.734328E+01
   8.559888E+01   2.734445E+01
   8.559718E+01   2.734462E+01
   8.559516E+01   2.734383E+01
   8.559271E+01   2.734344E+01
   8.559130E+01   2.734455E+01
   8.558928E+01   2.734421E+01
   8.558708E+01   2.734518E+01
   8.558637E+01   2.734439E+01
   8.558537E+01   2.734382E+01
   8.558289E+01   2.734401E+01
   8.558096E+01   2.734437E+01
   8.557892E+01   2.734455E+01
   8.557750E+01   2.734437E+01
   8.557735E+01   2.734285E+01
   8.557727E+01   2.734184E+01
   8.557562E+01   2.734146E+01
   8.557383E+01   2.734184E+01
   8.557244E+01   2.734080E+01
   8.557077E+01   2.734070E+01
   8.556905E+01   2.734044E+01
   8.556737E+01   2.734113E+01
   8.556527E+01   2.734089E+01
   8.556451E+01   2.734142E+01
   8.556561E+01   2.734228E+01
   8.556653E+01   2.734308E+01
   8.556580E+01   2.734444E+01
   8.556439E+01   2.734476E+01
   8.556351E+01   2.734396E+01
   8.556248E+01   2.734305E+01
   8.556303E+01   2.734166E+01
   8.556311E+01   2.734066E+01
   8.556073E+01   2.733948E+01
   8.555853E+01   2.733934E+01
   8.555751E+01   2.734055E+01
   8.555594E+01   2.734178E+01
   8.555503E+01   2.734303E+01
   8.555568E+01   2.734493E+01
   8.555498E+01   2.734643E+01
   8.555360E+01   2.734634E+01
   8.555255E+01   2.734474E+01
   8.555147E+01   2.734348E+01
   8.555000E+01   2.734324E+01
   8.554941E+01   2.734467E+01
   8.554903E+01   2.734666E+01
   8.554782E+01   2.734750E+01
   8.554510E+01   2.734805E+01
   8.554311E+01   2.734864E+01
   8.554075E+01   2.734931E+01
   8.553937E+01   2.735020E+01
   8.554028E+01   2.735075E+01
   8.554029E+01   2.735213E+01
   8.553955E+01   2.735395E+01
   8.553822E+01   2.735468E+01
   8.553658E+01   2.735412E+01
   8.553512E+01   2.735531E+01
   8.553372E+01   2.735678E+01
   8.553242E+01   2.735661E+01
   8.552986E+01   2.735521E+01
   8.552862E+01   2.735463E+01
   8.552711E+01   2.735412E+01
   8.552610E+01   2.735296E+01
   8.552474E+01   2.735222E+01
   8.552418E+01   2.735079E+01
   8.552325E+01   2.735007E+01
   8.552117E+01   2.734998E+01
   8.551967E+01   2.734974E+01
   8.551716E+01   2.734998E+01
   8.551472E+01   2.735022E+01
   8.551280E+01   2.735150E+01
   8.551126E+01   2.735283E+01
   8.550907E+01   2.735338E+01
   8.550691E+01   2.735485E+01
   8.550454E+01   2.735611E+01
   8.550357E+01   2.735734E+01
   8.550479E+01   2.735832E+01
   8.550632E+01   2.735936E+01
   8.550681E+01   2.736076E+01
   8.550806E+01   2.736196E+01
   8.550982E+01   2.736359E+01
   8.551047E+01   2.736522E+01
   8.550834E+01   2.736566E+01
   8.550760E+01   2.736477E+01
   8.550664E+01   2.736398E+01
   8.550571E+01   2.736514E+01
   8.550568E+01   2.736694E+01
   8.550539E+01   2.736885E+01
   8.550346E+01   2.736970E+01
   8.550205E+01   2.737164E+01
   8.550127E+01   2.737284E+01
   8.550052E+01   2.737226E+01
   8.549835E+01   2.737196E+01
   8.549597E+01   2.737272E+01
   8.549600E+01   2.737420E+01
   8.549531E+01   2.737574E+01
   8.549273E+01   2.737585E+01
   8.549067E+01   2.737477E+01
   8.548887E+01   2.737595E+01
   8.548780E+01   2.737800E+01
   8.548592E+01   2.737769E+01
   8.548508E+01   2.737605E+01
   8.548326E+01   2.737505E+01
   8.548145E+01   2.737351E+01
   8.547947E+01   2.737153E+01
   8.547725E+01   2.737102E+01
   8.547643E+01   2.737201E+01
   8.547404E+01   2.737115E+01
   8.547229E+01   2.737021E+01
   8.547249E+01   2.736966E+01
   8.547299E+01   2.736854E+01
   8.547078E+01   2.736357E+01
   8.546441E+01   2.735676E+01
   8.546025E+01   2.735425E+01
   8.545711E+01   2.735458E+01
   8.545315E+01   2.735363E+01
   8.544947E+01   2.735248E+01
   8.544763E+01   2.735102E+01
   8.544055E+01   2.733656E+01
   8.542564E+01   2.733247E+01
   8.541929E+01   2.733262E+01
   8.541980E+01   2.732438E+01
   8.542218E+01   2.731749E+01
   8.542412E+01   2.730995E+01
   8.542886E+01   2.730768E+01
   8.542890E+01   2.730166E+01
   8.543099E+01   2.729297E+01
   8.543147E+01   2.729012E+01
   8.543483E+01   2.728711E+01
   8.543883E+01   2.728684E+01
   8.544317E+01   2.728413E+01
   8.544939E+01   2.728444E+01
   8.545697E+01   2.728725E+01
   8.546142E+01   2.728354E+01
   8.546579E+01   2.727754E+01
   8.547885E+01   2.726474E+01
   8.548349E+01   2.725741E+01
   8.548761E+01   2.724505E+01
   8.548670E+01   2.722716E+01
   8.548627E+01   2.722423E+01
   8.548821E+01   2.722078E+01
   8.549172E+01   2.721982E+01
   8.549506E+01   2.722029E+01
   8.549853E+01   2.722057E+01
   8.550199E+01   2.721823E+01
   8.550403E+01   2.721563E+01
   8.550475E+01   2.721372E+01
   8.550310E+01   2.721188E+01
   8.550051E+01   2.720993E+01
   8.550017E+01   2.720871E+01
   8.550121E+01   2.720800E+01
   8.550436E+01   2.720472E+01
   8.550851E+01   2.719930E+01
   8.550919E+01   2.719736E+01
   8.550831E+01   2.719658E+01
   8.550512E+01   2.719559E+01
   8.549930E+01   2.719545E+01
   8.549514E+01   2.719718E+01
   8.549117E+01   2.719818E+01
   8.548844E+01   2.719848E+01
   8.548778E+01   2.719773E+01
   8.548783E+01   2.719639E+01
   8.548685E+01   2.719380E+01
   8.548961E+01   2.719039E+01
   8.549268E+01   2.718769E+01
   8.549186E+01   2.718567E+01
   8.549044E+01   2.718498E+01
   8.548719E+01   2.718338E+01
   8.548511E+01   2.718331E+01
   8.548321E+01   2.718429E+01
   8.548142E+01   2.718278E+01
   8.548118E+01   2.718099E+01
   8.548237E+01   2.717825E+01
   8.548286E+01   2.717638E+01
   8.548586E+01   2.717623E+01
   8.548767E+01   2.717575E+01
   8.548946E+01   2.717212E+01
   8.549174E+01   2.717177E+01
   8.549316E+01   2.717330E+01
   8.549714E+01   2.717363E+01
   8.549966E+01   2.717539E+01
   8.550139E+01   2.717559E+01
   8.550260E+01   2.717360E+01
   8.550281E+01   2.717143E+01
   8.549964E+01   2.716842E+01
   8.550225E+01   2.716624E+01
   8.550343E+01   2.716547E+01
   8.550392E+01   2.716357E+01
   8.550174E+01   2.716291E+01
   8.549868E+01   2.716301E+01
   8.549437E+01   2.716333E+01
   8.549241E+01   2.716154E+01
   8.548927E+01   2.715361E+01
   8.549082E+01   2.715018E+01
   8.549076E+01   2.714656E+01
   8.548300E+01   2.713725E+01
   8.547996E+01   2.713431E+01
   8.547605E+01   2.712683E+01
   8.546775E+01   2.711370E+01
   8.546203E+01   2.710514E+01
   8.545101E+01   2.709703E+01
   8.544300E+01   2.708040E+01
   8.543762E+01   2.706985E+01
   8.542797E+01   2.705650E+01
   8.542234E+01   2.704950E+01
   8.541804E+01   2.704516E+01
   8.541259E+01   2.703367E+01
   8.540980E+01   2.702939E+01
   8.540420E+01   2.702446E+01
   8.539790E+01   2.702040E+01
   8.539719E+01   2.701576E+01
   8.539085E+01   2.699268E+01
   8.539211E+01   2.698287E+01
   8.539697E+01   2.697457E+01
   8.539799E+01   2.696449E+01
   8.539228E+01   2.695080E+01
   8.539019E+01   2.694389E+01
   8.538724E+01   2.693398E+01
   8.538745E+01   2.692664E+01
   8.538929E+01   2.692195E+01
   8.538730E+01   2.691186E+01
   8.537848E+01   2.690504E+01
   8.536614E+01   2.690013E+01
   8.535559E+01   2.688803E+01
   8.535411E+01   2.687770E+01
   8.535327E+01   2.687359E+01
   8.535445E+01   2.687266E+01
   8.535459E+01   2.687170E+01
   8.535399E+01   2.686958E+01
   8.535360E+01   2.686714E+01
   8.535213E+01   2.686380E+01
   8.535129E+01   2.686114E+01
   8.535179E+01   2.686044E+01
   8.535278E+01   2.685994E+01
   8.535208E+01   2.685842E+01
   8.535075E+01   2.685832E+01
   8.534974E+01   2.685807E+01
   8.534882E+01   2.685714E+01
   8.534900E+01   2.685605E+01
   8.534860E+01   2.685517E+01
   8.534852E+01   2.685382E+01
   8.534817E+01   2.685245E+01
   8.534723E+01   2.685173E+01
   8.534699E+01   2.685034E+01
   8.534713E+01   2.684968E+01
   8.534645E+01   2.684922E+01
   8.534625E+01   2.684774E+01
   8.534590E+01   2.684676E+01
   8.534525E+01   2.684570E+01
   8.534448E+01   2.684512E+01
   8.534475E+01   2.684417E+01
   8.534458E+01   2.684361E+01
   8.534333E+01   2.684391E+01
   8.534322E+01   2.684333E+01
   8.534344E+01   2.684281E+01
   8.534394E+01   2.684143E+01
   8.534312E+01   2.684067E+01
   8.534023E+01   2.683893E+01
   8.533806E+01   2.683865E+01
   8.533667E+01   2.683853E+01
   8.533602E+01   2.683784E+01
   8.533661E+01   2.683716E+01
   8.533633E+01   2.683650E+01
   8.533527E+01   2.683616E+01
   8.533505E+01   2.683560E+01
   8.533465E+01   2.683546E+01
   8.533410E+01   2.683579E+01
   8.533348E+01   2.683595E+01
   8.533346E+01   2.683510E+01
   8.533293E+01   2.683435E+01
   8.533245E+01   2.683312E+01
   8.533228E+01   2.683153E+01
   8.533276E+01   2.683091E+01
   8.533354E+01   2.682997E+01
   8.533423E+01   2.682919E+01
   8.533382E+01   2.682870E+01
   8.533430E+01   2.682777E+01
   8.533511E+01   2.682682E+01
   8.533496E+01   2.682551E+01
   8.533492E+01   2.682405E+01
   8.533500E+01   2.682324E+01
   8.533409E+01   2.682278E+01
   8.533390E+01   2.682235E+01
   8.533497E+01   2.681999E+01
   8.533423E+01   2.681743E+01
   8.533369E+01   2.681629E+01
   8.533335E+01   2.681527E+01
   8.533179E+01   2.681554E+01
   8.533084E+01   2.681561E+01
   8.532781E+01   2.681393E+01
   8.532655E+01   2.681264E+01
   8.532603E+01   2.681324E+01
   8.532559E+01   2.681382E+01
   8.532433E+01   2.681365E+01
   8.532221E+01   2.681150E+01
   8.532197E+01   2.680978E+01
   8.532290E+01   2.680937E+01
   8.532441E+01   2.680681E+01
   8.532489E+01   2.680540E+01
   8.532526E+01   2.680400E+01
   8.532397E+01   2.680321E+01
   8.532245E+01   2.680286E+01
   8.532321E+01   2.680156E+01
   8.532240E+01   2.680097E+01
   8.532121E+01   2.680030E+01
   8.532065E+01   2.679770E+01
   8.532095E+01   2.679583E+01
   8.532255E+01   2.679540E+01
   8.532222E+01   2.679440E+01
   8.532091E+01   2.679313E+01
   8.532120E+01   2.679139E+01
   8.532177E+01   2.678945E+01
   8.532155E+01   2.678866E+01
   8.532112E+01   2.678773E+01
   8.532076E+01   2.678693E+01
   8.532038E+01   2.678641E+01
   8.532122E+01   2.678594E+01
   8.532204E+01   2.678570E+01
   8.532154E+01   2.678419E+01
   8.532117E+01   2.678321E+01
   8.532174E+01   2.678202E+01
   8.532244E+01   2.678213E+01
   8.532306E+01   2.678142E+01
   8.532315E+01   2.678012E+01
   8.532387E+01   2.677981E+01
   8.532405E+01   2.677908E+01
   8.532378E+01   2.677811E+01
   8.532434E+01   2.677787E+01
   8.532512E+01   2.677651E+01
   8.532673E+01   2.677515E+01
   8.532815E+01   2.677094E+01
   8.532782E+01   2.676761E+01
   8.532716E+01   2.676639E+01
   8.532670E+01   2.676450E+01
   8.532736E+01   2.676381E+01
   8.532712E+01   2.676303E+01
   8.532830E+01   2.676134E+01
   8.532916E+01   2.676032E+01
   8.532961E+01   2.675895E+01
   8.532975E+01   2.675754E+01
   8.532931E+01   2.675632E+01
   8.533083E+01   2.675496E+01
   8.533054E+01   2.675395E+01
   8.533158E+01   2.675275E+01
   8.533270E+01   2.675152E+01
   8.533386E+01   2.675019E+01
   8.533337E+01   2.674863E+01
   8.533516E+01   2.674789E+01
   8.533578E+01   2.674618E+01
   8.533666E+01   2.674473E+01
   8.533609E+01   2.674381E+01
   8.533498E+01   2.674278E+01
   8.534440E+01   2.675090E+01
   8.535557E+01   2.676040E+01
   8.536193E+01   2.676253E+01
   8.536424E+01   2.676007E+01
   8.537061E+01   2.675852E+01
   8.537470E+01   2.676097E+01
   8.537705E+01   2.676280E+01
   8.537969E+01   2.676748E+01
   8.538432E+01   2.677439E+01
   8.539243E+01   2.677563E+01
   8.540003E+01   2.678063E+01
   8.540513E+01   2.678683E+01
   8.540589E+01   2.678938E+01
   8.541017E+01   2.679127E+01
   8.541736E+01   2.679081E+01
   8.542044E+01   2.678903E+01
   8.542288E+01   2.678698E+01
   8.542617E+01   2.678610E+01
   8.542912E+01   2.678677E+01
   8.543054E+01   2.678794E+01
   8.543237E+01   2.679024E+01
   8.543980E+01   2.678703E+01
   8.545163E+01   2.678145E+01
   8.545370E+01   2.678220E+01
   8.545506E+01   2.678284E+01
   8.545711E+01   2.678358E+01
   8.545809E+01   2.678373E+01
   8.545988E+01   2.678613E+01
   8.546129E+01   2.678680E+01
   8.546218E+01   2.678717E+01
   8.546300E+01   2.678812E+01
   8.546440E+01   2.678861E+01
   8.546501E+01   2.678881E+01
   8.546569E+01   2.678837E+01
   8.546695E+01   2.678891E+01
   8.546964E+01   2.678926E+01
   8.547326E+01   2.679027E+01
   8.547730E+01   2.679277E+01
   8.547866E+01   2.679487E+01
   8.547862E+01   2.680016E+01
   8.548722E+01   2.679981E+01
   8.549572E+01   2.679905E+01
   8.549600E+01   2.680077E+01
   8.549682E+01   2.680293E+01
   8.549748E+01   2.680683E+01
   8.549743E+01   2.680850E+01
   8.549650E+01   2.680981E+01
   8.549798E+01   2.681039E+01
   8.549766E+01   2.681198E+01
   8.549987E+01   2.681344E+01
   8.550175E+01   2.681456E+01
   8.550614E+01   2.681628E+01
   8.551143E+01   2.681607E+01
   8.551965E+01   2.681451E+01
   8.552516E+01   2.682006E+01
   8.553497E+01   2.683014E+01
   8.555347E+01   2.683455E+01
   8.556631E+01   2.684309E+01
   8.557199E+01   2.685735E+01
   8.557537E+01   2.686106E+01
   8.557662E+01   2.685989E+01
   8.557827E+01   2.685911E+01
   8.557924E+01   2.685679E+01
   8.558035E+01   2.685808E+01
   8.558247E+01   2.685777E+01
   8.558625E+01   2.685508E+01
   8.558930E+01   2.684955E+01
   8.560632E+01   2.685701E+01
   8.562387E+01   2.687388E+01
   8.563587E+01   2.686875E+01
   8.564457E+01   2.685264E+01
   8.567681E+01   2.684452E+01
   8.568952E+01   2.683881E+01
   8.572070E+01   2.682044E+01
   8.572879E+01   2.680776E+01
   8.572873E+01   2.680263E+01
   8.573099E+01   2.679984E+01
   8.573417E+01   2.679602E+01
   8.573350E+01   2.677062E+01
   8.572858E+01   2.674971E+01
   8.572611E+01   2.672194E+01
   8.572519E+01   2.670704E+01
   8.572611E+01   2.669250E+01
   8.572461E+01   2.668618E+01
   8.572498E+01   2.668545E+01
   8.572429E+01   2.668004E+01
   8.572575E+01   2.667451E+01
   8.572567E+01   2.667195E+01
   8.572771E+01   2.666895E+01
   8.573002E+01   2.666626E+01
   8.573389E+01   2.666278E+01
   8.574444E+01   2.665056E+01
   8.575667E+01   2.664056E+01
   8.576468E+01   2.663307E+01
   8.577019E+01   2.662997E+01
   8.577841E+01   2.662852E+01
   8.578705E+01   2.662671E+01
   8.579618E+01   2.662540E+01
   8.580332E+01   2.661492E+01
   8.581044E+01   2.660902E+01
   8.583056E+01   2.661231E+01
   8.584021E+01   2.660983E+01
   8.584411E+01   2.660984E+01
   8.584799E+01   2.660902E+01
   8.585548E+01   2.659119E+01
   8.585248E+01   2.658410E+01
   8.585058E+01   2.656855E+01
   8.585598E+01   2.657200E+01
   8.586200E+01   2.657196E+01
   8.586774E+01   2.657899E+01
   8.587804E+01   2.658459E+01
   8.588655E+01   2.658422E+01
   8.589874E+01   2.659577E+01
   8.591041E+01   2.660581E+01
   8.592611E+01   2.661000E+01
   8.592570E+01   2.661428E+01
   8.592729E+01   2.661664E+01
   8.593334E+01   2.661609E+01
   8.593627E+01   2.661617E+01
   8.594489E+01   2.661657E+01
   8.595161E+01   2.662724E+01
   8.595046E+01   2.663579E+01
   8.595217E+01   2.664255E+01
   8.595592E+01   2.664956E+01
   8.596448E+01   2.665153E+01
   8.596873E+01   2.665518E+01
   8.597931E+01   2.665678E+01
   8.600535E+01   2.665812E+01
   8.601287E+01   2.666132E+01
   8.602733E+01   2.666831E+01
   8.606803E+01   2.665783E+01
   8.607279E+01   2.665121E+01
   8.609838E+01   2.663851E+01
   8.613874E+01   2.662894E+01
   8.613961E+01   2.661674E+01
   8.613773E+01   2.661126E+01
   8.614219E+01   2.660529E+01
   8.615035E+01   2.661161E+01
