   8.307786E+01   2.823383E+01
   8.307444E+01   2.823521E+01
   8.305057E+01   2.824339E+01
   8.304306E+01   2.824334E+01
   8.303685E+01   2.824014E+01
   8.302805E+01   2.823988E+01
   8.302185E+01   2.823489E+01
   8.302432E+01   2.823604E+01
   8.302606E+01   2.823556E+01
   8.302740E+01   2.823361E+01
   8.302656E+01   2.822429E+01
   8.302966E+01   2.821394E+01
   8.303514E+01   2.819819E+01
   8.303714E+01   2.819131E+01
   8.303348E+01   2.818048E+01
   8.303117E+01   2.817548E+01
   8.303076E+01   2.817262E+01
   8.303153E+01   2.817106E+01
   8.303396E+01   2.816905E+01
   8.303588E+01   2.816800E+01
   8.303767E+01   2.816768E+01
   8.303920E+01   2.816802E+01
   8.304203E+01   2.816848E+01
   8.303747E+01   2.816174E+01
   8.303758E+01   2.815675E+01
   8.304259E+01   2.815612E+01
   8.305068E+01   2.815019E+01
   8.305504E+01   2.814485E+01
   8.305603E+01   2.814318E+01
   8.305554E+01   2.814101E+01
   8.305458E+01   2.814211E+01
   8.305240E+01   2.814281E+01
   8.304993E+01   2.814147E+01
   8.305228E+01   2.813496E+01
   8.305269E+01   2.812094E+01
   8.304796E+01   2.811051E+01
   8.304403E+01   2.810059E+01
   8.303970E+01   2.810541E+01
   8.303062E+01   2.809916E+01
   8.301529E+01   2.810756E+01
   8.300733E+01   2.811140E+01
   8.300009E+01   2.810627E+01
   8.300163E+01   2.809544E+01
   8.299577E+01   2.809229E+01
   8.299314E+01   2.809003E+01
   8.298693E+01   2.807809E+01
   8.297526E+01   2.806627E+01
   8.297183E+01   2.805992E+01
   8.296449E+01   2.805332E+01
   8.296147E+01   2.804693E+01
   8.296112E+01   2.804331E+01
   8.296065E+01   2.804142E+01
   8.296280E+01   2.804094E+01
   8.296504E+01   2.804065E+01
   8.296617E+01   2.803932E+01
   8.296758E+01   2.803999E+01
   8.296947E+01   2.803854E+01
   8.297062E+01   2.803820E+01
   8.297205E+01   2.803532E+01
   8.297204E+01   2.803343E+01
   8.297290E+01   2.803284E+01
   8.297432E+01   2.803173E+01
   8.297423E+01   2.802928E+01
   8.297512E+01   2.802673E+01
   8.297602E+01   2.802436E+01
   8.297663E+01   2.802280E+01
   8.297552E+01   2.802140E+01
   8.297599E+01   2.801972E+01
   8.297566E+01   2.801914E+01
   8.297498E+01   2.801836E+01
   8.297383E+01   2.801761E+01
   8.297479E+01   2.801612E+01
   8.297426E+01   2.801522E+01
   8.297507E+01   2.801465E+01
   8.297403E+01   2.801428E+01
   8.297228E+01   2.801487E+01
   8.297212E+01   2.801300E+01
   8.297328E+01   2.801043E+01
   8.297319E+01   2.800740E+01
   8.297356E+01   2.800604E+01
   8.297094E+01   2.800570E+01
   8.296836E+01   2.800624E+01
   8.296871E+01   2.800394E+01
   8.296883E+01   2.800241E+01
   8.296713E+01   2.800327E+01
   8.296495E+01   2.800328E+01
   8.296264E+01   2.800029E+01
   8.296007E+01   2.799874E+01
   8.295870E+01   2.799938E+01
   8.295759E+01   2.799887E+01
   8.295655E+01   2.799843E+01
   8.295402E+01   2.799732E+01
   8.295251E+01   2.799493E+01
   8.295675E+01   2.799183E+01
   8.295900E+01   2.799207E+01
   8.296405E+01   2.798973E+01
   8.296430E+01   2.798779E+01
   8.296643E+01   2.798898E+01
   8.296731E+01   2.799266E+01
   8.296869E+01   2.799353E+01
   8.297434E+01   2.799157E+01
   8.297602E+01   2.798798E+01
   8.297568E+01   2.798417E+01
   8.298062E+01   2.798341E+01
   8.298394E+01   2.798136E+01
   8.298656E+01   2.798139E+01
   8.298724E+01   2.797914E+01
   8.299146E+01   2.797618E+01
   8.299449E+01   2.797610E+01
   8.299829E+01   2.797850E+01
   8.299958E+01   2.797659E+01
   8.300092E+01   2.797065E+01
   8.300621E+01   2.796838E+01
   8.301073E+01   2.796295E+01
   8.301363E+01   2.795999E+01
   8.301467E+01   2.795844E+01
   8.301600E+01   2.795519E+01
   8.301681E+01   2.795279E+01
   8.301456E+01   2.794998E+01
   8.301611E+01   2.794815E+01
   8.301753E+01   2.794701E+01
   8.301245E+01   2.794164E+01
   8.301541E+01   2.793702E+01
   8.301554E+01   2.793570E+01
   8.301341E+01   2.793338E+01
   8.301587E+01   2.792850E+01
   8.301438E+01   2.792281E+01
   8.301254E+01   2.792089E+01
   8.300964E+01   2.792019E+01
   8.300883E+01   2.792456E+01
   8.300484E+01   2.793165E+01
   8.300327E+01   2.793179E+01
   8.300220E+01   2.792881E+01
   8.299686E+01   2.793183E+01
   8.299081E+01   2.792870E+01
   8.298844E+01   2.792503E+01
   8.298654E+01   2.792737E+01
   8.298259E+01   2.792982E+01
   8.297472E+01   2.792772E+01
   8.296822E+01   2.792604E+01
   8.296121E+01   2.792858E+01
   8.295945E+01   2.792687E+01
   8.295339E+01   2.792983E+01
   8.294270E+01   2.793056E+01
   8.292885E+01   2.792339E+01
   8.292572E+01   2.791789E+01
   8.292663E+01   2.791468E+01
   8.292351E+01   2.791171E+01
   8.291914E+01   2.790749E+01
   8.291734E+01   2.790472E+01
   8.290863E+01   2.790659E+01
   8.290005E+01   2.790940E+01
   8.289567E+01   2.791416E+01
   8.289155E+01   2.791301E+01
   8.288967E+01   2.790991E+01
   8.288642E+01   2.790655E+01
   8.288148E+01   2.790683E+01
   8.287836E+01   2.790153E+01
   8.287423E+01   2.790225E+01
   8.286807E+01   2.790925E+01
   8.286419E+01   2.790895E+01
   8.286279E+01   2.790634E+01
   8.285871E+01   2.790354E+01
   8.285185E+01   2.790348E+01
   8.284226E+01   2.790384E+01
   8.283412E+01   2.790722E+01
   8.282413E+01   2.790560E+01
   8.282373E+01   2.790299E+01
   8.282048E+01   2.789671E+01
   8.280677E+01   2.788055E+01
   8.280409E+01   2.787356E+01
   8.281005E+01   2.787137E+01
   8.280743E+01   2.786726E+01
   8.279194E+01   2.786559E+01
   8.280770E+01   2.785944E+01
   8.279383E+01   2.785713E+01
   8.277534E+01   2.784145E+01
   8.275264E+01   2.783065E+01
   8.274847E+01   2.782373E+01
   8.275681E+01   2.781428E+01
   8.276255E+01   2.781083E+01
   8.276914E+01   2.781036E+01
   8.278208E+01   2.779928E+01
   8.278742E+01   2.779477E+01
   8.278950E+01   2.780542E+01
   8.279867E+01   2.780241E+01
   8.279872E+01   2.779461E+01
   8.280354E+01   2.779468E+01
   8.280570E+01   2.779223E+01
   8.280453E+01   2.779112E+01
   8.280291E+01   2.778807E+01
   8.280418E+01   2.777754E+01
   8.279946E+01   2.777612E+01
   8.278636E+01   2.777257E+01
   8.275820E+01   2.777699E+01
   8.273735E+01   2.777684E+01
   8.272972E+01   2.776582E+01
   8.271904E+01   2.775898E+01
   8.270370E+01   2.775877E+01
   8.269618E+01   2.775617E+01
   8.270218E+01   2.775032E+01
   8.270359E+01   2.774328E+01
   8.270777E+01   2.772293E+01
   8.270213E+01   2.771631E+01
   8.268909E+01   2.771521E+01
   8.266602E+01   2.771595E+01
   8.263794E+01   2.770928E+01
   8.262315E+01   2.770537E+01
   8.261078E+01   2.770478E+01
   8.260031E+01   2.770436E+01
   8.258525E+01   2.769907E+01
   8.256554E+01   2.769300E+01
   8.254959E+01   2.768887E+01
   8.253885E+01   2.768771E+01
   8.252834E+01   2.768736E+01
   8.251657E+01   2.769055E+01
   8.249008E+01   2.768142E+01
   8.247320E+01   2.767644E+01
   8.243692E+01   2.768539E+01
   8.241318E+01   2.769884E+01
   8.238229E+01   2.772058E+01
   8.233684E+01   2.775454E+01
   8.230337E+01   2.777287E+01
   8.226407E+01   2.780184E+01
   8.223779E+01   2.781749E+01
   8.222657E+01   2.782478E+01
   8.221334E+01   2.783852E+01
   8.220765E+01   2.784317E+01
   8.219549E+01   2.784852E+01
   8.214897E+01   2.785837E+01
   8.212109E+01   2.786587E+01
   8.209459E+01   2.789142E+01
   8.208037E+01   2.790878E+01
   8.206758E+01   2.792328E+01
   8.206739E+01   2.792461E+01
   8.206581E+01   2.792481E+01
   8.206480E+01   2.792521E+01
   8.206506E+01   2.792633E+01
   8.206578E+01   2.792747E+01
   8.206527E+01   2.792866E+01
   8.206625E+01   2.792833E+01
   8.206599E+01   2.792913E+01
   8.206638E+01   2.792967E+01
   8.206756E+01   2.792909E+01
   8.206878E+01   2.793091E+01
   8.206736E+01   2.793566E+01
   8.206773E+01   2.793637E+01
   8.206715E+01   2.793731E+01
   8.206779E+01   2.793808E+01
   8.206685E+01   2.793794E+01
   8.206687E+01   2.793880E+01
   8.206557E+01   2.793835E+01
   8.206564E+01   2.793928E+01
   8.206387E+01   2.794084E+01
   8.206704E+01   2.794699E+01
   8.207259E+01   2.795217E+01
   8.208568E+01   2.795046E+01
   8.209497E+01   2.795599E+01
   8.210344E+01   2.794885E+01
   8.211436E+01   2.795365E+01
   8.212349E+01   2.795091E+01
   8.213266E+01   2.795930E+01
   8.214305E+01   2.795937E+01
   8.215830E+01   2.795994E+01
   8.217563E+01   2.795205E+01
   8.219217E+01   2.795588E+01
   8.219143E+01   2.796197E+01
   8.219311E+01   2.797289E+01
   8.219249E+01   2.797992E+01
   8.218700E+01   2.798818E+01
   8.218554E+01   2.799408E+01
   8.218977E+01   2.801393E+01
   8.219405E+01   2.802591E+01
   8.218893E+01   2.803312E+01
   8.217935E+01   2.804049E+01
   8.216599E+01   2.804562E+01
   8.213404E+01   2.805777E+01
   8.212327E+01   2.806337E+01
   8.211438E+01   2.806968E+01
   8.210097E+01   2.807343E+01
   8.208645E+01   2.807757E+01
   8.207130E+01   2.808455E+01
   8.205852E+01   2.808835E+01
   8.204766E+01   2.809227E+01
   8.202106E+01   2.809918E+01
   8.201736E+01   2.810717E+01
   8.201664E+01   2.811863E+01
   8.201885E+01   2.812855E+01
   8.200341E+01   2.815702E+01
   8.198670E+01   2.817324E+01
   8.198361E+01   2.817754E+01
   8.197821E+01   2.818272E+01
   8.196831E+01   2.818250E+01
   8.196352E+01   2.818640E+01
   8.196433E+01   2.819198E+01
   8.195797E+01   2.819425E+01
   8.194805E+01   2.819645E+01
   8.194240E+01   2.819978E+01
   8.193755E+01   2.820742E+01
   8.192693E+01   2.821582E+01
   8.192083E+01   2.822730E+01
   8.190948E+01   2.823248E+01
   8.189494E+01   2.823436E+01
   8.188682E+01   2.824084E+01
   8.186963E+01   2.823926E+01
   8.186469E+01   2.824973E+01
   8.185015E+01   2.826576E+01
   8.183758E+01   2.827286E+01
   8.182780E+01   2.827626E+01
   8.180703E+01   2.828371E+01
   8.179160E+01   2.828264E+01
   8.178598E+01   2.829576E+01
   8.177295E+01   2.829768E+01
   8.176407E+01   2.830581E+01
   8.174445E+01   2.831358E+01
   8.174919E+01   2.832843E+01
   8.175154E+01   2.834437E+01
   8.175809E+01   2.835397E+01
   8.176846E+01   2.837227E+01
   8.176806E+01   2.837756E+01
   8.177465E+01   2.838744E+01
   8.178371E+01   2.839111E+01
   8.178980E+01   2.838943E+01
   8.179380E+01   2.839240E+01
   8.180227E+01   2.838978E+01
   8.180710E+01   2.839026E+01
   8.181285E+01   2.838728E+01
   8.181922E+01   2.838113E+01
   8.183580E+01   2.838176E+01
   8.185022E+01   2.837255E+01
   8.186222E+01   2.837041E+01
   8.188468E+01   2.836180E+01
   8.189107E+01   2.835552E+01
   8.190662E+01   2.834973E+01
   8.192485E+01   2.834198E+01
   8.192907E+01   2.833818E+01
   8.193946E+01   2.834191E+01
   8.196073E+01   2.835318E+01
   8.197859E+01   2.836233E+01
   8.197573E+01   2.837591E+01
   8.197740E+01   2.838394E+01
   8.198609E+01   2.839317E+01
   8.198422E+01   2.839697E+01
   8.197448E+01   2.840430E+01
   8.197203E+01   2.841347E+01
   8.196536E+01   2.842094E+01
   8.196135E+01   2.842826E+01
   8.196542E+01   2.843665E+01
   8.196332E+01   2.844624E+01
   8.196155E+01   2.844983E+01
   8.196475E+01   2.845136E+01
   8.197258E+01   2.844660E+01
   8.198678E+01   2.844720E+01
   8.198398E+01   2.845228E+01
   8.198831E+01   2.845842E+01
   8.199355E+01   2.846301E+01
   8.199842E+01   2.846417E+01
   8.200376E+01   2.846647E+01
   8.200801E+01   2.846647E+01
   8.201100E+01   2.847072E+01
   8.200920E+01   2.847629E+01
   8.201093E+01   2.848110E+01
   8.201758E+01   2.848856E+01
   8.202367E+01   2.849772E+01
   8.202248E+01   2.850359E+01
   8.202083E+01   2.851134E+01
   8.202614E+01   2.851522E+01
   8.202614E+01   2.852182E+01
   8.201875E+01   2.852659E+01
   8.201901E+01   2.853431E+01
   8.201760E+01   2.854186E+01
   8.200974E+01   2.855051E+01
   8.200455E+01   2.856257E+01
   8.199604E+01   2.856681E+01
   8.199523E+01   2.857489E+01
   8.200299E+01   2.857924E+01
   8.200013E+01   2.858665E+01
   8.200482E+01   2.858994E+01
   8.201127E+01   2.859735E+01
   8.200655E+01   2.860325E+01
   8.200313E+01   2.861267E+01
   8.200694E+01   2.861582E+01
   8.201431E+01   2.861559E+01
   8.202143E+01   2.861249E+01
   8.202694E+01   2.861726E+01
   8.202331E+01   2.862293E+01
   8.202144E+01   2.862652E+01
   8.202655E+01   2.863256E+01
   8.202644E+01   2.863886E+01
   8.203224E+01   2.864001E+01
   8.204582E+01   2.863723E+01
   8.205348E+01   2.864318E+01
   8.205817E+01   2.864510E+01
   8.205463E+01   2.863449E+01
   8.207352E+01   2.862823E+01
   8.208716E+01   2.861980E+01
   8.210061E+01   2.862198E+01
   8.211857E+01   2.862353E+01
   8.213557E+01   2.862644E+01
   8.214114E+01   2.861796E+01
   8.215456E+01   2.861343E+01
   8.216722E+01   2.861156E+01
   8.216973E+01   2.861237E+01
   8.217119E+01   2.861619E+01
   8.218334E+01   2.862209E+01
   8.218714E+01   2.863521E+01
   8.219185E+01   2.863861E+01
   8.219807E+01   2.866627E+01
   8.219566E+01   2.867439E+01
   8.219718E+01   2.868301E+01
   8.220574E+01   2.867717E+01
   8.221177E+01   2.868364E+01
   8.223151E+01   2.869142E+01
   8.224016E+01   2.871058E+01
   8.225260E+01   2.870965E+01
   8.226153E+01   2.870583E+01
   8.226803E+01   2.869944E+01
   8.227284E+01   2.869273E+01
   8.228007E+01   2.869458E+01
   8.227950E+01   2.870030E+01
   8.227587E+01   2.870466E+01
   8.228012E+01   2.870982E+01
   8.228521E+01   2.871626E+01
   8.228591E+01   2.872284E+01
   8.228802E+01   2.872896E+01
   8.228303E+01   2.873301E+01
   8.228898E+01   2.873635E+01
   8.228739E+01   2.874450E+01
   8.228443E+01   2.875023E+01
   8.228957E+01   2.875594E+01
   8.228340E+01   2.876190E+01
   8.228808E+01   2.877011E+01
   8.229355E+01   2.878132E+01
   8.230035E+01   2.878622E+01
   8.230719E+01   2.878774E+01
   8.231357E+01   2.878565E+01
   8.232339E+01   2.878550E+01
   8.233532E+01   2.878421E+01
   8.234224E+01   2.878615E+01
   8.234645E+01   2.878980E+01
   8.234782E+01   2.879254E+01
   8.235596E+01   2.879162E+01
   8.235858E+01   2.879399E+01
   8.236417E+01   2.879582E+01
   8.236422E+01   2.880006E+01
   8.236825E+01   2.880540E+01
   8.237403E+01   2.881620E+01
   8.237523E+01   2.882184E+01
   8.237967E+01   2.882497E+01
   8.238293E+01   2.882742E+01
   8.238820E+01   2.883108E+01
   8.239434E+01   2.883587E+01
   8.239900E+01   2.883913E+01
   8.240154E+01   2.884241E+01
   8.240699E+01   2.884413E+01
   8.241392E+01   2.884598E+01
   8.241730E+01   2.884949E+01
   8.242561E+01   2.884907E+01
   8.243343E+01   2.885450E+01
   8.243780E+01   2.885929E+01
   8.244172E+01   2.886415E+01
   8.245292E+01   2.887043E+01
   8.246054E+01   2.887503E+01
   8.246385E+01   2.887155E+01
   8.247398E+01   2.886925E+01
   8.248831E+01   2.887379E+01
   8.249866E+01   2.888502E+01
   8.250356E+01   2.889056E+01
   8.250832E+01   2.890734E+01
   8.251511E+01   2.894033E+01
   8.251781E+01   2.895216E+01
   8.251973E+01   2.895673E+01
   8.252768E+01   2.896426E+01
   8.253101E+01   2.896759E+01
   8.253563E+01   2.897532E+01
   8.254046E+01   2.897899E+01
   8.254646E+01   2.898305E+01
   8.256351E+01   2.898764E+01
   8.257380E+01   2.898926E+01
   8.257847E+01   2.898957E+01
   8.259536E+01   2.898061E+01
   8.261560E+01   2.897876E+01
   8.263069E+01   2.897105E+01
   8.264601E+01   2.896244E+01
   8.266616E+01   2.896387E+01
   8.267025E+01   2.894793E+01
   8.267719E+01   2.893748E+01
   8.268486E+01   2.892457E+01
   8.269146E+01   2.891419E+01
   8.270033E+01   2.890040E+01
   8.269191E+01   2.888682E+01
   8.269888E+01   2.887770E+01
   8.269617E+01   2.886485E+01
   8.270438E+01   2.885451E+01
   8.272242E+01   2.884964E+01
   8.273722E+01   2.884789E+01
   8.274428E+01   2.884188E+01
   8.275678E+01   2.881965E+01
   8.276263E+01   2.881425E+01
   8.277884E+01   2.881999E+01
   8.278569E+01   2.882226E+01
   8.279625E+01   2.882132E+01
   8.280436E+01   2.882351E+01
   8.282169E+01   2.883014E+01
   8.284056E+01   2.882882E+01
   8.284970E+01   2.882735E+01
   8.286444E+01   2.883233E+01
   8.287560E+01   2.883098E+01
   8.289757E+01   2.882521E+01
   8.291622E+01   2.883165E+01
   8.294707E+01   2.882864E+01
   8.296651E+01   2.882036E+01
   8.297557E+01   2.880897E+01
   8.298334E+01   2.880168E+01
   8.300861E+01   2.880038E+01
   8.302821E+01   2.879295E+01
   8.303993E+01   2.879513E+01
   8.305410E+01   2.878655E+01
   8.308003E+01   2.878700E+01
   8.308158E+01   2.878001E+01
   8.309383E+01   2.876809E+01
   8.310318E+01   2.875656E+01
   8.311014E+01   2.874872E+01
   8.313451E+01   2.874849E+01
   8.314630E+01   2.872128E+01
   8.315114E+01   2.870839E+01
   8.315020E+01   2.869596E+01
   8.314255E+01   2.868953E+01
   8.313838E+01   2.867519E+01
   8.312228E+01   2.867681E+01
   8.312325E+01   2.866208E+01
   8.311624E+01   2.863683E+01
   8.311422E+01   2.863046E+01
   8.310705E+01   2.863241E+01
   8.310645E+01   2.863251E+01
   8.310518E+01   2.863311E+01
   8.310429E+01   2.863337E+01
   8.310347E+01   2.863330E+01
   8.310293E+01   2.863336E+01
   8.310240E+01   2.863367E+01
   8.310222E+01   2.863398E+01
   8.310186E+01   2.863434E+01
   8.310114E+01   2.863444E+01
   8.310062E+01   2.863412E+01
   8.310022E+01   2.863384E+01
   8.309975E+01   2.863391E+01
   8.309924E+01   2.863441E+01
   8.309880E+01   2.863464E+01
   8.309799E+01   2.863512E+01
   8.309745E+01   2.863532E+01
   8.309691E+01   2.863522E+01
   8.309642E+01   2.863533E+01
   8.309604E+01   2.863543E+01
   8.309579E+01   2.863505E+01
   8.309556E+01   2.863460E+01
   8.309522E+01   2.863447E+01
   8.309496E+01   2.863464E+01
   8.309478E+01   2.863489E+01
   8.309418E+01   2.863479E+01
   8.309329E+01   2.863407E+01
   8.309272E+01   2.863381E+01
   8.309213E+01   2.863382E+01
   8.309166E+01   2.863410E+01
   8.309116E+01   2.863427E+01
   8.309087E+01   2.863413E+01
   8.309022E+01   2.863372E+01
   8.308980E+01   2.863313E+01
   8.308953E+01   2.863249E+01
   8.308910E+01   2.863233E+01
   8.308824E+01   2.863242E+01
   8.308763E+01   2.863226E+01
   8.308635E+01   2.863158E+01
   8.308564E+01   2.863095E+01
   8.308487E+01   2.863079E+01
   8.308420E+01   2.863057E+01
   8.308355E+01   2.862959E+01
   8.308311E+01   2.862883E+01
   8.308295E+01   2.862799E+01
   8.308269E+01   2.862759E+01
   8.308180E+01   2.862635E+01
   8.308114E+01   2.862571E+01
   8.308033E+01   2.862553E+01
   8.307930E+01   2.862515E+01
   8.307878E+01   2.862502E+01
   8.307819E+01   2.862457E+01
   8.307768E+01   2.862456E+01
   8.307682E+01   2.862440E+01
   8.307612E+01   2.862450E+01
   8.307539E+01   2.862427E+01
   8.307524E+01   2.862362E+01
   8.307483E+01   2.862333E+01
   8.307435E+01   2.862349E+01
   8.307345E+01   2.862351E+01
   8.307280E+01   2.862371E+01
   8.307235E+01   2.862346E+01
   8.307217E+01   2.862277E+01
   8.307151E+01   2.862260E+01
   8.307034E+01   2.862276E+01
   8.306987E+01   2.862306E+01
   8.306933E+01   2.862328E+01
   8.306894E+01   2.862352E+01
   8.306837E+01   2.862350E+01
   8.306780E+01   2.862374E+01
   8.306675E+01   2.862312E+01
   8.306589E+01   2.862272E+01
   8.306532E+01   2.862250E+01
   8.306473E+01   2.862242E+01
   8.306418E+01   2.862189E+01
   8.306368E+01   2.862203E+01
   8.306310E+01   2.862195E+01
   8.306237E+01   2.862171E+01
   8.306161E+01   2.862150E+01
   8.306083E+01   2.862099E+01
   8.305996E+01   2.862084E+01
   8.305918E+01   2.862086E+01
   8.305814E+01   2.862029E+01
   8.305758E+01   2.861967E+01
   8.305695E+01   2.861958E+01
   8.305627E+01   2.862028E+01
   8.305554E+01   2.862087E+01
   8.305420E+01   2.862163E+01
   8.305347E+01   2.862257E+01
   8.305327E+01   2.862313E+01
   8.305287E+01   2.862347E+01
   8.305277E+01   2.862394E+01
   8.305200E+01   2.862501E+01
   8.305117E+01   2.862534E+01
   8.305028E+01   2.862576E+01
   8.304990E+01   2.862643E+01
   8.304924E+01   2.862688E+01
   8.304867E+01   2.862727E+01
   8.304795E+01   2.862722E+01
   8.304725E+01   2.862737E+01
   8.304667E+01   2.862824E+01
   8.304574E+01   2.862879E+01
   8.304434E+01   2.862913E+01
   8.304364E+01   2.862943E+01
   8.304346E+01   2.862982E+01
   8.304301E+01   2.862998E+01
   8.304174E+01   2.862937E+01
   8.304088E+01   2.862936E+01
   8.304029E+01   2.862908E+01
   8.303966E+01   2.862896E+01
   8.303910E+01   2.862807E+01
   8.303848E+01   2.862760E+01
   8.303763E+01   2.862681E+01
   8.303680E+01   2.862640E+01
   8.303619E+01   2.862614E+01
   8.303572E+01   2.862589E+01
   8.303516E+01   2.862573E+01
   8.303452E+01   2.862545E+01
   8.303380E+01   2.862540E+01
   8.303294E+01   2.862575E+01
   8.303211E+01   2.862575E+01
   8.303006E+01   2.862551E+01
   8.302906E+01   2.862563E+01
   8.302807E+01   2.862605E+01
   8.302734E+01   2.862598E+01
   8.302701E+01   2.862636E+01
   8.302623E+01   2.862665E+01
   8.302535E+01   2.862656E+01
   8.302470E+01   2.862609E+01
   8.302414E+01   2.862600E+01
   8.302341E+01   2.862586E+01
   8.302281E+01   2.862506E+01
   8.302200E+01   2.862359E+01
   8.302076E+01   2.862233E+01
   8.301956E+01   2.862112E+01
   8.301818E+01   2.862131E+01
   8.301708E+01   2.862162E+01
   8.301617E+01   2.862156E+01
   8.301519E+01   2.862170E+01
   8.301466E+01   2.862152E+01
   8.301427E+01   2.862132E+01
   8.301359E+01   2.862175E+01
   8.301293E+01   2.862209E+01
   8.301218E+01   2.862246E+01
   8.301129E+01   2.862250E+01
   8.301046E+01   2.862309E+01
   8.300923E+01   2.862350E+01
   8.300848E+01   2.862348E+01
   8.300791E+01   2.862350E+01
   8.300747E+01   2.862309E+01
   8.300690E+01   2.862296E+01
   8.300654E+01   2.862234E+01
   8.300559E+01   2.862200E+01
   8.300491E+01   2.862239E+01
   8.300404E+01   2.862306E+01
   8.300283E+01   2.862379E+01
   8.300171E+01   2.862429E+01
   8.300092E+01   2.862418E+01
   8.300073E+01   2.862361E+01
   8.300029E+01   2.862347E+01
   8.299893E+01   2.862379E+01
   8.299818E+01   2.862427E+01
   8.299741E+01   2.862437E+01
   8.299664E+01   2.862477E+01
   8.299534E+01   2.862496E+01
   8.299430E+01   2.862510E+01
   8.299397E+01   2.862584E+01
   8.299319E+01   2.862662E+01
   8.299244E+01   2.862661E+01
   8.299216E+01   2.862621E+01
   8.299133E+01   2.862599E+01
   8.299077E+01   2.862535E+01
   8.299001E+01   2.862492E+01
   8.298959E+01   2.862509E+01
   8.298901E+01   2.862587E+01
   8.298824E+01   2.862679E+01
   8.298809E+01   2.862745E+01
   8.298741E+01   2.862785E+01
   8.298704E+01   2.862830E+01
   8.298637E+01   2.862856E+01
   8.298591E+01   2.862904E+01
   8.298582E+01   2.862947E+01
   8.298485E+01   2.862951E+01
   8.298423E+01   2.862992E+01
   8.298369E+01   2.863039E+01
   8.298258E+01   2.863059E+01
   8.298197E+01   2.863066E+01
   8.298138E+01   2.862988E+01
   8.298022E+01   2.862919E+01
   8.297886E+01   2.862907E+01
   8.297720E+01   2.862903E+01
   8.297643E+01   2.862837E+01
   8.297534E+01   2.862720E+01
   8.297443E+01   2.862654E+01
   8.297363E+01   2.862584E+01
   8.297228E+01   2.862025E+01
   8.295998E+01   2.861231E+01
   8.295671E+01   2.860889E+01
   8.295434E+01   2.860252E+01
   8.295268E+01   2.859829E+01
   8.295771E+01   2.858925E+01
   8.296498E+01   2.858037E+01
   8.297766E+01   2.857560E+01
   8.298515E+01   2.856362E+01
   8.297370E+01   2.854116E+01
   8.295159E+01   2.855530E+01
   8.294274E+01   2.855758E+01
   8.293654E+01   2.856211E+01
   8.292475E+01   2.856705E+01
   8.291627E+01   2.856437E+01
   8.291546E+01   2.856093E+01
   8.291428E+01   2.855600E+01
   8.291407E+01   2.855065E+01
   8.291250E+01   2.854568E+01
   8.291206E+01   2.853907E+01
   8.291296E+01   2.853635E+01
   8.291221E+01   2.853209E+01
   8.291246E+01   2.852879E+01
   8.290198E+01   2.851863E+01
   8.288713E+01   2.850810E+01
   8.289162E+01   2.849878E+01
   8.290339E+01   2.848624E+01
   8.291273E+01   2.847848E+01
   8.289346E+01   2.847964E+01
   8.288209E+01   2.846679E+01
   8.288598E+01   2.845270E+01
   8.290037E+01   2.844765E+01
   8.290900E+01   2.843701E+01
   8.291498E+01   2.842248E+01
   8.291851E+01   2.841257E+01
   8.291935E+01   2.840096E+01
   8.293302E+01   2.840110E+01
   8.294288E+01   2.839727E+01
   8.294790E+01   2.838662E+01
   8.294793E+01   2.837936E+01
   8.295376E+01   2.837271E+01
   8.295664E+01   2.836429E+01
   8.296610E+01   2.835768E+01
   8.297969E+01   2.835946E+01
   8.300360E+01   2.833285E+01
   8.302846E+01   2.832423E+01
   8.305173E+01   2.831811E+01
   8.306887E+01   2.830173E+01
   8.308464E+01   2.828963E+01
   8.309644E+01   2.827786E+01
   8.309499E+01   2.826060E+01
   8.308842E+01   2.824762E+01
   8.308079E+01   2.824087E+01
