   8.543102E+01   2.729168E+01
   8.543119E+01   2.729701E+01
   8.543014E+01   2.730581E+01
   8.542497E+01   2.730861E+01
   8.542387E+01   2.731416E+01
   8.542044E+01   2.732303E+01
   8.541761E+01   2.733111E+01
   8.542156E+01   2.733265E+01
   8.543456E+01   2.733516E+01
   8.544654E+01   2.734500E+01
   8.544908E+01   2.735242E+01
   8.545235E+01   2.735323E+01
   8.545551E+01   2.735481E+01
   8.545948E+01   2.735415E+01
   8.546428E+01   2.735554E+01
   8.546994E+01   2.736225E+01
   8.547307E+01   2.736802E+01
   8.547250E+01   2.736963E+01
   8.547232E+01   2.737017E+01
   8.547171E+01   2.737126E+01
   8.547296E+01   2.737312E+01
   8.547738E+01   2.737412E+01
   8.547856E+01   2.737745E+01
   8.547751E+01   2.737767E+01
   8.547519E+01   2.737682E+01
   8.547392E+01   2.737722E+01
   8.547311E+01   2.737809E+01
   8.547298E+01   2.738148E+01
   8.547233E+01   2.738333E+01
   8.547033E+01   2.738578E+01
   8.546974E+01   2.738843E+01
   8.546867E+01   2.738879E+01
   8.546753E+01   2.738841E+01
   8.546611E+01   2.738790E+01
   8.546544E+01   2.738723E+01
   8.546333E+01   2.738673E+01
   8.546116E+01   2.738837E+01
   8.546054E+01   2.739214E+01
   8.545940E+01   2.739447E+01
   8.545883E+01   2.739503E+01
   8.545779E+01   2.739511E+01
   8.545607E+01   2.739435E+01
   8.545336E+01   2.739224E+01
   8.545106E+01   2.738916E+01
   8.544985E+01   2.738728E+01
   8.544890E+01   2.738734E+01
   8.544806E+01   2.738783E+01
   8.544746E+01   2.738955E+01
   8.544717E+01   2.739411E+01
   8.544512E+01   2.739887E+01
   8.544341E+01   2.740181E+01
   8.543827E+01   2.740338E+01
   8.543503E+01   2.740328E+01
   8.543265E+01   2.740344E+01
   8.543227E+01   2.740462E+01
   8.543347E+01   2.740649E+01
   8.543360E+01   2.740790E+01
   8.543302E+01   2.740967E+01
   8.543218E+01   2.741030E+01
   8.543093E+01   2.741049E+01
   8.542953E+01   2.741039E+01
   8.542891E+01   2.741015E+01
   8.542785E+01   2.740832E+01
   8.542741E+01   2.740649E+01
   8.542715E+01   2.740571E+01
   8.542526E+01   2.740524E+01
   8.542186E+01   2.740424E+01
   8.542055E+01   2.740267E+01
   8.541953E+01   2.740280E+01
   8.541921E+01   2.740562E+01
   8.541844E+01   2.740856E+01
   8.541549E+01   2.740815E+01
   8.541447E+01   2.740632E+01
   8.541392E+01   2.740453E+01
   8.541177E+01   2.740645E+01
   8.541018E+01   2.740677E+01
   8.540853E+01   2.740599E+01
   8.540736E+01   2.740356E+01
   8.540603E+01   2.740299E+01
   8.540497E+01   2.740394E+01
   8.540564E+01   2.740523E+01
   8.540395E+01   2.740578E+01
   8.540007E+01   2.740447E+01
   8.539793E+01   2.740444E+01
   8.539674E+01   2.740637E+01
   8.539693E+01   2.740863E+01
   8.539561E+01   2.741039E+01
   8.539400E+01   2.741136E+01
   8.539216E+01   2.740978E+01
   8.538915E+01   2.740819E+01
   8.538533E+01   2.740767E+01
   8.538404E+01   2.740825E+01
   8.538405E+01   2.741037E+01
   8.538455E+01   2.741233E+01
   8.538335E+01   2.741391E+01
   8.537976E+01   2.741537E+01
   8.537830E+01   2.741693E+01
   8.537611E+01   2.741821E+01
   8.537252E+01   2.741874E+01
   8.536900E+01   2.742142E+01
   8.536914E+01   2.742347E+01
   8.536771E+01   2.742460E+01
   8.536413E+01   2.742511E+01
   8.536310E+01   2.742587E+01
   8.535815E+01   2.742841E+01
   8.535459E+01   2.742905E+01
   8.535103E+01   2.743036E+01
   8.535019E+01   2.743136E+01
   8.534874E+01   2.743101E+01
   8.534745E+01   2.742876E+01
   8.534584E+01   2.742886E+01
   8.534508E+01   2.742932E+01
   8.534400E+01   2.743110E+01
   8.534123E+01   2.743251E+01
   8.533950E+01   2.743304E+01
   8.533606E+01   2.743225E+01
   8.533468E+01   2.743226E+01
   8.533332E+01   2.743377E+01
   8.533271E+01   2.743613E+01
   8.533096E+01   2.743754E+01
   8.532791E+01   2.743852E+01
   8.532496E+01   2.743857E+01
   8.532421E+01   2.743842E+01
   8.532131E+01   2.743737E+01
   8.531910E+01   2.743684E+01
   8.531634E+01   2.743631E+01
   8.531448E+01   2.743714E+01
   8.531485E+01   2.743940E+01
   8.531606E+01   2.744136E+01
   8.531550E+01   2.744220E+01
   8.531221E+01   2.744574E+01
   8.531130E+01   2.744586E+01
   8.530882E+01   2.744508E+01
   8.530763E+01   2.744525E+01
   8.530263E+01   2.744999E+01
   8.530108E+01   2.745111E+01
   8.529817E+01   2.745064E+01
   8.529617E+01   2.745083E+01
   8.529028E+01   2.745145E+01
   8.528624E+01   2.745182E+01
   8.528073E+01   2.745160E+01
   8.527803E+01   2.745170E+01
   8.527487E+01   2.745347E+01
   8.527169E+01   2.745418E+01
   8.526902E+01   2.745358E+01
   8.526691E+01   2.745419E+01
   8.526607E+01   2.745499E+01
   8.526470E+01   2.745418E+01
   8.526275E+01   2.745556E+01
   8.526145E+01   2.745735E+01
   8.525880E+01   2.745820E+01
   8.525774E+01   2.745934E+01
   8.525823E+01   2.746225E+01
   8.525580E+01   2.746526E+01
   8.525613E+01   2.746678E+01
   8.525724E+01   2.746809E+01
   8.525670E+01   2.746910E+01
   8.525334E+01   2.747219E+01
   8.525174E+01   2.747409E+01
   8.524809E+01   2.747600E+01
   8.524763E+01   2.747765E+01
   8.524751E+01   2.747912E+01
   8.524740E+01   2.747972E+01
   8.524704E+01   2.748092E+01
   8.524766E+01   2.748222E+01
   8.524585E+01   2.748540E+01
   8.524562E+01   2.748608E+01
   8.524445E+01   2.748654E+01
   8.524463E+01   2.748789E+01
   8.524645E+01   2.749020E+01
   8.524700E+01   2.749256E+01
   8.524680E+01   2.749321E+01
   8.524722E+01   2.749373E+01
   8.524784E+01   2.749413E+01
   8.524807E+01   2.749496E+01
   8.524771E+01   2.749577E+01
   8.524537E+01   2.749721E+01
   8.524339E+01   2.749840E+01
   8.524281E+01   2.749970E+01
   8.524231E+01   2.750031E+01
   8.524101E+01   2.750066E+01
   8.523963E+01   2.750041E+01
   8.523819E+01   2.749990E+01
   8.523697E+01   2.750047E+01
   8.523607E+01   2.750218E+01
   8.523543E+01   2.750348E+01
   8.523454E+01   2.750480E+01
   8.523498E+01   2.750672E+01
   8.523605E+01   2.750790E+01
   8.523663E+01   2.750856E+01
   8.523657E+01   2.750964E+01
   8.523737E+01   2.751066E+01
   8.523876E+01   2.751152E+01
   8.524067E+01   2.751190E+01
   8.524169E+01   2.751274E+01
   8.524146E+01   2.751416E+01
   8.524088E+01   2.751725E+01
   8.524317E+01   2.751920E+01
   8.524628E+01   2.751963E+01
   8.524998E+01   2.752104E+01
   8.525062E+01   2.752229E+01
   8.525025E+01   2.752441E+01
   8.525050E+01   2.752565E+01
   8.525070E+01   2.752668E+01
   8.525114E+01   2.752772E+01
   8.524775E+01   2.752848E+01
   8.524583E+01   2.752902E+01
   8.524542E+01   2.753268E+01
   8.524361E+01   2.753335E+01
   8.524087E+01   2.753374E+01
   8.523569E+01   2.753445E+01
   8.523334E+01   2.753601E+01
   8.523172E+01   2.753630E+01
   8.523166E+01   2.753731E+01
   8.523184E+01   2.753771E+01
   8.523323E+01   2.753854E+01
   8.523411E+01   2.754063E+01
   8.523546E+01   2.754219E+01
   8.523743E+01   2.754417E+01
   8.523855E+01   2.754701E+01
   8.524333E+01   2.754779E+01
   8.524696E+01   2.755073E+01
   8.524603E+01   2.755242E+01
   8.524735E+01   2.755554E+01
   8.524826E+01   2.755829E+01
   8.524950E+01   2.755949E+01
   8.525113E+01   2.756038E+01
   8.525092E+01   2.756128E+01
   8.524989E+01   2.756248E+01
   8.524959E+01   2.756360E+01
   8.525043E+01   2.756472E+01
   8.525141E+01   2.756553E+01
   8.525238E+01   2.756675E+01
   8.525302E+01   2.756817E+01
   8.525381E+01   2.756908E+01
   8.525472E+01   2.756946E+01
   8.525547E+01   2.757016E+01
   8.525693E+01   2.757027E+01
   8.525781E+01   2.757107E+01
   8.525830E+01   2.757129E+01
   8.525963E+01   2.757085E+01
   8.526056E+01   2.756982E+01
   8.526238E+01   2.757016E+01
   8.526293E+01   2.757064E+01
   8.525922E+01   2.757746E+01
   8.525461E+01   2.757812E+01
   8.525155E+01   2.757794E+01
   8.524210E+01   2.757807E+01
   8.523993E+01   2.758102E+01
   8.523888E+01   2.758443E+01
   8.524161E+01   2.759233E+01
   8.524207E+01   2.759603E+01
   8.523896E+01   2.760033E+01
   8.523724E+01   2.761225E+01
   8.523722E+01   2.761516E+01
   8.523456E+01   2.762069E+01
   8.523157E+01   2.762337E+01
   8.522497E+01   2.762486E+01
   8.522202E+01   2.762917E+01
   8.522412E+01   2.763353E+01
   8.522596E+01   2.763875E+01
   8.522753E+01   2.764240E+01
   8.523288E+01   2.764841E+01
   8.522978E+01   2.765352E+01
   8.522424E+01   2.765441E+01
   8.522110E+01   2.765628E+01
   8.521317E+01   2.766110E+01
   8.520558E+01   2.766652E+01
   8.520315E+01   2.767062E+01
   8.519288E+01   2.767681E+01
   8.518904E+01   2.768143E+01
   8.517227E+01   2.767813E+01
   8.515444E+01   2.767256E+01
   8.514307E+01   2.767071E+01
   8.513295E+01   2.767716E+01
   8.511769E+01   2.769417E+01
   8.510659E+01   2.770144E+01
   8.509537E+01   2.771012E+01
   8.508097E+01   2.770557E+01
   8.506630E+01   2.770222E+01
   8.505833E+01   2.769379E+01
   8.505461E+01   2.769884E+01
   8.504195E+01   2.770189E+01
   8.503574E+01   2.770172E+01
   8.503369E+01   2.769665E+01
   8.502504E+01   2.770004E+01
   8.501450E+01   2.770592E+01
   8.500431E+01   2.770423E+01
   8.498934E+01   2.770516E+01
   8.497713E+01   2.769951E+01
   8.497215E+01   2.769258E+01
   8.495735E+01   2.768559E+01
   8.494417E+01   2.768644E+01
   8.492443E+01   2.768743E+01
   8.490794E+01   2.769801E+01
   8.489684E+01   2.768672E+01
   8.488232E+01   2.766978E+01
   8.485288E+01   2.768638E+01
   8.481837E+01   2.768261E+01
   8.480147E+01   2.767294E+01
   8.479683E+01   2.768371E+01
   8.478621E+01   2.769185E+01
   8.479297E+01   2.770032E+01
   8.478793E+01   2.771529E+01
   8.477549E+01   2.772060E+01
   8.475764E+01   2.773501E+01
   8.474398E+01   2.773390E+01
   8.472473E+01   2.772964E+01
   8.471166E+01   2.772719E+01
   8.470035E+01   2.772719E+01
   8.468842E+01   2.772547E+01
   8.468229E+01   2.772814E+01
   8.467537E+01   2.773035E+01
   8.467511E+01   2.774353E+01
   8.467954E+01   2.775057E+01
   8.468144E+01   2.775958E+01
   8.466848E+01   2.776626E+01
   8.466190E+01   2.778124E+01
   8.463769E+01   2.778308E+01
   8.463758E+01   2.779466E+01
   8.463882E+01   2.779360E+01
   8.464011E+01   2.779302E+01
   8.464118E+01   2.779302E+01
   8.464316E+01   2.779325E+01
   8.464539E+01   2.779428E+01
   8.464512E+01   2.779561E+01
   8.464550E+01   2.779667E+01
   8.464536E+01   2.779773E+01
   8.464498E+01   2.779871E+01
   8.464528E+01   2.779928E+01
   8.464604E+01   2.779972E+01
   8.464608E+01   2.780019E+01
   8.464555E+01   2.780036E+01
   8.464417E+01   2.780053E+01
   8.464351E+01   2.780139E+01
   8.464240E+01   2.780198E+01
   8.464147E+01   2.780287E+01
   8.464044E+01   2.780356E+01
   8.463953E+01   2.780409E+01
   8.463822E+01   2.780550E+01
   8.463769E+01   2.780620E+01
   8.463669E+01   2.780643E+01
   8.463592E+01   2.780680E+01
   8.463552E+01   2.780730E+01
   8.463510E+01   2.780714E+01
   8.463473E+01   2.780670E+01
   8.463416E+01   2.780701E+01
   8.463370E+01   2.780752E+01
   8.463278E+01   2.780726E+01
   8.463219E+01   2.780654E+01
   8.463090E+01   2.780680E+01
   8.463036E+01   2.780761E+01
   8.462978E+01   2.780803E+01
   8.462845E+01   2.780761E+01
   8.462671E+01   2.780780E+01
   8.462595E+01   2.780847E+01
   8.462487E+01   2.780940E+01
   8.462404E+01   2.780964E+01
   8.462206E+01   2.780930E+01
   8.462042E+01   2.780915E+01
   8.461886E+01   2.780900E+01
   8.461824E+01   2.781007E+01
   8.463904E+01   2.782212E+01
   8.464796E+01   2.782205E+01
   8.466513E+01   2.782595E+01
   8.466301E+01   2.783587E+01
   8.466375E+01   2.784152E+01
   8.466103E+01   2.784801E+01
   8.465852E+01   2.785128E+01
   8.465376E+01   2.785244E+01
   8.464666E+01   2.785460E+01
   8.464916E+01   2.785763E+01
   8.464738E+01   2.786031E+01
   8.463451E+01   2.786118E+01
   8.462628E+01   2.787346E+01
   8.462581E+01   2.787902E+01
   8.461742E+01   2.787931E+01
   8.460698E+01   2.787147E+01
   8.460260E+01   2.787611E+01
   8.459257E+01   2.787920E+01
   8.458694E+01   2.787828E+01
   8.457768E+01   2.787174E+01
   8.457758E+01   2.786531E+01
   8.455924E+01   2.785795E+01
   8.455685E+01   2.785302E+01
   8.455844E+01   2.784811E+01
   8.455663E+01   2.783805E+01
   8.454559E+01   2.783183E+01
   8.453810E+01   2.783326E+01
   8.452354E+01   2.783306E+01
   8.452026E+01   2.782798E+01
   8.451826E+01   2.781689E+01
   8.450814E+01   2.781673E+01
   8.449354E+01   2.781931E+01
   8.449039E+01   2.782069E+01
   8.447677E+01   2.782329E+01
   8.446634E+01   2.782111E+01
   8.446315E+01   2.781943E+01
   8.445270E+01   2.782104E+01
   8.444288E+01   2.782120E+01
   8.444023E+01   2.781650E+01
   8.443263E+01   2.781367E+01
   8.442997E+01   2.779136E+01
   8.444857E+01   2.777834E+01
   8.446298E+01   2.777087E+01
   8.447030E+01   2.776131E+01
   8.447029E+01   2.775192E+01
   8.446079E+01   2.775652E+01
   8.445429E+01   2.775982E+01
   8.444373E+01   2.775136E+01
   8.443068E+01   2.774129E+01
   8.442420E+01   2.774231E+01
   8.442526E+01   2.773385E+01
   8.443160E+01   2.770804E+01
   8.438191E+01   2.768024E+01
   8.435874E+01   2.769758E+01
   8.432891E+01   2.769545E+01
   8.432331E+01   2.768723E+01
   8.429615E+01   2.766993E+01
   8.425857E+01   2.765098E+01
   8.424293E+01   2.765216E+01
   8.421596E+01   2.764250E+01
   8.418652E+01   2.762615E+01
   8.413545E+01   2.758500E+01
   8.412549E+01   2.756545E+01
   8.410804E+01   2.755126E+01
   8.407923E+01   2.755967E+01
   8.406773E+01   2.755175E+01
   8.405099E+01   2.755670E+01
   8.404146E+01   2.754491E+01
   8.402652E+01   2.753690E+01
   8.399957E+01   2.754581E+01
   8.397674E+01   2.754878E+01
   8.395592E+01   2.754745E+01
   8.394627E+01   2.754129E+01
   8.392619E+01   2.754527E+01
   8.391957E+01   2.752732E+01
   8.392336E+01   2.751667E+01
   8.394655E+01   2.751903E+01
   8.395417E+01   2.752781E+01
   8.396988E+01   2.751360E+01
   8.395735E+01   2.750048E+01
   8.393859E+01   2.748958E+01
   8.394498E+01   2.746948E+01
   8.393947E+01   2.745481E+01
   8.393555E+01   2.744832E+01
   8.393956E+01   2.744925E+01
   8.394201E+01   2.744854E+01
   8.394200E+01   2.744635E+01
   8.394238E+01   2.744483E+01
   8.394348E+01   2.744271E+01
   8.394633E+01   2.744197E+01
   8.394711E+01   2.744240E+01
   8.394986E+01   2.744247E+01
   8.395304E+01   2.744293E+01
   8.395753E+01   2.744238E+01
   8.395948E+01   2.744388E+01
   8.396234E+01   2.744491E+01
   8.396720E+01   2.744690E+01
   8.396992E+01   2.744557E+01
   8.397008E+01   2.744438E+01
   8.397122E+01   2.744268E+01
   8.397334E+01   2.744305E+01
   8.397767E+01   2.744270E+01
   8.397781E+01   2.744072E+01
   8.397736E+01   2.743916E+01
   8.397882E+01   2.743964E+01
   8.398379E+01   2.744374E+01
   8.398767E+01   2.744371E+01
   8.399074E+01   2.744442E+01
   8.399443E+01   2.744595E+01
   8.399614E+01   2.744632E+01
   8.399688E+01   2.744511E+01
   8.399728E+01   2.744353E+01
   8.399742E+01   2.744237E+01
   8.399793E+01   2.744140E+01
   8.399860E+01   2.744189E+01
   8.399946E+01   2.744225E+01
   8.400120E+01   2.744050E+01
   8.400196E+01   2.744207E+01
   8.400314E+01   2.744244E+01
   8.400364E+01   2.744137E+01
   8.400478E+01   2.744236E+01
   8.400591E+01   2.744105E+01
   8.400513E+01   2.744000E+01
   8.400638E+01   2.744010E+01
   8.400851E+01   2.744048E+01
   8.400850E+01   2.743921E+01
   8.400876E+01   2.743765E+01
   8.401147E+01   2.743741E+01
   8.401393E+01   2.743735E+01
   8.401513E+01   2.743523E+01
   8.401685E+01   2.743451E+01
   8.401832E+01   2.743568E+01
   8.401888E+01   2.743634E+01
   8.401951E+01   2.743531E+01
   8.402073E+01   2.743424E+01
   8.402129E+01   2.743364E+01
   8.402229E+01   2.743310E+01
   8.402416E+01   2.743284E+01
   8.402481E+01   2.743415E+01
   8.402609E+01   2.743429E+01
   8.402642E+01   2.743357E+01
   8.402702E+01   2.743346E+01
   8.402724E+01   2.743470E+01
   8.402692E+01   2.743680E+01
   8.402593E+01   2.743721E+01
   8.402572E+01   2.743870E+01
   8.402810E+01   2.743983E+01
   8.402980E+01   2.743890E+01
   8.403090E+01   2.743882E+01
   8.403130E+01   2.744044E+01
   8.403179E+01   2.744165E+01
   8.403449E+01   2.744127E+01
   8.403959E+01   2.744337E+01
   8.404354E+01   2.744366E+01
   8.404605E+01   2.744336E+01
   8.405186E+01   2.744343E+01
   8.405387E+01   2.744874E+01
   8.405623E+01   2.745067E+01
   8.405986E+01   2.745476E+01
   8.405862E+01   2.745915E+01
   8.405819E+01   2.746217E+01
   8.406180E+01   2.746479E+01
   8.406300E+01   2.746827E+01
   8.406699E+01   2.747224E+01
   8.406860E+01   2.747810E+01
   8.407113E+01   2.748203E+01
   8.407197E+01   2.748064E+01
   8.407656E+01   2.748297E+01
   8.408089E+01   2.748371E+01
   8.408387E+01   2.748330E+01
   8.408959E+01   2.748613E+01
   8.409473E+01   2.748924E+01
   8.409616E+01   2.749403E+01
   8.409782E+01   2.749849E+01
   8.409849E+01   2.750271E+01
   8.409845E+01   2.750794E+01
   8.409723E+01   2.751632E+01
   8.410221E+01   2.751828E+01
   8.410562E+01   2.752117E+01
   8.410891E+01   2.752161E+01
   8.411057E+01   2.751982E+01
   8.411567E+01   2.751927E+01
   8.411775E+01   2.751393E+01
   8.412031E+01   2.751273E+01
   8.412363E+01   2.751115E+01
   8.412882E+01   2.751199E+01
   8.413413E+01   2.751463E+01
   8.413695E+01   2.751589E+01
   8.413935E+01   2.751734E+01
   8.414196E+01   2.751781E+01
   8.414555E+01   2.751870E+01
   8.415091E+01   2.751425E+01
   8.415014E+01   2.751278E+01
   8.415041E+01   2.750984E+01
   8.414970E+01   2.750760E+01
   8.414927E+01   2.750444E+01
   8.414950E+01   2.750177E+01
   8.414469E+01   2.749665E+01
   8.414566E+01   2.749358E+01
   8.414900E+01   2.748891E+01
   8.414891E+01   2.748629E+01
   8.415607E+01   2.748462E+01
   8.415936E+01   2.748487E+01
   8.416699E+01   2.748192E+01
   8.417002E+01   2.747962E+01
   8.417316E+01   2.747616E+01
   8.417809E+01   2.747454E+01
   8.418120E+01   2.747398E+01
   8.418453E+01   2.747243E+01
   8.418806E+01   2.747253E+01
   8.419080E+01   2.746953E+01
   8.419328E+01   2.747264E+01
   8.419534E+01   2.747225E+01
   8.420269E+01   2.747088E+01
   8.420711E+01   2.746794E+01
   8.420880E+01   2.746514E+01
   8.420769E+01   2.745687E+01
   8.420728E+01   2.745445E+01
   8.420757E+01   2.745300E+01
   8.420631E+01   2.744686E+01
   8.420754E+01   2.744329E+01
   8.420954E+01   2.744211E+01
   8.421562E+01   2.744230E+01
   8.421839E+01   2.744089E+01
   8.422090E+01   2.744604E+01
   8.422123E+01   2.744843E+01
   8.422644E+01   2.745153E+01
   8.422966E+01   2.745465E+01
   8.423187E+01   2.745636E+01
   8.424062E+01   2.745383E+01
   8.424514E+01   2.745444E+01
   8.424721E+01   2.745331E+01
   8.425120E+01   2.745348E+01
   8.425467E+01   2.745220E+01
   8.425627E+01   2.744863E+01
   8.425960E+01   2.744463E+01
   8.425996E+01   2.743760E+01
   8.426631E+01   2.743458E+01
   8.427031E+01   2.743084E+01
   8.427231E+01   2.742612E+01
   8.427425E+01   2.742083E+01
   8.427846E+01   2.741491E+01
   8.427816E+01   2.740873E+01
   8.427669E+01   2.740299E+01
   8.427567E+01   2.740025E+01
   8.427627E+01   2.739670E+01
   8.427799E+01   2.739657E+01
   8.428295E+01   2.739686E+01
   8.428484E+01   2.739254E+01
   8.429222E+01   2.738564E+01
   8.429607E+01   2.738716E+01
   8.429726E+01   2.738902E+01
   8.429929E+01   2.739057E+01
   8.430575E+01   2.738826E+01
   8.431273E+01   2.738634E+01
   8.431691E+01   2.738303E+01
   8.432394E+01   2.738132E+01
   8.433107E+01   2.737953E+01
   8.433854E+01   2.737831E+01
   8.434761E+01   2.737557E+01
   8.435609E+01   2.737566E+01
   8.436342E+01   2.737535E+01
   8.436774E+01   2.737499E+01
   8.437736E+01   2.737637E+01
   8.438491E+01   2.737387E+01
   8.438944E+01   2.737168E+01
   8.439537E+01   2.737110E+01
   8.439894E+01   2.737045E+01
   8.440216E+01   2.737090E+01
   8.440724E+01   2.737066E+01
   8.441307E+01   2.737174E+01
   8.442026E+01   2.737074E+01
   8.442515E+01   2.737285E+01
   8.443164E+01   2.737147E+01
   8.443611E+01   2.737043E+01
   8.444012E+01   2.737115E+01
   8.444377E+01   2.736944E+01
   8.444605E+01   2.736507E+01
   8.445262E+01   2.736374E+01
   8.445870E+01   2.736187E+01
   8.446357E+01   2.736093E+01
   8.446602E+01   2.735807E+01
   8.447207E+01   2.735673E+01
   8.447361E+01   2.735984E+01
   8.447872E+01   2.736198E+01
   8.449017E+01   2.735775E+01
   8.450204E+01   2.735594E+01
   8.451321E+01   2.735311E+01
   8.452016E+01   2.735340E+01
   8.452731E+01   2.735122E+01
   8.453839E+01   2.735086E+01
   8.454760E+01   2.734901E+01
   8.456195E+01   2.734771E+01
   8.457175E+01   2.734563E+01
   8.458408E+01   2.734298E+01
   8.459018E+01   2.734120E+01
   8.459506E+01   2.734012E+01
   8.460017E+01   2.733887E+01
   8.460618E+01   2.733694E+01
   8.460869E+01   2.733747E+01
   8.461377E+01   2.733856E+01
   8.461877E+01   2.733873E+01
   8.462269E+01   2.733592E+01
   8.463714E+01   2.731589E+01
   8.464878E+01   2.729659E+01
   8.467990E+01   2.723981E+01
   8.468203E+01   2.723671E+01
   8.468340E+01   2.723226E+01
   8.468522E+01   2.722955E+01
   8.468469E+01   2.722716E+01
   8.468665E+01   2.722435E+01
   8.468933E+01   2.722291E+01
   8.468907E+01   2.721942E+01
   8.469002E+01   2.721713E+01
   8.469088E+01   2.721493E+01
   8.468735E+01   2.721530E+01
   8.468684E+01   2.721388E+01
   8.468527E+01   2.721309E+01
   8.468449E+01   2.721228E+01
   8.468674E+01   2.721065E+01
   8.468584E+01   2.720898E+01
   8.468594E+01   2.720782E+01
   8.468560E+01   2.720680E+01
   8.468477E+01   2.720579E+01
   8.468381E+01   2.720479E+01
   8.468183E+01   2.720210E+01
   8.468095E+01   2.720009E+01
   8.468358E+01   2.719739E+01
   8.468308E+01   2.719441E+01
   8.468266E+01   2.719024E+01
   8.468175E+01   2.718847E+01
   8.467961E+01   2.718657E+01
   8.468069E+01   2.718586E+01
   8.468153E+01   2.718602E+01
   8.468123E+01   2.718393E+01
   8.468377E+01   2.718390E+01
   8.468371E+01   2.718272E+01
   8.468442E+01   2.718166E+01
   8.468507E+01   2.718000E+01
   8.468162E+01   2.718020E+01
   8.468299E+01   2.717860E+01
   8.468299E+01   2.717760E+01
   8.467608E+01   2.717218E+01
   8.467565E+01   2.717022E+01
   8.467819E+01   2.717033E+01
   8.468059E+01   2.716795E+01
   8.467825E+01   2.716685E+01
   8.467683E+01   2.716328E+01
   8.467848E+01   2.716146E+01
   8.468073E+01   2.715977E+01
   8.468215E+01   2.715918E+01
   8.468650E+01   2.715895E+01
   8.468534E+01   2.715722E+01
   8.468228E+01   2.715370E+01
   8.468068E+01   2.715238E+01
   8.468144E+01   2.715088E+01
   8.468257E+01   2.715003E+01
   8.468313E+01   2.714485E+01
   8.468304E+01   2.714152E+01
   8.468133E+01   2.713888E+01
   8.468028E+01   2.713661E+01
   8.467910E+01   2.713542E+01
   8.467805E+01   2.713462E+01
   8.467735E+01   2.713360E+01
   8.467745E+01   2.713271E+01
   8.467812E+01   2.713261E+01
   8.467850E+01   2.713303E+01
   8.467900E+01   2.713310E+01
   8.467927E+01   2.713262E+01
   8.467871E+01   2.713202E+01
   8.467833E+01   2.713108E+01
   8.467787E+01   2.712908E+01
   8.467833E+01   2.712814E+01
   8.467887E+01   2.712754E+01
   8.467856E+01   2.712706E+01
   8.467789E+01   2.712709E+01
   8.467763E+01   2.712677E+01
   8.467816E+01   2.712649E+01
   8.467845E+01   2.712610E+01
   8.467776E+01   2.712590E+01
   8.467720E+01   2.712536E+01
   8.467736E+01   2.712501E+01
   8.467779E+01   2.712475E+01
   8.467643E+01   2.712420E+01
   8.467542E+01   2.712347E+01
   8.467554E+01   2.712214E+01
   8.467540E+01   2.712082E+01
   8.467619E+01   2.712048E+01
   8.467616E+01   2.711991E+01
   8.467629E+01   2.711958E+01
   8.467676E+01   2.711906E+01
   8.467690E+01   2.711696E+01
   8.467673E+01   2.711517E+01
   8.467471E+01   2.711412E+01
   8.467195E+01   2.711381E+01
   8.467018E+01   2.711126E+01
   8.466893E+01   2.710963E+01
   8.466904E+01   2.710869E+01
   8.466971E+01   2.710725E+01
   8.467183E+01   2.710814E+01
   8.467343E+01   2.710939E+01
   8.467404E+01   2.710836E+01
   8.467278E+01   2.710635E+01
   8.467363E+01   2.710503E+01
   8.467451E+01   2.710022E+01
   8.467452E+01   2.709898E+01
   8.467435E+01   2.709614E+01
   8.467340E+01   2.709609E+01
   8.467243E+01   2.709656E+01
   8.467009E+01   2.709825E+01
   8.466940E+01   2.709816E+01
   8.466939E+01   2.709655E+01
   8.466919E+01   2.709577E+01
   8.466852E+01   2.709482E+01
   8.466761E+01   2.709455E+01
   8.466678E+01   2.709428E+01
   8.466705E+01   2.709375E+01
   8.466712E+01   2.709339E+01
   8.466546E+01   2.709396E+01
   8.466433E+01   2.709459E+01
   8.466408E+01   2.709388E+01
   8.466362E+01   2.709275E+01
   8.466384E+01   2.709245E+01
   8.466484E+01   2.709277E+01
   8.466683E+01   2.709288E+01
   8.466706E+01   2.709254E+01
   8.466740E+01   2.709250E+01
   8.466798E+01   2.709273E+01
   8.466823E+01   2.709242E+01
   8.466840E+01   2.709185E+01
   8.466895E+01   2.709168E+01
   8.466896E+01   2.709185E+01
   8.466904E+01   2.709208E+01
   8.467006E+01   2.709155E+01
   8.467031E+01   2.709113E+01
   8.466930E+01   2.709065E+01
   8.466883E+01   2.708980E+01
   8.466822E+01   2.708969E+01
   8.466737E+01   2.709020E+01
   8.466665E+01   2.709058E+01
   8.466637E+01   2.709021E+01
   8.466631E+01   2.708875E+01
   8.466613E+01   2.708772E+01
   8.466579E+01   2.708772E+01
   8.466397E+01   2.708919E+01
   8.466308E+01   2.708939E+01
   8.466276E+01   2.708895E+01
   8.466308E+01   2.708849E+01
   8.466328E+01   2.708784E+01
   8.466398E+01   2.708707E+01
   8.466468E+01   2.708659E+01
   8.466459E+01   2.708637E+01
   8.466427E+01   2.708636E+01
   8.466411E+01   2.708608E+01
   8.466374E+01   2.708600E+01
   8.466329E+01   2.708634E+01
   8.466271E+01   2.708653E+01
   8.466215E+01   2.708633E+01
   8.466169E+01   2.708558E+01
   8.466093E+01   2.708517E+01
   8.465979E+01   2.708492E+01
   8.465861E+01   2.708461E+01
   8.465799E+01   2.708344E+01
   8.465743E+01   2.708274E+01
   8.465722E+01   2.708284E+01
   8.465706E+01   2.708311E+01
   8.465634E+01   2.708323E+01
   8.465528E+01   2.708432E+01
   8.465474E+01   2.708406E+01
   8.465412E+01   2.708313E+01
   8.465369E+01   2.708257E+01
   8.465424E+01   2.708187E+01
   8.465511E+01   2.708223E+01
   8.465594E+01   2.708177E+01
   8.465671E+01   2.708124E+01
   8.465764E+01   2.708129E+01
   8.465859E+01   2.708091E+01
   8.465878E+01   2.708032E+01
   8.465850E+01   2.707987E+01
   8.465791E+01   2.707956E+01
   8.465719E+01   2.707965E+01
   8.465567E+01   2.707924E+01
   8.465388E+01   2.708018E+01
   8.465281E+01   2.708071E+01
   8.465223E+01   2.708019E+01
   8.465238E+01   2.707966E+01
   8.465316E+01   2.707888E+01
   8.465318E+01   2.707797E+01
   8.465273E+01   2.707754E+01
   8.465242E+01   2.707801E+01
   8.465182E+01   2.707846E+01
   8.465101E+01   2.707754E+01
   8.465064E+01   2.707707E+01
   8.464967E+01   2.707724E+01
   8.464834E+01   2.707483E+01
   8.464753E+01   2.707535E+01
   8.464751E+01   2.707606E+01
   8.464714E+01   2.707642E+01
   8.464713E+01   2.707604E+01
   8.464683E+01   2.707579E+01
   8.464620E+01   2.707580E+01
   8.464627E+01   2.707455E+01
   8.464681E+01   2.707242E+01
   8.464737E+01   2.707116E+01
   8.464669E+01   2.707088E+01
   8.464572E+01   2.707006E+01
   8.464558E+01   2.706845E+01
   8.464485E+01   2.706758E+01
   8.464458E+01   2.706663E+01
   8.464340E+01   2.706525E+01
   8.464419E+01   2.706457E+01
   8.464525E+01   2.706398E+01
   8.464489E+01   2.706344E+01
   8.464396E+01   2.706257E+01
   8.464446E+01   2.706188E+01
   8.464427E+01   2.706153E+01
   8.464287E+01   2.706016E+01
   8.464293E+01   2.705936E+01
   8.464398E+01   2.705856E+01
   8.464527E+01   2.705885E+01
   8.464566E+01   2.705863E+01
   8.464515E+01   2.705777E+01
   8.464437E+01   2.705634E+01
   8.464545E+01   2.705516E+01
   8.464545E+01   2.705366E+01
   8.464623E+01   2.705159E+01
   8.464545E+01   2.705122E+01
   8.464317E+01   2.705092E+01
   8.464343E+01   2.704974E+01
   8.464444E+01   2.704878E+01
   8.464255E+01   2.704803E+01
   8.464330E+01   2.704617E+01
   8.464970E+01   2.704370E+01
   8.466505E+01   2.703795E+01
   8.468007E+01   2.703219E+01
   8.468931E+01   2.702987E+01
   8.470011E+01   2.702745E+01
   8.470121E+01   2.702665E+01
   8.470254E+01   2.702669E+01
   8.470390E+01   2.702534E+01
   8.470839E+01   2.702221E+01
   8.471048E+01   2.702165E+01
   8.471178E+01   2.702122E+01
   8.471318E+01   2.702184E+01
   8.471436E+01   2.701978E+01
   8.471647E+01   2.701981E+01
   8.471718E+01   2.701867E+01
   8.471727E+01   2.701727E+01
   8.471754E+01   2.701754E+01
   8.471803E+01   2.701761E+01
   8.471860E+01   2.701766E+01
   8.471908E+01   2.701613E+01
   8.471970E+01   2.701514E+01
   8.472199E+01   2.701407E+01
   8.472581E+01   2.701386E+01
   8.472858E+01   2.701477E+01
   8.473073E+01   2.701426E+01
   8.473229E+01   2.701435E+01
   8.473723E+01   2.701181E+01
   8.474822E+01   2.700681E+01
   8.475668E+01   2.700289E+01
   8.475807E+01   2.700288E+01
   8.475822E+01   2.700362E+01
   8.475934E+01   2.700434E+01
   8.476014E+01   2.700513E+01
   8.476060E+01   2.700567E+01
   8.476107E+01   2.700593E+01
   8.476122E+01   2.700698E+01
   8.476198E+01   2.700818E+01
   8.476256E+01   2.700932E+01
   8.476326E+01   2.701000E+01
   8.476383E+01   2.701137E+01
   8.476431E+01   2.701231E+01
   8.476473E+01   2.701334E+01
   8.476563E+01   2.701378E+01
   8.476596E+01   2.701411E+01
   8.476646E+01   2.701396E+01
   8.476705E+01   2.701443E+01
   8.476776E+01   2.701488E+01
   8.476823E+01   2.701488E+01
   8.476884E+01   2.701570E+01
   8.477055E+01   2.701710E+01
   8.477156E+01   2.701747E+01
   8.477191E+01   2.701778E+01
   8.477282E+01   2.701767E+01
   8.477479E+01   2.701722E+01
   8.478252E+01   2.701426E+01
   8.478246E+01   2.701335E+01
   8.478263E+01   2.701116E+01
   8.478373E+01   2.700924E+01
   8.478386E+01   2.700812E+01
   8.478464E+01   2.700741E+01
   8.478543E+01   2.700754E+01
   8.478580E+01   2.700833E+01
   8.478564E+01   2.700961E+01
   8.478539E+01   2.701083E+01
   8.478600E+01   2.701106E+01
   8.478654E+01   2.700975E+01
   8.478729E+01   2.700870E+01
   8.478781E+01   2.700904E+01
   8.478874E+01   2.700955E+01
   8.478906E+01   2.700887E+01
   8.478858E+01   2.700837E+01
   8.478778E+01   2.700749E+01
   8.478838E+01   2.700668E+01
   8.478837E+01   2.700587E+01
   8.478731E+01   2.700570E+01
   8.478716E+01   2.700444E+01
   8.478764E+01   2.700382E+01
   8.478733E+01   2.700260E+01
   8.478731E+01   2.699898E+01
   8.478837E+01   2.699843E+01
   8.478827E+01   2.699729E+01
   8.478879E+01   2.699711E+01
   8.478955E+01   2.699755E+01
   8.478965E+01   2.699902E+01
   8.479034E+01   2.699925E+01
   8.479158E+01   2.699939E+01
   8.479120E+01   2.699916E+01
   8.479118E+01   2.699862E+01
   8.479058E+01   2.699718E+01
   8.479161E+01   2.699686E+01
   8.479261E+01   2.699641E+01
   8.479324E+01   2.699588E+01
   8.479439E+01   2.699742E+01
   8.479462E+01   2.699926E+01
   8.479536E+01   2.699933E+01
   8.479612E+01   2.700046E+01
   8.479644E+01   2.700170E+01
   8.479586E+01   2.700281E+01
   8.479627E+01   2.700334E+01
   8.479671E+01   2.700309E+01
   8.479718E+01   2.700349E+01
   8.479708E+01   2.700416E+01
   8.479785E+01   2.700430E+01
   8.479889E+01   2.700339E+01
   8.479956E+01   2.700116E+01
   8.480027E+01   2.700087E+01
   8.480064E+01   2.700149E+01
   8.480088E+01   2.700265E+01
   8.480115E+01   2.700296E+01
   8.480096E+01   2.700362E+01
   8.480110E+01   2.700464E+01
   8.480201E+01   2.700541E+01
   8.480481E+01   2.700620E+01
   8.480562E+01   2.700646E+01
   8.480583E+01   2.700696E+01
   8.480661E+01   2.700696E+01
   8.480721E+01   2.700730E+01
   8.480732E+01   2.700802E+01
   8.480612E+01   2.700955E+01
   8.480734E+01   2.701225E+01
   8.480835E+01   2.701121E+01
   8.480947E+01   2.701166E+01
   8.480989E+01   2.701508E+01
   8.480843E+01   2.701353E+01
   8.480678E+01   2.701363E+01
   8.480734E+01   2.701561E+01
   8.480996E+01   2.701731E+01
   8.481251E+01   2.701849E+01
   8.481694E+01   2.701971E+01
   8.481815E+01   2.702036E+01
   8.481897E+01   2.702102E+01
   8.481971E+01   2.702168E+01
   8.482090E+01   2.702145E+01
   8.482281E+01   2.702150E+01
   8.482932E+01   2.701968E+01
   8.483286E+01   2.701695E+01
   8.483940E+01   2.701386E+01
   8.485412E+01   2.700840E+01
   8.485415E+01   2.700737E+01
   8.485444E+01   2.700620E+01
   8.485341E+01   2.700622E+01
   8.485225E+01   2.700565E+01
   8.485199E+01   2.700423E+01
   8.485138E+01   2.700371E+01
   8.485091E+01   2.700289E+01
   8.485168E+01   2.700253E+01
   8.485250E+01   2.700202E+01
   8.485231E+01   2.700104E+01
   8.485116E+01   2.700075E+01
   8.485027E+01   2.699813E+01
   8.485079E+01   2.699804E+01
   8.485164E+01   2.699868E+01
   8.485232E+01   2.699829E+01
   8.485294E+01   2.699779E+01
   8.485337E+01   2.699809E+01
   8.485289E+01   2.699891E+01
   8.485351E+01   2.699925E+01
   8.485428E+01   2.699867E+01
   8.485496E+01   2.699804E+01
   8.485552E+01   2.699849E+01
   8.485677E+01   2.699878E+01
   8.485749E+01   2.699798E+01
   8.485719E+01   2.699719E+01
   8.485579E+01   2.699671E+01
   8.485548E+01   2.699617E+01
   8.485643E+01   2.699625E+01
   8.485757E+01   2.699654E+01
   8.485813E+01   2.699584E+01
   8.485758E+01   2.699591E+01
   8.485714E+01   2.699540E+01
   8.485768E+01   2.699492E+01
   8.485785E+01   2.699435E+01
   8.485722E+01   2.699282E+01
   8.485675E+01   2.699191E+01
   8.485584E+01   2.699339E+01
   8.485481E+01   2.699376E+01
   8.485501E+01   2.699213E+01
   8.485689E+01   2.699084E+01
   8.485765E+01   2.699020E+01
   8.485704E+01   2.698970E+01
   8.485541E+01   2.698874E+01
   8.485508E+01   2.698603E+01
   8.485624E+01   2.698546E+01
   8.485759E+01   2.698666E+01
   8.485805E+01   2.698771E+01
   8.485720E+01   2.698870E+01
   8.485747E+01   2.698920E+01
   8.485841E+01   2.698956E+01
   8.485890E+01   2.698837E+01
   8.485977E+01   2.698758E+01
   8.486111E+01   2.698772E+01
   8.486434E+01   2.698495E+01
   8.486578E+01   2.698408E+01
   8.486663E+01   2.698328E+01
   8.486790E+01   2.698363E+01
   8.487513E+01   2.698079E+01
   8.487742E+01   2.698002E+01
   8.488651E+01   2.697796E+01
   8.488999E+01   2.697175E+01
   8.489198E+01   2.697056E+01
   8.489235E+01   2.697258E+01
   8.489612E+01   2.697316E+01
   8.489705E+01   2.697203E+01
   8.490115E+01   2.697001E+01
   8.490824E+01   2.696849E+01
   8.491100E+01   2.696793E+01
   8.491192E+01   2.696809E+01
   8.491356E+01   2.696884E+01
   8.491645E+01   2.696909E+01
   8.492025E+01   2.696828E+01
   8.492242E+01   2.696797E+01
   8.492400E+01   2.696763E+01
   8.492582E+01   2.696796E+01
   8.492930E+01   2.696877E+01
   8.493233E+01   2.696795E+01
   8.493582E+01   2.696684E+01
   8.493795E+01   2.696602E+01
   8.494653E+01   2.696284E+01
   8.494981E+01   2.696144E+01
   8.495121E+01   2.696111E+01
   8.495347E+01   2.696007E+01
   8.495529E+01   2.695985E+01
   8.495640E+01   2.696054E+01
   8.495732E+01   2.696091E+01
   8.495963E+01   2.696100E+01
   8.496250E+01   2.696052E+01
   8.496301E+01   2.695950E+01
   8.496314E+01   2.695893E+01
   8.496479E+01   2.695803E+01
   8.496583E+01   2.695837E+01
   8.496589E+01   2.695672E+01
   8.496783E+01   2.695492E+01
   8.497192E+01   2.694915E+01
   8.497808E+01   2.694079E+01
   8.497655E+01   2.693996E+01
   8.497499E+01   2.693914E+01
   8.497720E+01   2.693731E+01
   8.497836E+01   2.693465E+01
   8.497664E+01   2.693143E+01
   8.497348E+01   2.693107E+01
   8.497263E+01   2.692952E+01
   8.497036E+01   2.692889E+01
   8.496993E+01   2.692461E+01
   8.497012E+01   2.691906E+01
   8.496872E+01   2.691679E+01
   8.497279E+01   2.691547E+01
   8.497875E+01   2.691500E+01
   8.498443E+01   2.691423E+01
   8.499131E+01   2.691343E+01
   8.499925E+01   2.691217E+01
   8.500032E+01   2.691141E+01
   8.500077E+01   2.691035E+01
   8.500120E+01   2.690985E+01
   8.500118E+01   2.690928E+01
   8.500033E+01   2.690870E+01
   8.500063E+01   2.690811E+01
   8.500086E+01   2.690726E+01
   8.500050E+01   2.690629E+01
   8.500075E+01   2.690586E+01
   8.500156E+01   2.690578E+01
   8.500160E+01   2.690506E+01
   8.500227E+01   2.690440E+01
   8.500238E+01   2.690357E+01
   8.500167E+01   2.690328E+01
   8.500142E+01   2.690391E+01
   8.500080E+01   2.690426E+01
   8.499933E+01   2.690453E+01
   8.499703E+01   2.690566E+01
   8.499625E+01   2.690668E+01
   8.499468E+01   2.690632E+01
   8.499406E+01   2.690574E+01
   8.499319E+01   2.690573E+01
   8.499287E+01   2.690424E+01
   8.499298E+01   2.690291E+01
   8.499636E+01   2.690081E+01
   8.500127E+01   2.689712E+01
   8.500415E+01   2.689505E+01
   8.501148E+01   2.689420E+01
   8.501963E+01   2.689299E+01
   8.502188E+01   2.689186E+01
   8.502624E+01   2.689186E+01
   8.503495E+01   2.689151E+01
   8.504322E+01   2.689064E+01
   8.504952E+01   2.688980E+01
   8.505183E+01   2.688654E+01
   8.505502E+01   2.688619E+01
   8.505841E+01   2.688477E+01
   8.506013E+01   2.688566E+01
   8.506084E+01   2.688576E+01
   8.505920E+01   2.688321E+01
   8.505635E+01   2.688073E+01
   8.505319E+01   2.688420E+01
   8.505096E+01   2.688287E+01
   8.504956E+01   2.688439E+01
   8.504880E+01   2.688378E+01
   8.505118E+01   2.688149E+01
   8.505328E+01   2.688070E+01
   8.504702E+01   2.687806E+01
   8.504361E+01   2.687949E+01
   8.504251E+01   2.687446E+01
   8.503973E+01   2.687498E+01
   8.503696E+01   2.687734E+01
   8.503757E+01   2.687521E+01
   8.503163E+01   2.687454E+01
   8.502884E+01   2.687273E+01
   8.503030E+01   2.686748E+01
   8.502753E+01   2.686577E+01
   8.502989E+01   2.686167E+01
   8.502822E+01   2.685911E+01
   8.502594E+01   2.685723E+01
   8.502337E+01   2.685686E+01
   8.502270E+01   2.685585E+01
   8.502409E+01   2.685440E+01
   8.502748E+01   2.685390E+01
   8.503116E+01   2.685368E+01
   8.503762E+01   2.685234E+01
   8.504679E+01   2.685075E+01
   8.505423E+01   2.684965E+01
   8.505874E+01   2.684915E+01
   8.505794E+01   2.685174E+01
   8.505829E+01   2.685402E+01
   8.505932E+01   2.685574E+01
   8.506257E+01   2.685147E+01
   8.506652E+01   2.685342E+01
   8.507279E+01   2.685550E+01
   8.507722E+01   2.685672E+01
   8.507728E+01   2.685874E+01
   8.508089E+01   2.685714E+01
   8.508255E+01   2.685576E+01
   8.508364E+01   2.685615E+01
   8.508493E+01   2.685356E+01
   8.508603E+01   2.685311E+01
   8.508691E+01   2.685283E+01
   8.508741E+01   2.685329E+01
   8.508620E+01   2.685406E+01
   8.508485E+01   2.685486E+01
   8.508515E+01   2.685585E+01
   8.508729E+01   2.685651E+01
   8.508740E+01   2.685784E+01
   8.508704E+01   2.685865E+01
   8.508928E+01   2.686007E+01
   8.508909E+01   2.686125E+01
   8.508773E+01   2.686213E+01
   8.508645E+01   2.686310E+01
   8.508548E+01   2.686537E+01
   8.508640E+01   2.686710E+01
   8.508717E+01   2.686704E+01
   8.508864E+01   2.686723E+01
   8.508869E+01   2.686791E+01
   8.508906E+01   2.686804E+01
   8.508988E+01   2.686800E+01
   8.509011E+01   2.686856E+01
   8.509076E+01   2.686782E+01
   8.509223E+01   2.686753E+01
   8.509611E+01   2.686753E+01
   8.509810E+01   2.686957E+01
   8.510007E+01   2.687122E+01
   8.510811E+01   2.687151E+01
   8.511050E+01   2.687155E+01
   8.511374E+01   2.687216E+01
   8.512386E+01   2.687149E+01
   8.512517E+01   2.687027E+01
   8.513431E+01   2.686796E+01
   8.513600E+01   2.686939E+01
   8.514848E+01   2.687089E+01
   8.515574E+01   2.687032E+01
   8.516570E+01   2.686869E+01
   8.517179E+01   2.686892E+01
   8.518142E+01   2.686971E+01
   8.518635E+01   2.687006E+01
   8.518952E+01   2.687013E+01
   8.519130E+01   2.686945E+01
   8.519290E+01   2.686628E+01
   8.519306E+01   2.686193E+01
   8.519164E+01   2.685437E+01
   8.519084E+01   2.684918E+01
   8.519188E+01   2.684161E+01
   8.519264E+01   2.683828E+01
   8.519148E+01   2.683471E+01
   8.519079E+01   2.683060E+01
   8.518681E+01   2.682580E+01
   8.518397E+01   2.682154E+01
   8.517853E+01   2.681678E+01
   8.517691E+01   2.681464E+01
   8.517650E+01   2.681026E+01
   8.517801E+01   2.680744E+01
   8.518163E+01   2.680202E+01
   8.518202E+01   2.680015E+01
   8.517924E+01   2.679844E+01
   8.518031E+01   2.679590E+01
   8.518304E+01   2.679482E+01
   8.518515E+01   2.679557E+01
   8.518644E+01   2.679541E+01
   8.518667E+01   2.679437E+01
   8.518570E+01   2.679212E+01
   8.518642E+01   2.679099E+01
   8.518818E+01   2.679142E+01
   8.519153E+01   2.679140E+01
   8.519286E+01   2.679026E+01
   8.519318E+01   2.678784E+01
   8.519458E+01   2.678530E+01
   8.519378E+01   2.678290E+01
   8.519167E+01   2.678231E+01
   8.519515E+01   2.677453E+01
   8.519705E+01   2.676993E+01
   8.519915E+01   2.676937E+01
   8.520130E+01   2.676815E+01
   8.520458E+01   2.676283E+01
   8.521059E+01   2.675862E+01
   8.521603E+01   2.675870E+01
   8.522252E+01   2.676023E+01
   8.523093E+01   2.676225E+01
   8.523839E+01   2.676209E+01
   8.524383E+01   2.676112E+01
   8.525189E+01   2.675913E+01
   8.525821E+01   2.675608E+01
   8.527218E+01   2.675420E+01
   8.528724E+01   2.675325E+01
   8.530194E+01   2.675251E+01
   8.530672E+01   2.675209E+01
   8.530901E+01   2.675129E+01
   8.531290E+01   2.675037E+01
   8.531532E+01   2.674950E+01
   8.531927E+01   2.674931E+01
   8.532027E+01   2.674768E+01
   8.532137E+01   2.674731E+01
   8.532201E+01   2.674584E+01
   8.532559E+01   2.674474E+01
   8.533498E+01   2.674278E+01
   8.533609E+01   2.674381E+01
   8.533666E+01   2.674473E+01
   8.533578E+01   2.674618E+01
   8.533516E+01   2.674789E+01
   8.533337E+01   2.674863E+01
   8.533386E+01   2.675019E+01
   8.533270E+01   2.675152E+01
   8.533158E+01   2.675275E+01
   8.533054E+01   2.675395E+01
   8.533083E+01   2.675496E+01
   8.532931E+01   2.675632E+01
   8.532975E+01   2.675754E+01
   8.532961E+01   2.675895E+01
   8.532916E+01   2.676032E+01
   8.532830E+01   2.676134E+01
   8.532712E+01   2.676303E+01
   8.532736E+01   2.676381E+01
   8.532670E+01   2.676450E+01
   8.532716E+01   2.676639E+01
   8.532782E+01   2.676761E+01
   8.532815E+01   2.677094E+01
   8.532673E+01   2.677515E+01
   8.532512E+01   2.677651E+01
   8.532434E+01   2.677787E+01
   8.532378E+01   2.677811E+01
   8.532405E+01   2.677908E+01
   8.532387E+01   2.677981E+01
   8.532315E+01   2.678012E+01
   8.532306E+01   2.678142E+01
   8.532244E+01   2.678213E+01
   8.532174E+01   2.678202E+01
   8.532117E+01   2.678321E+01
   8.532154E+01   2.678419E+01
   8.532204E+01   2.678570E+01
   8.532122E+01   2.678594E+01
   8.532038E+01   2.678641E+01
   8.532076E+01   2.678693E+01
   8.532112E+01   2.678773E+01
   8.532155E+01   2.678866E+01
   8.532177E+01   2.678945E+01
   8.532120E+01   2.679139E+01
   8.532091E+01   2.679313E+01
   8.532222E+01   2.679440E+01
   8.532255E+01   2.679540E+01
   8.532095E+01   2.679583E+01
   8.532065E+01   2.679770E+01
   8.532121E+01   2.680030E+01
   8.532240E+01   2.680097E+01
   8.532321E+01   2.680156E+01
   8.532245E+01   2.680286E+01
   8.532397E+01   2.680321E+01
   8.532526E+01   2.680400E+01
   8.532489E+01   2.680540E+01
   8.532441E+01   2.680681E+01
   8.532290E+01   2.680937E+01
   8.532197E+01   2.680978E+01
   8.532221E+01   2.681150E+01
   8.532433E+01   2.681365E+01
   8.532559E+01   2.681382E+01
   8.532603E+01   2.681324E+01
   8.532655E+01   2.681264E+01
   8.532781E+01   2.681393E+01
   8.533084E+01   2.681561E+01
   8.533179E+01   2.681554E+01
   8.533335E+01   2.681527E+01
   8.533369E+01   2.681629E+01
   8.533423E+01   2.681743E+01
   8.533497E+01   2.681999E+01
   8.533390E+01   2.682235E+01
   8.533409E+01   2.682278E+01
   8.533500E+01   2.682324E+01
   8.533492E+01   2.682405E+01
   8.533496E+01   2.682551E+01
   8.533511E+01   2.682682E+01
   8.533430E+01   2.682777E+01
   8.533382E+01   2.682870E+01
   8.533423E+01   2.682919E+01
   8.533354E+01   2.682997E+01
   8.533276E+01   2.683091E+01
   8.533228E+01   2.683153E+01
   8.533245E+01   2.683312E+01
   8.533293E+01   2.683435E+01
   8.533346E+01   2.683510E+01
   8.533348E+01   2.683595E+01
   8.533410E+01   2.683579E+01
   8.533465E+01   2.683546E+01
   8.533505E+01   2.683560E+01
   8.533527E+01   2.683616E+01
   8.533633E+01   2.683650E+01
   8.533661E+01   2.683716E+01
   8.533602E+01   2.683784E+01
   8.533667E+01   2.683853E+01
   8.533806E+01   2.683865E+01
   8.534023E+01   2.683893E+01
   8.534312E+01   2.684067E+01
   8.534394E+01   2.684143E+01
   8.534344E+01   2.684281E+01
   8.534322E+01   2.684333E+01
   8.534333E+01   2.684391E+01
   8.534458E+01   2.684361E+01
   8.534475E+01   2.684417E+01
   8.534448E+01   2.684512E+01
   8.534525E+01   2.684570E+01
   8.534590E+01   2.684676E+01
   8.534625E+01   2.684774E+01
   8.534645E+01   2.684922E+01
   8.534713E+01   2.684968E+01
   8.534699E+01   2.685034E+01
   8.534723E+01   2.685173E+01
   8.534817E+01   2.685245E+01
   8.534852E+01   2.685382E+01
   8.534860E+01   2.685517E+01
   8.534900E+01   2.685605E+01
   8.534882E+01   2.685714E+01
   8.534974E+01   2.685807E+01
   8.535075E+01   2.685832E+01
   8.535208E+01   2.685842E+01
   8.535278E+01   2.685994E+01
   8.535179E+01   2.686044E+01
   8.535129E+01   2.686114E+01
   8.535213E+01   2.686380E+01
   8.535360E+01   2.686714E+01
   8.535399E+01   2.686958E+01
   8.535459E+01   2.687170E+01
   8.535445E+01   2.687266E+01
   8.535327E+01   2.687359E+01
   8.535411E+01   2.687770E+01
   8.535559E+01   2.688803E+01
   8.536614E+01   2.690013E+01
   8.537848E+01   2.690504E+01
   8.538730E+01   2.691186E+01
   8.538929E+01   2.692195E+01
   8.538745E+01   2.692664E+01
   8.538724E+01   2.693398E+01
   8.539019E+01   2.694389E+01
   8.539228E+01   2.695080E+01
   8.539799E+01   2.696449E+01
   8.539697E+01   2.697457E+01
   8.539211E+01   2.698287E+01
   8.539085E+01   2.699268E+01
   8.539719E+01   2.701576E+01
   8.539790E+01   2.702040E+01
   8.540420E+01   2.702446E+01
   8.540980E+01   2.702939E+01
   8.541259E+01   2.703367E+01
   8.541804E+01   2.704516E+01
   8.542234E+01   2.704950E+01
   8.542797E+01   2.705650E+01
   8.543762E+01   2.706985E+01
   8.544300E+01   2.708040E+01
   8.545101E+01   2.709703E+01
   8.546203E+01   2.710514E+01
   8.546775E+01   2.711370E+01
   8.547605E+01   2.712683E+01
   8.547996E+01   2.713431E+01
   8.548300E+01   2.713725E+01
   8.549076E+01   2.714656E+01
   8.549082E+01   2.715018E+01
   8.548927E+01   2.715361E+01
   8.549241E+01   2.716154E+01
   8.549437E+01   2.716333E+01
   8.549868E+01   2.716301E+01
   8.550174E+01   2.716291E+01
   8.550392E+01   2.716357E+01
   8.550343E+01   2.716547E+01
   8.550225E+01   2.716624E+01
   8.549964E+01   2.716842E+01
   8.550281E+01   2.717143E+01
   8.550260E+01   2.717360E+01
   8.550139E+01   2.717559E+01
   8.549966E+01   2.717539E+01
   8.549714E+01   2.717363E+01
   8.549316E+01   2.717330E+01
   8.549174E+01   2.717177E+01
   8.548946E+01   2.717212E+01
   8.548767E+01   2.717575E+01
   8.548586E+01   2.717623E+01
   8.548286E+01   2.717638E+01
   8.548237E+01   2.717825E+01
   8.548118E+01   2.718099E+01
   8.548142E+01   2.718278E+01
   8.548321E+01   2.718429E+01
   8.548511E+01   2.718331E+01
   8.548719E+01   2.718338E+01
   8.549044E+01   2.718498E+01
   8.549186E+01   2.718567E+01
   8.549268E+01   2.718769E+01
   8.548961E+01   2.719039E+01
   8.548685E+01   2.719380E+01
   8.548783E+01   2.719639E+01
   8.548778E+01   2.719773E+01
   8.548844E+01   2.719848E+01
   8.549117E+01   2.719818E+01
   8.549514E+01   2.719718E+01
   8.549930E+01   2.719545E+01
   8.550512E+01   2.719559E+01
   8.550831E+01   2.719658E+01
   8.550919E+01   2.719736E+01
   8.550851E+01   2.719930E+01
   8.550436E+01   2.720472E+01
   8.550121E+01   2.720800E+01
   8.550017E+01   2.720871E+01
   8.550051E+01   2.720993E+01
   8.550310E+01   2.721188E+01
   8.550475E+01   2.721372E+01
   8.550403E+01   2.721563E+01
   8.550199E+01   2.721823E+01
   8.549853E+01   2.722057E+01
   8.549506E+01   2.722029E+01
   8.549172E+01   2.721982E+01
   8.548821E+01   2.722078E+01
   8.548627E+01   2.722423E+01
   8.548670E+01   2.722716E+01
   8.548761E+01   2.724505E+01
   8.548349E+01   2.725741E+01
   8.547885E+01   2.726474E+01
   8.546579E+01   2.727754E+01
   8.546142E+01   2.728354E+01
   8.545697E+01   2.728725E+01
   8.544939E+01   2.728444E+01
   8.544317E+01   2.728413E+01
   8.543883E+01   2.728684E+01
   8.543483E+01   2.728711E+01
   8.543147E+01   2.729012E+01
