   8.054804E+01   2.873356E+01
   8.053806E+01   2.873641E+01
   8.054020E+01   2.874023E+01
   8.054715E+01   2.874215E+01
   8.055147E+01   2.874779E+01
   8.055670E+01   2.875255E+01
   8.055269E+01   2.875193E+01
   8.054713E+01   2.875014E+01
   8.054364E+01   2.875202E+01
   8.054078E+01   2.875984E+01
   8.053618E+01   2.876650E+01
   8.053435E+01   2.876839E+01
   8.053554E+01   2.877126E+01
   8.053922E+01   2.877101E+01
   8.054396E+01   2.876981E+01
   8.054787E+01   2.877135E+01
   8.055007E+01   2.877397E+01
   8.054867E+01   2.877672E+01
   8.054441E+01   2.878551E+01
   8.053735E+01   2.879101E+01
   8.053733E+01   2.879379E+01
   8.053874E+01   2.879476E+01
   8.053760E+01   2.879597E+01
   8.053224E+01   2.879596E+01
   8.053098E+01   2.879969E+01
   8.052868E+01   2.880222E+01
   8.052646E+01   2.880541E+01
   8.052310E+01   2.880793E+01
   8.051976E+01   2.881123E+01
   8.051686E+01   2.881049E+01
   8.051366E+01   2.881221E+01
   8.051071E+01   2.881504E+01
   8.051361E+01   2.881797E+01
   8.051570E+01   2.881850E+01
   8.051818E+01   2.881976E+01
   8.051729E+01   2.882191E+01
   8.051424E+01   2.882327E+01
   8.051398E+01   2.882416E+01
   8.051488E+01   2.882507E+01
   8.051532E+01   2.882634E+01
   8.051767E+01   2.882734E+01
   8.051864E+01   2.882990E+01
   8.051596E+01   2.883452E+01
   8.051415E+01   2.883473E+01
   8.051326E+01   2.883295E+01
   8.051225E+01   2.883129E+01
   8.051007E+01   2.883161E+01
   8.050892E+01   2.883119E+01
   8.050748E+01   2.883211E+01
   8.050625E+01   2.883241E+01
   8.050683E+01   2.883365E+01
   8.050793E+01   2.883396E+01
   8.050766E+01   2.883566E+01
   8.050687E+01   2.883594E+01
   8.050545E+01   2.883625E+01
   8.050464E+01   2.883761E+01
   8.050680E+01   2.883786E+01
   8.050799E+01   2.883939E+01
   8.050718E+01   2.884025E+01
   8.050633E+01   2.884123E+01
   8.050571E+01   2.884237E+01
   8.050476E+01   2.884079E+01
   8.050351E+01   2.884053E+01
   8.050312E+01   2.884179E+01
   8.050242E+01   2.884363E+01
   8.050263E+01   2.884548E+01
   8.050286E+01   2.884715E+01
   8.050238E+01   2.884799E+01
   8.050098E+01   2.884783E+01
   8.050065E+01   2.884838E+01
   8.050029E+01   2.885013E+01
   8.049841E+01   2.885356E+01
   8.049725E+01   2.885686E+01
   8.049690E+01   2.885761E+01
   8.049907E+01   2.885807E+01
   8.049783E+01   2.886021E+01
   8.049991E+01   2.886293E+01
   8.050168E+01   2.886625E+01
   8.049645E+01   2.886838E+01
   8.049585E+01   2.887347E+01
   8.049915E+01   2.887720E+01
   8.050481E+01   2.888029E+01
   8.050356E+01   2.888750E+01
   8.050754E+01   2.889596E+01
   8.050264E+01   2.890506E+01
   8.050858E+01   2.892205E+01
   8.049624E+01   2.892214E+01
   8.049193E+01   2.892324E+01
   8.048770E+01   2.892417E+01
   8.048166E+01   2.893500E+01
   8.047400E+01   2.893869E+01
   8.046726E+01   2.893756E+01
   8.047307E+01   2.894752E+01
   8.048078E+01   2.895806E+01
   8.048971E+01   2.898251E+01
   8.048945E+01   2.898592E+01
   8.048760E+01   2.898863E+01
   8.048622E+01   2.899102E+01
   8.048392E+01   2.899380E+01
   8.048534E+01   2.899749E+01
   8.048687E+01   2.899607E+01
   8.049044E+01   2.899475E+01
   8.049905E+01   2.899400E+01
   8.051198E+01   2.899625E+01
   8.051899E+01   2.900197E+01
   8.052315E+01   2.900722E+01
   8.052937E+01   2.901047E+01
   8.053461E+01   2.901368E+01
   8.053594E+01   2.901756E+01
   8.053341E+01   2.902226E+01
   8.053330E+01   2.902496E+01
   8.053379E+01   2.902991E+01
   8.053723E+01   2.903260E+01
   8.054005E+01   2.903622E+01
   8.054434E+01   2.903724E+01
   8.054523E+01   2.904318E+01
   8.054508E+01   2.905032E+01
   8.054924E+01   2.905123E+01
   8.055199E+01   2.905538E+01
   8.055737E+01   2.905928E+01
   8.055967E+01   2.906493E+01
   8.056131E+01   2.906890E+01
   8.057323E+01   2.906443E+01
   8.057335E+01   2.906116E+01
   8.057973E+01   2.905792E+01
   8.058404E+01   2.905984E+01
   8.058768E+01   2.905425E+01
   8.059282E+01   2.905497E+01
   8.061084E+01   2.905182E+01
   8.061293E+01   2.905840E+01
   8.062033E+01   2.905347E+01
   8.062698E+01   2.904703E+01
   8.063431E+01   2.903589E+01
   8.064711E+01   2.902586E+01
   8.065959E+01   2.902299E+01
   8.066495E+01   2.901967E+01
   8.067274E+01   2.902027E+01
   8.067612E+01   2.901675E+01
   8.068095E+01   2.901618E+01
   8.069200E+01   2.901544E+01
   8.070387E+01   2.900954E+01
   8.072062E+01   2.900679E+01
   8.072588E+01   2.901098E+01
   8.074861E+01   2.900593E+01
   8.076052E+01   2.900348E+01
   8.076079E+01   2.899718E+01
   8.076390E+01   2.898734E+01
   8.078228E+01   2.898526E+01
   8.079709E+01   2.897671E+01
   8.080979E+01   2.895578E+01
   8.081073E+01   2.894300E+01
   8.081684E+01   2.893686E+01
   8.082510E+01   2.893191E+01
   8.083201E+01   2.893669E+01
   8.083544E+01   2.894641E+01
   8.083941E+01   2.895025E+01
   8.083690E+01   2.895607E+01
   8.084578E+01   2.896749E+01
   8.085412E+01   2.897786E+01
   8.086613E+01   2.896885E+01
   8.088425E+01   2.896394E+01
   8.088329E+01   2.895486E+01
   8.088279E+01   2.894068E+01
   8.089350E+01   2.893514E+01
   8.089744E+01   2.894272E+01
   8.090332E+01   2.894010E+01
   8.091315E+01   2.893116E+01
   8.093135E+01   2.894442E+01
   8.096748E+01   2.894078E+01
   8.098426E+01   2.893673E+01
   8.099889E+01   2.892883E+01
   8.102935E+01   2.890959E+01
   8.104887E+01   2.888246E+01
   8.105754E+01   2.887376E+01
   8.107252E+01   2.887697E+01
   8.107187E+01   2.886568E+01
   8.108973E+01   2.886255E+01
   8.110120E+01   2.884576E+01
   8.111253E+01   2.884991E+01
   8.112717E+01   2.885629E+01
   8.114096E+01   2.887325E+01
   8.115731E+01   2.884399E+01
   8.116711E+01   2.883648E+01
   8.118684E+01   2.882424E+01
   8.120716E+01   2.882014E+01
   8.119545E+01   2.883290E+01
   8.119962E+01   2.886243E+01
   8.120489E+01   2.886373E+01
   8.120537E+01   2.885469E+01
   8.122347E+01   2.883897E+01
   8.122994E+01   2.882733E+01
   8.124227E+01   2.880863E+01
   8.122577E+01   2.879521E+01
   8.125040E+01   2.877455E+01
   8.125136E+01   2.875482E+01
   8.125903E+01   2.874155E+01
   8.125714E+01   2.872893E+01
   8.127297E+01   2.871761E+01
   8.127083E+01   2.870196E+01
   8.128138E+01   2.869389E+01
   8.128531E+01   2.867334E+01
   8.128789E+01   2.865060E+01
   8.127436E+01   2.863293E+01
   8.126922E+01   2.861868E+01
   8.124673E+01   2.859309E+01
   8.122261E+01   2.857035E+01
   8.116713E+01   2.852342E+01
   8.114634E+01   2.849664E+01
   8.114368E+01   2.849456E+01
   8.111545E+01   2.847427E+01
   8.110239E+01   2.845930E+01
   8.108911E+01   2.844838E+01
   8.106561E+01   2.842261E+01
   8.106732E+01   2.840175E+01
   8.106348E+01   2.839748E+01
   8.105231E+01   2.840589E+01
   8.104524E+01   2.841099E+01
   8.103473E+01   2.840727E+01
   8.102604E+01   2.840543E+01
   8.101763E+01   2.841608E+01
   8.103354E+01   2.842775E+01
   8.103098E+01   2.843692E+01
   8.101918E+01   2.843180E+01
   8.101473E+01   2.844322E+01
   8.101693E+01   2.845202E+01
   8.099643E+01   2.844969E+01
   8.098461E+01   2.844187E+01
   8.097574E+01   2.843492E+01
   8.096772E+01   2.844274E+01
   8.097200E+01   2.844994E+01
   8.096436E+01   2.845021E+01
   8.095463E+01   2.844750E+01
   8.095177E+01   2.845498E+01
   8.093737E+01   2.845656E+01
   8.093998E+01   2.846310E+01
   8.094402E+01   2.846820E+01
   8.093329E+01   2.846395E+01
   8.092316E+01   2.845984E+01
   8.091416E+01   2.846838E+01
   8.090954E+01   2.846238E+01
   8.090290E+01   2.847805E+01
   8.090402E+01   2.848802E+01
   8.090870E+01   2.849778E+01
   8.089614E+01   2.850696E+01
   8.088159E+01   2.850908E+01
   8.086663E+01   2.850640E+01
   8.086023E+01   2.849444E+01
   8.084869E+01   2.849613E+01
   8.083913E+01   2.850518E+01
   8.082813E+01   2.851312E+01
   8.080833E+01   2.852177E+01
   8.079227E+01   2.852287E+01
   8.078563E+01   2.852855E+01
   8.078788E+01   2.854066E+01
   8.078143E+01   2.854661E+01
   8.076957E+01   2.855531E+01
   8.075694E+01   2.856889E+01
   8.074597E+01   2.857228E+01
   8.073853E+01   2.856620E+01
   8.072444E+01   2.857533E+01
   8.070719E+01   2.857573E+01
   8.069380E+01   2.858517E+01
   8.069356E+01   2.859644E+01
   8.067754E+01   2.860452E+01
   8.067301E+01   2.862585E+01
   8.066761E+01   2.864175E+01
   8.065056E+01   2.863444E+01
   8.064150E+01   2.864313E+01
   8.062549E+01   2.863800E+01
   8.061155E+01   2.863915E+01
   8.060771E+01   2.864881E+01
   8.059020E+01   2.864775E+01
   8.059759E+01   2.865609E+01
   8.058230E+01   2.866513E+01
   8.058706E+01   2.867336E+01
   8.058624E+01   2.868129E+01
   8.057354E+01   2.868628E+01
   8.056309E+01   2.868909E+01
   8.055211E+01   2.869273E+01
   8.054851E+01   2.869546E+01
   8.054350E+01   2.869632E+01
   8.054064E+01   2.870227E+01
   8.054037E+01   2.870860E+01
   8.053741E+01   2.871585E+01
   8.054162E+01   2.871581E+01
   8.054514E+01   2.871088E+01
   8.054764E+01   2.870981E+01
   8.054982E+01   2.871099E+01
   8.055007E+01   2.871339E+01
   8.054933E+01   2.871612E+01
   8.055034E+01   2.871854E+01
   8.055458E+01   2.871950E+01
   8.055950E+01   2.872229E+01
   8.055404E+01   2.872770E+01
   8.054804E+01   2.873356E+01
