   8.584345E+01   2.659293E+01
   8.590249E+01   2.678813E+01
   8.590286E+01   2.685545E+01
   8.590605E+01   2.693125E+01
   8.594216E+01   2.707523E+01
   8.594777E+01   2.708864E+01
   8.594772E+01   2.708949E+01
   8.594670E+01   2.708960E+01
   8.594639E+01   2.709040E+01
   8.594585E+01   2.709104E+01
   8.594421E+01   2.709190E+01
   8.594381E+01   2.709289E+01
   8.594318E+01   2.709434E+01
   8.594294E+01   2.709518E+01
   8.594174E+01   2.709677E+01
   8.594066E+01   2.709872E+01
   8.593987E+01   2.710059E+01
   8.593816E+01   2.710433E+01
   8.593701E+01   2.710652E+01
   8.593625E+01   2.710865E+01
   8.593582E+01   2.711088E+01
   8.593586E+01   2.711111E+01
   8.593651E+01   2.711448E+01
   8.593727E+01   2.711649E+01
   8.593792E+01   2.711833E+01
   8.593807E+01   2.712047E+01
   8.593782E+01   2.712169E+01
   8.593521E+01   2.712300E+01
   8.593238E+01   2.712410E+01
   8.593063E+01   2.712479E+01
   8.592912E+01   2.712573E+01
   8.592591E+01   2.712642E+01
   8.592507E+01   2.712671E+01
   8.592436E+01   2.712683E+01
   8.592302E+01   2.712706E+01
   8.592122E+01   2.712746E+01
   8.592014E+01   2.712862E+01
   8.591891E+01   2.712926E+01
   8.591673E+01   2.712950E+01
   8.591552E+01   2.712942E+01
   8.591455E+01   2.712991E+01
   8.591378E+01   2.712997E+01
   8.591305E+01   2.713105E+01
   8.591193E+01   2.713235E+01
   8.591090E+01   2.713258E+01
   8.590892E+01   2.713282E+01
   8.590795E+01   2.713317E+01
   8.590500E+01   2.713429E+01
   8.590375E+01   2.713496E+01
   8.590149E+01   2.713568E+01
   8.590083E+01   2.713670E+01
   8.590011E+01   2.713728E+01
   8.589793E+01   2.713752E+01
   8.589579E+01   2.713893E+01
   8.589467E+01   2.714004E+01
   8.589292E+01   2.714125E+01
   8.589221E+01   2.714123E+01
   8.589074E+01   2.714145E+01
   8.589044E+01   2.714213E+01
   8.588899E+01   2.714314E+01
   8.588814E+01   2.714413E+01
   8.588682E+01   2.714566E+01
   8.588616E+01   2.714595E+01
   8.588482E+01   2.714571E+01
   8.588288E+01   2.714654E+01
   8.588259E+01   2.714640E+01
   8.588132E+01   2.714440E+01
   8.588021E+01   2.714329E+01
   8.587940E+01   2.714279E+01
   8.587807E+01   2.714211E+01
   8.587593E+01   2.714092E+01
   8.587461E+01   2.713982E+01
   8.587392E+01   2.713855E+01
   8.587309E+01   2.713759E+01
   8.587253E+01   2.713712E+01
   8.587024E+01   2.713578E+01
   8.586945E+01   2.713491E+01
   8.586816E+01   2.713373E+01
   8.586726E+01   2.713230E+01
   8.586599E+01   2.713087E+01
   8.586529E+01   2.713007E+01
   8.586365E+01   2.712785E+01
   8.586339E+01   2.712712E+01
   8.586233E+01   2.712730E+01
   8.586045E+01   2.712891E+01
   8.585927E+01   2.713027E+01
   8.585843E+01   2.713199E+01
   8.585788E+01   2.713306E+01
   8.585644E+01   2.713362E+01
   8.585497E+01   2.713391E+01
   8.585468E+01   2.713443E+01
   8.585504E+01   2.713525E+01
   8.585456E+01   2.713601E+01
   8.585384E+01   2.713634E+01
   8.585389E+01   2.713741E+01
   8.585353E+01   2.713806E+01
   8.585211E+01   2.713881E+01
   8.585120E+01   2.713923E+01
   8.585067E+01   2.713957E+01
   8.584880E+01   2.714031E+01
   8.584744E+01   2.714065E+01
   8.584591E+01   2.714089E+01
   8.584491E+01   2.714139E+01
   8.584174E+01   2.714393E+01
   8.583997E+01   2.714465E+01
   8.583878E+01   2.714475E+01
   8.583789E+01   2.714539E+01
   8.583692E+01   2.714631E+01
   8.583596E+01   2.714678E+01
   8.583543E+01   2.714737E+01
   8.583548E+01   2.714814E+01
   8.583474E+01   2.714906E+01
   8.583444E+01   2.714950E+01
   8.583462E+01   2.714999E+01
   8.583568E+01   2.715024E+01
   8.583632E+01   2.715039E+01
   8.583750E+01   2.715199E+01
   8.583923E+01   2.715251E+01
   8.583994E+01   2.715325E+01
   8.584042E+01   2.715578E+01
   8.584170E+01   2.715804E+01
   8.584260E+01   2.715919E+01
   8.584332E+01   2.715980E+01
   8.584292E+01   2.716035E+01
   8.584180E+01   2.716108E+01
   8.584061E+01   2.716180E+01
   8.583832E+01   2.716257E+01
   8.583677E+01   2.716356E+01
   8.583515E+01   2.716420E+01
   8.583390E+01   2.716508E+01
   8.583305E+01   2.716578E+01
   8.583189E+01   2.716653E+01
   8.583142E+01   2.716688E+01
   8.582942E+01   2.716761E+01
   8.580320E+01   2.714532E+01
   8.574637E+01   2.697927E+01
   8.568050E+01   2.684323E+01
   8.570404E+01   2.683223E+01
   8.572876E+01   2.680818E+01
   8.572855E+01   2.680314E+01
   8.572950E+01   2.680139E+01
   8.573362E+01   2.679666E+01
   8.573498E+01   2.677951E+01
   8.573045E+01   2.675760E+01
   8.572667E+01   2.672778E+01
   8.572556E+01   2.671083E+01
   8.572556E+01   2.669861E+01
   8.572345E+01   2.668676E+01
   8.572476E+01   2.668594E+01
   8.572397E+01   2.668239E+01
   8.572350E+01   2.667430E+01
   8.572662E+01   2.667377E+01
   8.572612E+01   2.667021E+01
   8.572993E+01   2.666682E+01
   8.573198E+01   2.666502E+01
   8.574056E+01   2.665389E+01
   8.575222E+01   2.664333E+01
   8.576163E+01   2.663480E+01
   8.576953E+01   2.663003E+01
   8.577512E+01   2.662908E+01
   8.578419E+01   2.662756E+01
   8.579324E+01   2.662579E+01
   8.580148E+01   2.662433E+01
   8.580768E+01   2.661154E+01
   8.582954E+01   2.660253E+01
   8.583967E+01   2.661003E+01
   8.584313E+01   2.661002E+01
   8.584663E+01   2.660914E+01
   8.584345E+01   2.659293E+01
