   8.609335E+01   2.750026E+01
   8.609579E+01   2.749818E+01
   8.609787E+01   2.749848E+01
   8.609947E+01   2.749742E+01
   8.610278E+01   2.749262E+01
   8.610492E+01   2.749074E+01
   8.610671E+01   2.748881E+01
   8.610695E+01   2.748639E+01
   8.610890E+01   2.748536E+01
   8.611038E+01   2.748209E+01
   8.611195E+01   2.748151E+01
   8.611346E+01   2.748144E+01
   8.611524E+01   2.747958E+01
   8.611418E+01   2.747703E+01
   8.611270E+01   2.747486E+01
   8.611358E+01   2.747399E+01
   8.611497E+01   2.747407E+01
   8.611631E+01   2.747432E+01
   8.611875E+01   2.747679E+01
   8.612129E+01   2.747744E+01
   8.612294E+01   2.748025E+01
   8.612407E+01   2.748133E+01
   8.612551E+01   2.748391E+01
   8.612586E+01   2.748533E+01
   8.612805E+01   2.748673E+01
   8.612946E+01   2.748862E+01
   8.612924E+01   2.748995E+01
   8.613112E+01   2.748962E+01
   8.613187E+01   2.749015E+01
   8.613315E+01   2.749231E+01
   8.613651E+01   2.749494E+01
   8.613868E+01   2.749565E+01
   8.613974E+01   2.749595E+01
   8.614094E+01   2.749579E+01
   8.614182E+01   2.749585E+01
   8.614202E+01   2.749746E+01
   8.614216E+01   2.749888E+01
   8.614246E+01   2.750031E+01
   8.614275E+01   2.750152E+01
   8.614301E+01   2.750237E+01
   8.614214E+01   2.750517E+01
   8.614234E+01   2.750657E+01
   8.614218E+01   2.750779E+01
   8.614180E+01   2.750933E+01
   8.614279E+01   2.750976E+01
   8.614406E+01   2.751104E+01
   8.614559E+01   2.751275E+01
   8.614634E+01   2.751283E+01
   8.614752E+01   2.751346E+01
   8.614694E+01   2.751516E+01
   8.614773E+01   2.751559E+01
   8.614989E+01   2.751505E+01
   8.615058E+01   2.751642E+01
   8.614973E+01   2.751764E+01
   8.615066E+01   2.751880E+01
   8.615152E+01   2.752122E+01
   8.615235E+01   2.752407E+01
   8.615259E+01   2.752598E+01
   8.615188E+01   2.752734E+01
   8.615262E+01   2.752767E+01
   8.615344E+01   2.752838E+01
   8.615220E+01   2.753119E+01
   8.615347E+01   2.753231E+01
   8.615460E+01   2.753331E+01
   8.615390E+01   2.753481E+01
   8.615482E+01   2.753608E+01
   8.615641E+01   2.753748E+01
   8.615832E+01   2.753922E+01
   8.615834E+01   2.754158E+01
   8.616013E+01   2.754130E+01
   8.616137E+01   2.754208E+01
   8.616308E+01   2.754519E+01
   8.616431E+01   2.754674E+01
   8.616555E+01   2.754709E+01
   8.616774E+01   2.754839E+01
   8.616901E+01   2.754974E+01
   8.617029E+01   2.755121E+01
   8.617143E+01   2.755095E+01
   8.617254E+01   2.755017E+01
   8.617336E+01   2.755149E+01
   8.617433E+01   2.755299E+01
   8.617571E+01   2.755351E+01
   8.617562E+01   2.755450E+01
   8.617674E+01   2.755549E+01
   8.617805E+01   2.755595E+01
   8.617974E+01   2.755675E+01
   8.618091E+01   2.755703E+01
   8.618232E+01   2.755794E+01
   8.618332E+01   2.755815E+01
   8.618420E+01   2.755902E+01
   8.618514E+01   2.756041E+01
   8.618609E+01   2.756147E+01
   8.618642E+01   2.756245E+01
   8.618724E+01   2.756303E+01
   8.618762E+01   2.756385E+01
   8.618866E+01   2.756548E+01
   8.618848E+01   2.756705E+01
   8.618941E+01   2.756778E+01
   8.619083E+01   2.756846E+01
   8.619063E+01   2.757002E+01
   8.619132E+01   2.757129E+01
   8.619357E+01   2.757336E+01
   8.619568E+01   2.757370E+01
   8.619689E+01   2.757471E+01
   8.619781E+01   2.757565E+01
   8.619942E+01   2.757708E+01
   8.620170E+01   2.757906E+01
   8.620245E+01   2.758034E+01
   8.620507E+01   2.758084E+01
   8.620751E+01   2.758104E+01
   8.620894E+01   2.758103E+01
   8.620951E+01   2.758193E+01
   8.621153E+01   2.758227E+01
   8.621470E+01   2.758192E+01
   8.621677E+01   2.758211E+01
   8.621733E+01   2.758336E+01
   8.621916E+01   2.758339E+01
   8.621991E+01   2.758276E+01
   8.622200E+01   2.758292E+01
   8.622303E+01   2.758424E+01
   8.622454E+01   2.758464E+01
   8.622623E+01   2.758516E+01
   8.622872E+01   2.758514E+01
   8.623069E+01   2.758538E+01
   8.623542E+01   2.758608E+01
   8.623597E+01   2.758600E+01
   8.623601E+01   2.758644E+01
   8.623655E+01   2.758740E+01
   8.623742E+01   2.758773E+01
   8.623813E+01   2.758906E+01
   8.623878E+01   2.758927E+01
   8.624119E+01   2.758962E+01
   8.624207E+01   2.759009E+01
   8.624345E+01   2.758967E+01
   8.624444E+01   2.759047E+01
   8.624572E+01   2.759097E+01
   8.624641E+01   2.759056E+01
   8.624747E+01   2.759087E+01
   8.624732E+01   2.759204E+01
   8.624741E+01   2.759245E+01
   8.624866E+01   2.759269E+01
   8.624957E+01   2.759347E+01
   8.625098E+01   2.759340E+01
   8.625285E+01   2.759360E+01
   8.625597E+01   2.759444E+01
   8.625806E+01   2.759490E+01
   8.625928E+01   2.759547E+01
   8.625930E+01   2.759723E+01
   8.626029E+01   2.759779E+01
   8.626189E+01   2.759805E+01
   8.626351E+01   2.759724E+01
   8.626494E+01   2.759685E+01
   8.626622E+01   2.759618E+01
   8.626733E+01   2.759513E+01
   8.626911E+01   2.759497E+01
   8.627217E+01   2.759697E+01
   8.627411E+01   2.759781E+01
   8.627542E+01   2.759799E+01
   8.627602E+01   2.759923E+01
   8.627783E+01   2.759942E+01
   8.627869E+01   2.760033E+01
   8.628024E+01   2.760328E+01
   8.628162E+01   2.760404E+01
   8.628481E+01   2.760324E+01
   8.628687E+01   2.760318E+01
   8.629021E+01   2.760416E+01
   8.629097E+01   2.760549E+01
   8.629245E+01   2.760682E+01
   8.629365E+01   2.760839E+01
   8.629523E+01   2.760927E+01
   8.629655E+01   2.760928E+01
   8.629892E+01   2.761026E+01
   8.629924E+01   2.761208E+01
   8.629987E+01   2.761405E+01
   8.630147E+01   2.761540E+01
   8.630339E+01   2.761723E+01
   8.630361E+01   2.761881E+01
   8.630293E+01   2.762031E+01
   8.630248E+01   2.762110E+01
   8.630340E+01   2.762220E+01
   8.630412E+01   2.762324E+01
   8.630409E+01   2.762461E+01
   8.630502E+01   2.762625E+01
   8.630608E+01   2.762812E+01
   8.630584E+01   2.763058E+01
   8.630605E+01   2.763229E+01
   8.630617E+01   2.763463E+01
   8.630675E+01   2.763669E+01
   8.630876E+01   2.763945E+01
   8.630970E+01   2.764095E+01
   8.630997E+01   2.764211E+01
   8.630993E+01   2.764294E+01
   8.631041E+01   2.764344E+01
   8.631085E+01   2.764397E+01
   8.631132E+01   2.764570E+01
   8.631261E+01   2.764632E+01
   8.631349E+01   2.764746E+01
   8.631457E+01   2.764760E+01
   8.631693E+01   2.764833E+01
   8.631804E+01   2.764983E+01
   8.631881E+01   2.765150E+01
   8.632082E+01   2.765250E+01
   8.632150E+01   2.765303E+01
   8.632166E+01   2.765432E+01
   8.632273E+01   2.765506E+01
   8.632438E+01   2.765629E+01
   8.632613E+01   2.765674E+01
   8.632693E+01   2.765749E+01
   8.632739E+01   2.765849E+01
   8.632871E+01   2.765966E+01
   8.632932E+01   2.766069E+01
   8.633032E+01   2.766135E+01
   8.633101E+01   2.766337E+01
   8.633179E+01   2.766473E+01
   8.633241E+01   2.766647E+01
   8.633275E+01   2.766769E+01
   8.633286E+01   2.767058E+01
   8.633345E+01   2.767191E+01
   8.633288E+01   2.767292E+01
   8.633399E+01   2.767408E+01
   8.633558E+01   2.767536E+01
   8.633586E+01   2.767639E+01
   8.633599E+01   2.767715E+01
   8.633624E+01   2.767820E+01
   8.633733E+01   2.767945E+01
   8.633718E+01   2.768092E+01
   8.633791E+01   2.768231E+01
   8.633999E+01   2.768449E+01
   8.634153E+01   2.768499E+01
   8.634408E+01   2.768613E+01
   8.634581E+01   2.768760E+01
   8.634765E+01   2.768924E+01
   8.634833E+01   2.769015E+01
   8.634897E+01   2.769159E+01
   8.635061E+01   2.769325E+01
   8.635205E+01   2.769373E+01
   8.635440E+01   2.769394E+01
   8.635805E+01   2.769234E+01
   8.636199E+01   2.769192E+01
   8.636336E+01   2.769225E+01
   8.636543E+01   2.769258E+01
   8.636783E+01   2.769255E+01
   8.636932E+01   2.769208E+01
   8.637255E+01   2.769258E+01
   8.637564E+01   2.769251E+01
   8.637698E+01   2.769349E+01
   8.637810E+01   2.769394E+01
   8.637811E+01   2.769486E+01
   8.638083E+01   2.769954E+01
   8.638145E+01   2.770138E+01
   8.638274E+01   2.770198E+01
   8.638421E+01   2.770257E+01
   8.638625E+01   2.770447E+01
   8.638837E+01   2.770586E+01
   8.639027E+01   2.770680E+01
   8.639110E+01   2.770767E+01
   8.639284E+01   2.770945E+01
   8.639578E+01   2.771180E+01
   8.639760E+01   2.771316E+01
   8.639942E+01   2.771425E+01
   8.640373E+01   2.771551E+01
   8.640706E+01   2.771735E+01
   8.640914E+01   2.771917E+01
   8.641020E+01   2.771804E+01
   8.641281E+01   2.771782E+01
   8.641641E+01   2.771706E+01
   8.641898E+01   2.771661E+01
   8.642047E+01   2.771575E+01
   8.642325E+01   2.771906E+01
   8.642430E+01   2.772065E+01
   8.642524E+01   2.772306E+01
   8.642608E+01   2.772845E+01
   8.642654E+01   2.773120E+01
   8.642734E+01   2.773292E+01
   8.642723E+01   2.773441E+01
   8.642678E+01   2.773602E+01
   8.642680E+01   2.773752E+01
   8.642417E+01   2.773976E+01
   8.642290E+01   2.774131E+01
   8.641986E+01   2.774207E+01
   8.641704E+01   2.774283E+01
   8.641500E+01   2.774434E+01
   8.641227E+01   2.774621E+01
   8.641039E+01   2.774672E+01
   8.641098E+01   2.774913E+01
   8.641234E+01   2.775208E+01
   8.641193E+01   2.775350E+01
   8.641167E+01   2.775453E+01
   8.641126E+01   2.775560E+01
   8.641097E+01   2.775729E+01
   8.641066E+01   2.775902E+01
   8.641018E+01   2.776089E+01
   8.641181E+01   2.776328E+01
   8.641250E+01   2.776446E+01
   8.641317E+01   2.776556E+01
   8.641365E+01   2.776655E+01
   8.641378E+01   2.776790E+01
   8.641321E+01   2.776889E+01
   8.641241E+01   2.777193E+01
   8.641248E+01   2.777268E+01
   8.641274E+01   2.777412E+01
   8.641320E+01   2.777541E+01
   8.641397E+01   2.777613E+01
   8.641603E+01   2.777823E+01
   8.641676E+01   2.777961E+01
   8.641755E+01   2.778072E+01
   8.641870E+01   2.778230E+01
   8.641931E+01   2.778351E+01
   8.642104E+01   2.778486E+01
   8.642205E+01   2.778662E+01
   8.641961E+01   2.778717E+01
   8.641725E+01   2.778806E+01
   8.641549E+01   2.778845E+01
   8.641393E+01   2.778905E+01
   8.641294E+01   2.778991E+01
   8.641060E+01   2.779082E+01
   8.641313E+01   2.779175E+01
   8.641480E+01   2.779215E+01
   8.641622E+01   2.779334E+01
   8.641731E+01   2.779435E+01
   8.641769E+01   2.779593E+01
   8.641780E+01   2.779728E+01
   8.641757E+01   2.779899E+01
   8.641648E+01   2.780119E+01
   8.641780E+01   2.780238E+01
   8.641875E+01   2.780311E+01
   8.641929E+01   2.780432E+01
   8.641934E+01   2.780602E+01
   8.641970E+01   2.780742E+01
   8.641993E+01   2.780894E+01
   8.641982E+01   2.781024E+01
   8.641954E+01   2.781221E+01
   8.641999E+01   2.781391E+01
   8.642178E+01   2.781461E+01
   8.642389E+01   2.781498E+01
   8.642631E+01   2.781490E+01
   8.642819E+01   2.781499E+01
   8.642981E+01   2.781562E+01
   8.643029E+01   2.781704E+01
   8.643084E+01   2.781845E+01
   8.643170E+01   2.781994E+01
   8.643264E+01   2.782088E+01
   8.643412E+01   2.782216E+01
   8.643552E+01   2.782356E+01
   8.643691E+01   2.782526E+01
   8.643772E+01   2.782651E+01
   8.643930E+01   2.782869E+01
   8.644072E+01   2.782974E+01
   8.644320E+01   2.783083E+01
   8.644489E+01   2.783126E+01
   8.644653E+01   2.783171E+01
   8.644809E+01   2.783227E+01
   8.644984E+01   2.783265E+01
   8.645101E+01   2.783179E+01
   8.645188E+01   2.783067E+01
   8.645308E+01   2.782906E+01
   8.645363E+01   2.782773E+01
   8.645421E+01   2.782590E+01
   8.645450E+01   2.782478E+01
   8.645481E+01   2.782413E+01
   8.645840E+01   2.782315E+01
   8.646055E+01   2.782327E+01
   8.646302E+01   2.782383E+01
   8.646530E+01   2.782436E+01
   8.646629E+01   2.782481E+01
   8.646786E+01   2.782548E+01
   8.646938E+01   2.782613E+01
   8.646998E+01   2.782599E+01
   8.647077E+01   2.782472E+01
   8.647148E+01   2.782382E+01
   8.647295E+01   2.782218E+01
   8.647422E+01   2.782128E+01
   8.647639E+01   2.782123E+01
   8.647802E+01   2.782131E+01
   8.647902E+01   2.782052E+01
   8.647944E+01   2.781886E+01
   8.647980E+01   2.781711E+01
   8.648007E+01   2.781548E+01
   8.648019E+01   2.781450E+01
   8.648030E+01   2.781370E+01
   8.648022E+01   2.781285E+01
   8.648003E+01   2.781168E+01
   8.648194E+01   2.781098E+01
   8.648438E+01   2.781025E+01
   8.648800E+01   2.780948E+01
   8.649007E+01   2.781032E+01
   8.649218E+01   2.781102E+01
   8.649394E+01   2.781164E+01
   8.649671E+01   2.781354E+01
   8.649745E+01   2.781390E+01
   8.649998E+01   2.781357E+01
   8.650074E+01   2.781179E+01
   8.650177E+01   2.781011E+01
   8.650371E+01   2.780900E+01
   8.650613E+01   2.780837E+01
   8.650807E+01   2.780744E+01
   8.651053E+01   2.780654E+01
   8.651363E+01   2.780675E+01
   8.651590E+01   2.780730E+01
   8.651805E+01   2.780757E+01
   8.652040E+01   2.780751E+01
   8.652241E+01   2.780604E+01
   8.652596E+01   2.780619E+01
   8.652838E+01   2.780667E+01
   8.653103E+01   2.780701E+01
   8.653360E+01   2.780729E+01
   8.653648E+01   2.780744E+01
   8.653859E+01   2.780781E+01
   8.654059E+01   2.780876E+01
   8.654206E+01   2.781049E+01
   8.654233E+01   2.781102E+01
   8.654183E+01   2.781178E+01
   8.654058E+01   2.781425E+01
   8.654009E+01   2.781611E+01
   8.654059E+01   2.781826E+01
   8.654219E+01   2.781999E+01
   8.654339E+01   2.782163E+01
   8.654377E+01   2.782495E+01
   8.654370E+01   2.782721E+01
   8.654472E+01   2.782979E+01
   8.654526E+01   2.783178E+01
   8.654619E+01   2.783375E+01
   8.654709E+01   2.783631E+01
   8.654822E+01   2.783919E+01
   8.654918E+01   2.784326E+01
   8.654988E+01   2.784762E+01
   8.655102E+01   2.785062E+01
   8.655276E+01   2.785479E+01
   8.655396E+01   2.785727E+01
   8.655425E+01   2.786026E+01
   8.655400E+01   2.786308E+01
   8.655345E+01   2.786518E+01
   8.655237E+01   2.786800E+01
   8.655212E+01   2.787040E+01
   8.655110E+01   2.787540E+01
   8.655094E+01   2.787769E+01
   8.655196E+01   2.788011E+01
   8.655280E+01   2.788146E+01
   8.655397E+01   2.788418E+01
   8.655445E+01   2.788620E+01
   8.655338E+01   2.788948E+01
   8.655212E+01   2.789233E+01
   8.655214E+01   2.789594E+01
   8.655152E+01   2.789820E+01
   8.655200E+01   2.789981E+01
   8.655381E+01   2.790210E+01
   8.655431E+01   2.790531E+01
   8.655458E+01   2.790717E+01
   8.655368E+01   2.791090E+01
   8.655176E+01   2.791485E+01
   8.654989E+01   2.791872E+01
   8.654946E+01   2.792114E+01
   8.654917E+01   2.792448E+01
   8.654858E+01   2.792900E+01
   8.654718E+01   2.793104E+01
   8.654493E+01   2.793221E+01
   8.654192E+01   2.793344E+01
   8.653952E+01   2.793502E+01
   8.653748E+01   2.793757E+01
   8.653538E+01   2.794053E+01
   8.653358E+01   2.794224E+01
   8.653116E+01   2.794202E+01
   8.652831E+01   2.794152E+01
   8.652601E+01   2.794082E+01
   8.652202E+01   2.794013E+01
   8.652083E+01   2.794201E+01
   8.651942E+01   2.794553E+01
   8.651892E+01   2.794819E+01
   8.651845E+01   2.795212E+01
   8.651628E+01   2.795529E+01
   8.651471E+01   2.795686E+01
   8.650477E+01   2.795734E+01
   8.650007E+01   2.795690E+01
   8.649376E+01   2.795455E+01
   8.648568E+01   2.795117E+01
   8.647731E+01   2.794882E+01
   8.646806E+01   2.794603E+01
   8.646894E+01   2.793840E+01
   8.646982E+01   2.793120E+01
   8.645880E+01   2.792136E+01
   8.645454E+01   2.791519E+01
   8.644749E+01   2.791270E+01
   8.644206E+01   2.790594E+01
   8.642781E+01   2.790917E+01
   8.641548E+01   2.790785E+01
   8.640726E+01   2.791167E+01
   8.640402E+01   2.791813E+01
   8.639844E+01   2.792298E+01
   8.639066E+01   2.792680E+01
   8.638302E+01   2.793429E+01
   8.637935E+01   2.793825E+01
   8.637186E+01   2.794222E+01
   8.636070E+01   2.794148E+01
   8.635101E+01   2.793957E+01
   8.633777E+01   2.795018E+01
   8.633696E+01   2.795912E+01
   8.633660E+01   2.796429E+01
   8.631516E+01   2.794822E+01
   8.630851E+01   2.795709E+01
   8.630352E+01   2.795838E+01
   8.630001E+01   2.796669E+01
   8.628967E+01   2.797815E+01
   8.628135E+01   2.797723E+01
   8.627193E+01   2.798055E+01
   8.624994E+01   2.797612E+01
   8.623941E+01   2.797427E+01
   8.623332E+01   2.797464E+01
   8.622907E+01   2.797981E+01
   8.622556E+01   2.798258E+01
   8.622371E+01   2.798628E+01
   8.622241E+01   2.799422E+01
   8.622260E+01   2.800328E+01
   8.622038E+01   2.801584E+01
   8.622241E+01   2.802674E+01
   8.622482E+01   2.803376E+01
   8.622205E+01   2.803579E+01
   8.621854E+01   2.804041E+01
   8.621650E+01   2.804614E+01
   8.621687E+01   2.805057E+01
   8.621429E+01   2.805390E+01
   8.621077E+01   2.806776E+01
   8.620930E+01   2.807311E+01
   8.620597E+01   2.807662E+01
   8.620431E+01   2.808494E+01
   8.620690E+01   2.808956E+01
   8.621318E+01   2.809529E+01
   8.622186E+01   2.809898E+01
   8.621835E+01   2.811062E+01
   8.621373E+01   2.812004E+01
   8.620930E+01   2.812762E+01
   8.620394E+01   2.813427E+01
   8.619988E+01   2.813722E+01
   8.619729E+01   2.814129E+01
   8.619544E+01   2.815145E+01
   8.619581E+01   2.815755E+01
   8.619248E+01   2.816106E+01
   8.618805E+01   2.816882E+01
   8.618639E+01   2.817381E+01
   8.617863E+01   2.817159E+01
   8.617419E+01   2.816956E+01
   8.617623E+01   2.816069E+01
   8.617567E+01   2.815367E+01
   8.617826E+01   2.814462E+01
   8.616957E+01   2.814000E+01
   8.615997E+01   2.813833E+01
   8.615184E+01   2.813002E+01
   8.614149E+01   2.812595E+01
   8.614057E+01   2.811856E+01
   8.613318E+01   2.811653E+01
   8.613299E+01   2.810508E+01
   8.613096E+01   2.810009E+01
   8.612745E+01   2.809916E+01
   8.612449E+01   2.809547E+01
   8.611821E+01   2.809085E+01
   8.610842E+01   2.809362E+01
   8.609881E+01   2.809565E+01
   8.609136E+01   2.809737E+01
   8.608846E+01   2.809458E+01
   8.608404E+01   2.809244E+01
   8.608440E+01   2.808586E+01
   8.608717E+01   2.807422E+01
   8.609179E+01   2.807127E+01
   8.609179E+01   2.806000E+01
   8.608995E+01   2.804651E+01
   8.608902E+01   2.804004E+01
   8.609142E+01   2.803358E+01
   8.608034E+01   2.802194E+01
   8.608570E+01   2.801104E+01
   8.609105E+01   2.800457E+01
   8.609549E+01   2.799792E+01
   8.609881E+01   2.799256E+01
   8.610214E+01   2.798628E+01
   8.610768E+01   2.796688E+01
   8.610934E+01   2.795819E+01
   8.610860E+01   2.795432E+01
   8.611359E+01   2.795007E+01
   8.611673E+01   2.794508E+01
   8.612449E+01   2.794138E+01
   8.612616E+01   2.793325E+01
   8.612449E+01   2.792697E+01
   8.610842E+01   2.792549E+01
   8.610140E+01   2.792383E+01
   8.609567E+01   2.792143E+01
   8.608902E+01   2.791736E+01
   8.607498E+01   2.791108E+01
   8.606704E+01   2.791034E+01
   8.606667E+01   2.790425E+01
   8.606482E+01   2.789981E+01
   8.605784E+01   2.789624E+01
   8.605366E+01   2.789262E+01
   8.604961E+01   2.788839E+01
   8.604807E+01   2.788376E+01
   8.604802E+01   2.788060E+01
   8.604411E+01   2.787480E+01
   8.604385E+01   2.787219E+01
   8.604278E+01   2.786879E+01
   8.604097E+01   2.786738E+01
   8.603959E+01   2.786709E+01
   8.603735E+01   2.786643E+01
   8.603577E+01   2.786620E+01
   8.603032E+01   2.786291E+01
   8.602773E+01   2.785630E+01
   8.602571E+01   2.785141E+01
   8.602525E+01   2.784704E+01
   8.602437E+01   2.784608E+01
   8.601811E+01   2.784339E+01
   8.601426E+01   2.784096E+01
   8.601062E+01   2.783972E+01
   8.600774E+01   2.783683E+01
   8.600604E+01   2.783372E+01
   8.600312E+01   2.783171E+01
   8.600319E+01   2.782901E+01
   8.600489E+01   2.782721E+01
   8.600746E+01   2.782344E+01
   8.601078E+01   2.781837E+01
   8.601377E+01   2.781609E+01
   8.601582E+01   2.781298E+01
   8.601977E+01   2.780910E+01
   8.602104E+01   2.780269E+01
   8.602228E+01   2.779820E+01
   8.602144E+01   2.779250E+01
   8.602564E+01   2.778643E+01
   8.602556E+01   2.778410E+01
   8.602372E+01   2.778050E+01
   8.602093E+01   2.777483E+01
   8.602004E+01   2.777188E+01
   8.602160E+01   2.776870E+01
   8.602692E+01   2.776419E+01
   8.603083E+01   2.775991E+01
   8.603351E+01   2.775472E+01
   8.603232E+01   2.775039E+01
   8.603177E+01   2.774719E+01
   8.603149E+01   2.774642E+01
   8.603088E+01   2.774531E+01
   8.603061E+01   2.774417E+01
   8.603017E+01   2.774245E+01
   8.602873E+01   2.774109E+01
   8.602785E+01   2.774061E+01
   8.602791E+01   2.773966E+01
   8.602777E+01   2.773954E+01
   8.602657E+01   2.774066E+01
   8.602533E+01   2.774113E+01
   8.602299E+01   2.774084E+01
   8.602183E+01   2.774135E+01
   8.601728E+01   2.774329E+01
   8.601546E+01   2.774382E+01
   8.601280E+01   2.774480E+01
   8.601122E+01   2.774420E+01
   8.600969E+01   2.774475E+01
   8.600677E+01   2.774510E+01
   8.600501E+01   2.774538E+01
   8.600293E+01   2.774481E+01
   8.600132E+01   2.774341E+01
   8.599827E+01   2.774310E+01
   8.599752E+01   2.774200E+01
   8.599510E+01   2.774222E+01
   8.599185E+01   2.774090E+01
   8.598952E+01   2.774039E+01
   8.598638E+01   2.773872E+01
   8.598256E+01   2.773706E+01
   8.597970E+01   2.773607E+01
   8.597749E+01   2.773552E+01
   8.597533E+01   2.773750E+01
   8.597245E+01   2.773957E+01
   8.596866E+01   2.774137E+01
   8.596523E+01   2.774262E+01
   8.596090E+01   2.774232E+01
   8.596097E+01   2.774063E+01
   8.596105E+01   2.773787E+01
   8.596059E+01   2.773574E+01
   8.595909E+01   2.773447E+01
   8.595703E+01   2.773289E+01
   8.595449E+01   2.773135E+01
   8.595232E+01   2.772643E+01
   8.595274E+01   2.772488E+01
   8.595128E+01   2.772228E+01
   8.594988E+01   2.772136E+01
   8.594846E+01   2.772002E+01
   8.594717E+01   2.771849E+01
   8.594560E+01   2.771627E+01
   8.594344E+01   2.771453E+01
   8.594086E+01   2.771284E+01
   8.593852E+01   2.771206E+01
   8.593662E+01   2.771031E+01
   8.593613E+01   2.770848E+01
   8.593624E+01   2.770541E+01
   8.593623E+01   2.770372E+01
   8.593656E+01   2.770226E+01
   8.593747E+01   2.769997E+01
   8.593903E+01   2.769805E+01
   8.593859E+01   2.769622E+01
   8.593876E+01   2.769361E+01
   8.593813E+01   2.769163E+01
   8.593678E+01   2.769071E+01
   8.593429E+01   2.768813E+01
   8.593468E+01   2.768555E+01
   8.593545E+01   2.768308E+01
   8.593569E+01   2.768138E+01
   8.593736E+01   2.767865E+01
   8.593809E+01   2.767637E+01
   8.593849E+01   2.767406E+01
   8.593908E+01   2.767147E+01
   8.593920E+01   2.766978E+01
   8.593681E+01   2.766874E+01
   8.593422E+01   2.766812E+01
   8.593226E+01   2.766706E+01
   8.593039E+01   2.766500E+01
   8.592757E+01   2.766516E+01
   8.592599E+01   2.766378E+01
   8.592285E+01   2.766356E+01
   8.591875E+01   2.766379E+01
   8.591788E+01   2.766324E+01
   8.591718E+01   2.766161E+01
   8.591610E+01   2.766003E+01
   8.591577E+01   2.765774E+01
   8.591536E+01   2.765468E+01
   8.591474E+01   2.765025E+01
   8.591510E+01   2.764825E+01
   8.591448E+01   2.764612E+01
   8.591172E+01   2.764439E+01
   8.590993E+01   2.764356E+01
   8.590942E+01   2.764227E+01
   8.591000E+01   2.763938E+01
   8.591049E+01   2.763722E+01
   8.590890E+01   2.763588E+01
   8.590640E+01   2.763407E+01
   8.590435E+01   2.763313E+01
   8.590181E+01   2.763144E+01
   8.589958E+01   2.763028E+01
   8.589789E+01   2.762971E+01
   8.589660E+01   2.762825E+01
   8.589451E+01   2.762735E+01
   8.589231E+01   2.762557E+01
   8.589099E+01   2.762461E+01
   8.589001E+01   2.762218E+01
   8.588891E+01   2.762007E+01
   8.588761E+01   2.761838E+01
   8.588670E+01   2.761823E+01
   8.588534E+01   2.761662E+01
   8.588458E+01   2.761269E+01
   8.588655E+01   2.761215E+01
   8.588969E+01   2.761253E+01
   8.589173E+01   2.761216E+01
   8.589376E+01   2.761142E+01
   8.589611E+01   2.760974E+01
   8.589865E+01   2.760906E+01
   8.590124E+01   2.760960E+01
   8.590292E+01   2.760856E+01
   8.590444E+01   2.760790E+01
   8.590559E+01   2.760649E+01
   8.590851E+01   2.760537E+01
   8.590959E+01   2.760434E+01
   8.591207E+01   2.760416E+01
   8.591389E+01   2.760487E+01
   8.591660E+01   2.760396E+01
   8.591865E+01   2.760379E+01
   8.591930E+01   2.760281E+01
   8.592042E+01   2.760059E+01
   8.592182E+01   2.760032E+01
   8.592304E+01   2.759960E+01
   8.592490E+01   2.759886E+01
   8.592672E+01   2.759965E+01
   8.592782E+01   2.759801E+01
   8.593001E+01   2.759568E+01
   8.593205E+01   2.759540E+01
   8.593401E+01   2.759507E+01
   8.593566E+01   2.759326E+01
   8.593681E+01   2.759323E+01
   8.593836E+01   2.759357E+01
   8.593936E+01   2.759393E+01
   8.594073E+01   2.759389E+01
   8.594138E+01   2.759291E+01
   8.594191E+01   2.759106E+01
   8.594295E+01   2.759126E+01
   8.594428E+01   2.759038E+01
   8.594602E+01   2.758983E+01
   8.594737E+01   2.759045E+01
   8.594958E+01   2.759015E+01
   8.595211E+01   2.758920E+01
   8.595241E+01   2.758662E+01
   8.595316E+01   2.758591E+01
   8.595433E+01   2.758404E+01
   8.595540E+01   2.758259E+01
   8.595881E+01   2.758115E+01
   8.595963E+01   2.757998E+01
   8.596104E+01   2.757998E+01
   8.596143E+01   2.757889E+01
   8.596174E+01   2.757812E+01
   8.596282E+01   2.757724E+01
   8.596430E+01   2.757667E+01
   8.596524E+01   2.757541E+01
   8.596601E+01   2.757294E+01
   8.596883E+01   2.757048E+01
   8.597089E+01   2.756809E+01
   8.597310E+01   2.756657E+01
   8.597584E+01   2.756274E+01
   8.597859E+01   2.755940E+01
   8.598089E+01   2.755665E+01
   8.598374E+01   2.755385E+01
   8.598667E+01   2.755208E+01
   8.598977E+01   2.755008E+01
   8.599312E+01   2.754696E+01
   8.599496E+01   2.754575E+01
   8.599827E+01   2.754456E+01
   8.599869E+01   2.754380E+01
   8.599911E+01   2.754320E+01
   8.599955E+01   2.754275E+01
   8.600024E+01   2.754192E+01
   8.600045E+01   2.754136E+01
   8.599984E+01   2.754086E+01
   8.599961E+01   2.753999E+01
   8.599932E+01   2.753954E+01
   8.599858E+01   2.753930E+01
   8.599865E+01   2.753824E+01
   8.599860E+01   2.753706E+01
   8.599753E+01   2.753520E+01
   8.599651E+01   2.753371E+01
   8.599600E+01   2.753269E+01
   8.599640E+01   2.753184E+01
   8.599514E+01   2.753015E+01
   8.599356E+01   2.752755E+01
   8.599265E+01   2.752619E+01
   8.599189E+01   2.752510E+01
   8.599153E+01   2.752335E+01
   8.599023E+01   2.752293E+01
   8.598877E+01   2.752155E+01
   8.598762E+01   2.751905E+01
   8.598754E+01   2.751672E+01
   8.598779E+01   2.751303E+01
   8.598726E+01   2.751132E+01
   8.598676E+01   2.751008E+01
   8.598686E+01   2.750945E+01
   8.598722E+01   2.750856E+01
   8.598716E+01   2.750787E+01
   8.598786E+01   2.750754E+01
   8.598865E+01   2.750783E+01
   8.598958E+01   2.750806E+01
   8.599014E+01   2.750807E+01
   8.599045E+01   2.750766E+01
   8.599130E+01   2.750765E+01
   8.599192E+01   2.750760E+01
   8.599256E+01   2.750724E+01
   8.599269E+01   2.750782E+01
   8.599275E+01   2.750827E+01
   8.599331E+01   2.750796E+01
   8.599334E+01   2.750735E+01
   8.599362E+01   2.750678E+01
   8.599354E+01   2.750617E+01
   8.599330E+01   2.750562E+01
   8.599364E+01   2.750506E+01
   8.599376E+01   2.750427E+01
   8.599441E+01   2.750349E+01
   8.599513E+01   2.750354E+01
   8.599582E+01   2.750408E+01
   8.599645E+01   2.750486E+01
   8.599763E+01   2.750568E+01
   8.599852E+01   2.750650E+01
   8.599924E+01   2.750683E+01
   8.599946E+01   2.750636E+01
   8.599960E+01   2.750573E+01
   8.599986E+01   2.750504E+01
   8.600013E+01   2.750433E+01
   8.599993E+01   2.750385E+01
   8.599932E+01   2.750338E+01
   8.599948E+01   2.750282E+01
   8.600031E+01   2.750229E+01
   8.600105E+01   2.750197E+01
   8.600150E+01   2.750241E+01
   8.600232E+01   2.750300E+01
   8.600303E+01   2.750271E+01
   8.600356E+01   2.750272E+01
   8.600419E+01   2.750249E+01
   8.600511E+01   2.750205E+01
   8.600567E+01   2.750259E+01
   8.600583E+01   2.750313E+01
   8.600655E+01   2.750319E+01
   8.600732E+01   2.750325E+01
   8.600787E+01   2.750286E+01
   8.600793E+01   2.750215E+01
   8.600832E+01   2.750156E+01
   8.600873E+01   2.750102E+01
   8.600952E+01   2.750099E+01
   8.601039E+01   2.750111E+01
   8.601123E+01   2.750119E+01
   8.601202E+01   2.750154E+01
   8.601262E+01   2.750183E+01
   8.601319E+01   2.750178E+01
   8.601364E+01   2.750174E+01
   8.601402E+01   2.750206E+01
   8.601474E+01   2.750215E+01
   8.601540E+01   2.750195E+01
   8.601616E+01   2.750211E+01
   8.601687E+01   2.750198E+01
   8.601767E+01   2.750197E+01
   8.601878E+01   2.750155E+01
   8.601974E+01   2.750107E+01
   8.602043E+01   2.750110E+01
   8.602078E+01   2.750088E+01
   8.602125E+01   2.750057E+01
   8.602180E+01   2.750048E+01
   8.602230E+01   2.750127E+01
   8.602324E+01   2.750130E+01
   8.602410E+01   2.750169E+01
   8.602469E+01   2.750191E+01
   8.602531E+01   2.750219E+01
   8.602604E+01   2.750248E+01
   8.602691E+01   2.750271E+01
   8.602765E+01   2.750266E+01
   8.602860E+01   2.750273E+01
   8.602886E+01   2.750276E+01
   8.602979E+01   2.750296E+01
   8.603052E+01   2.750309E+01
   8.603159E+01   2.750308E+01
   8.603223E+01   2.750286E+01
   8.603277E+01   2.750271E+01
   8.603356E+01   2.750261E+01
   8.603407E+01   2.750253E+01
   8.603441E+01   2.750217E+01
   8.603469E+01   2.750195E+01
   8.603508E+01   2.750174E+01
   8.603562E+01   2.750152E+01
   8.603604E+01   2.750113E+01
   8.603669E+01   2.750116E+01
   8.603732E+01   2.750085E+01
   8.603817E+01   2.750046E+01
   8.603863E+01   2.750023E+01
   8.603928E+01   2.750001E+01
   8.603967E+01   2.749943E+01
   8.604000E+01   2.749916E+01
   8.604039E+01   2.749930E+01
   8.604108E+01   2.749915E+01
   8.604138E+01   2.749910E+01
   8.604169E+01   2.749917E+01
   8.604212E+01   2.749963E+01
   8.604249E+01   2.749988E+01
   8.604289E+01   2.749960E+01
   8.604291E+01   2.749903E+01
   8.604337E+01   2.749845E+01
   8.604407E+01   2.749779E+01
   8.604452E+01   2.749795E+01
   8.604455E+01   2.749839E+01
   8.604514E+01   2.749853E+01
   8.604576E+01   2.749847E+01
   8.604599E+01   2.749890E+01
   8.604549E+01   2.749937E+01
   8.604526E+01   2.749961E+01
   8.604577E+01   2.749987E+01
   8.604666E+01   2.749975E+01
   8.604700E+01   2.749937E+01
   8.604687E+01   2.749875E+01
   8.604726E+01   2.749824E+01
   8.604833E+01   2.749794E+01
   8.604914E+01   2.749845E+01
   8.605039E+01   2.749897E+01
   8.605134E+01   2.749910E+01
   8.605200E+01   2.749926E+01
   8.605301E+01   2.749927E+01
   8.605359E+01   2.749960E+01
   8.605473E+01   2.749970E+01
   8.605507E+01   2.750013E+01
   8.605526E+01   2.750053E+01
   8.605529E+01   2.750101E+01
   8.605568E+01   2.750121E+01
   8.605598E+01   2.750102E+01
   8.605602E+01   2.750057E+01
   8.605630E+01   2.750029E+01
   8.605659E+01   2.750074E+01
   8.605642E+01   2.750112E+01
   8.605629E+01   2.750149E+01
   8.605657E+01   2.750184E+01
   8.605694E+01   2.750169E+01
   8.605713E+01   2.750131E+01
   8.605702E+01   2.750099E+01
   8.605712E+01   2.750016E+01
   8.605738E+01   2.749897E+01
   8.605814E+01   2.749907E+01
   8.605826E+01   2.750013E+01
   8.605918E+01   2.750104E+01
   8.605991E+01   2.750149E+01
   8.605992E+01   2.750009E+01
   8.605920E+01   2.749873E+01
   8.605946E+01   2.749765E+01
   8.606045E+01   2.749712E+01
   8.606162E+01   2.749670E+01
   8.606218E+01   2.749742E+01
   8.606207E+01   2.749881E+01
   8.606284E+01   2.749881E+01
   8.606351E+01   2.749919E+01
   8.606403E+01   2.749909E+01
   8.606454E+01   2.749928E+01
   8.606395E+01   2.750072E+01
   8.606448E+01   2.750142E+01
   8.606444E+01   2.750208E+01
   8.606489E+01   2.750222E+01
   8.606586E+01   2.750151E+01
   8.606685E+01   2.750172E+01
   8.606771E+01   2.750154E+01
   8.606805E+01   2.750146E+01
   8.606791E+01   2.750095E+01
   8.606757E+01   2.750049E+01
   8.606771E+01   2.750026E+01
   8.606813E+01   2.750036E+01
   8.606959E+01   2.750003E+01
   8.607044E+01   2.750022E+01
   8.607083E+01   2.750054E+01
   8.607117E+01   2.750047E+01
   8.607177E+01   2.750061E+01
   8.607279E+01   2.750102E+01
   8.607273E+01   2.750132E+01
   8.607269E+01   2.750180E+01
   8.607323E+01   2.750199E+01
   8.607350E+01   2.750192E+01
   8.607375E+01   2.750152E+01
   8.607382E+01   2.750111E+01
   8.607384E+01   2.750080E+01
   8.607391E+01   2.750017E+01
   8.607428E+01   2.749983E+01
   8.607497E+01   2.749987E+01
   8.607547E+01   2.749974E+01
   8.607577E+01   2.749841E+01
   8.607578E+01   2.749795E+01
   8.607615E+01   2.749770E+01
   8.607645E+01   2.749745E+01
   8.607638E+01   2.749714E+01
   8.607656E+01   2.749683E+01
   8.607726E+01   2.749655E+01
   8.607791E+01   2.749652E+01
   8.607835E+01   2.749662E+01
   8.607877E+01   2.749700E+01
   8.607901E+01   2.749749E+01
   8.607958E+01   2.749750E+01
   8.608057E+01   2.749764E+01
   8.608147E+01   2.749739E+01
   8.608192E+01   2.749677E+01
   8.608281E+01   2.749678E+01
   8.608339E+01   2.749671E+01
   8.608412E+01   2.749712E+01
   8.608486E+01   2.749733E+01
   8.608552E+01   2.749740E+01
   8.608607E+01   2.749705E+01
   8.608654E+01   2.749721E+01
   8.608729E+01   2.749743E+01
   8.608803E+01   2.749802E+01
   8.608854E+01   2.749789E+01
   8.608881E+01   2.749786E+01
   8.608938E+01   2.749833E+01
   8.609010E+01   2.749860E+01
   8.609134E+01   2.749928E+01
   8.609200E+01   2.750005E+01
   8.609335E+01   2.750026E+01
