   8.361935E+01   2.909944E+01
   8.363077E+01   2.910864E+01
   8.365203E+01   2.910975E+01
   8.364980E+01   2.911630E+01
   8.365517E+01   2.912163E+01
   8.366439E+01   2.912382E+01
   8.367897E+01   2.912580E+01
   8.367748E+01   2.913429E+01
   8.367652E+01   2.914679E+01
   8.366254E+01   2.915539E+01
   8.366154E+01   2.916492E+01
   8.366222E+01   2.917317E+01
   8.365592E+01   2.917588E+01
   8.365240E+01   2.917163E+01
   8.364665E+01   2.916952E+01
   8.364333E+01   2.916422E+01
   8.364076E+01   2.916059E+01
   8.363380E+01   2.915862E+01
   8.362760E+01   2.916301E+01
   8.362457E+01   2.916543E+01
   8.361474E+01   2.917194E+01
   8.361247E+01   2.917662E+01
   8.361005E+01   2.918116E+01
   8.360370E+01   2.917829E+01
   8.359054E+01   2.917481E+01
   8.357617E+01   2.918071E+01
   8.357571E+01   2.918797E+01
   8.356981E+01   2.919024E+01
   8.356936E+01   2.919614E+01
   8.357223E+01   2.919931E+01
   8.357057E+01   2.920325E+01
   8.356391E+01   2.920476E+01
   8.355696E+01   2.920446E+01
   8.355363E+01   2.920098E+01
   8.354909E+01   2.920052E+01
   8.354168E+01   2.920204E+01
   8.353638E+01   2.920431E+01
   8.353351E+01   2.920627E+01
   8.353079E+01   2.920869E+01
   8.353124E+01   2.921232E+01
   8.352213E+01   2.921675E+01
   8.351748E+01   2.922079E+01
   8.351581E+01   2.922790E+01
   8.351884E+01   2.923380E+01
   8.352201E+01   2.923925E+01
   8.351808E+01   2.924227E+01
   8.351611E+01   2.924671E+01
   8.351400E+01   2.925468E+01
   8.350885E+01   2.925770E+01
   8.350401E+01   2.925589E+01
   8.349872E+01   2.926224E+01
   8.349297E+01   2.926405E+01
   8.349206E+01   2.926920E+01
   8.349131E+01   2.927495E+01
   8.348707E+01   2.927601E+01
   8.348768E+01   2.928054E+01
   8.347361E+01   2.927737E+01
   8.346952E+01   2.927404E+01
   8.346408E+01   2.927555E+01
   8.346226E+01   2.928130E+01
   8.346015E+01   2.928629E+01
   8.345500E+01   2.928735E+01
   8.345304E+01   2.929280E+01
   8.345152E+01   2.929733E+01
   8.344517E+01   2.929930E+01
   8.344260E+01   2.930142E+01
   8.344351E+01   2.930686E+01
   8.343897E+01   2.931125E+01
   8.343851E+01   2.931594E+01
   8.344230E+01   2.932017E+01
   8.344517E+01   2.932668E+01
   8.344366E+01   2.933349E+01
   8.344472E+01   2.933969E+01
   8.343957E+01   2.934907E+01
   8.343186E+01   2.934982E+01
   8.342702E+01   2.935315E+01
   8.341870E+01   2.935663E+01
   8.341522E+01   2.935935E+01
   8.341673E+01   2.936419E+01
   8.341401E+01   2.936646E+01
   8.341522E+01   2.937115E+01
   8.341446E+01   2.937690E+01
   8.341946E+01   2.938310E+01
   8.342324E+01   2.938673E+01
   8.342067E+01   2.939747E+01
   8.342430E+01   2.940443E+01
   8.341961E+01   2.940624E+01
   8.341522E+01   2.941577E+01
   8.340660E+01   2.942213E+01
   8.339677E+01   2.942182E+01
   8.338724E+01   2.942243E+01
   8.338255E+01   2.942379E+01
   8.337740E+01   2.942742E+01
   8.337166E+01   2.943211E+01
   8.336455E+01   2.943967E+01
   8.336545E+01   2.944814E+01
   8.336122E+01   2.945208E+01
   8.335381E+01   2.945208E+01
   8.335033E+01   2.945934E+01
   8.334700E+01   2.946282E+01
   8.334443E+01   2.946751E+01
   8.334397E+01   2.947356E+01
   8.334791E+01   2.947825E+01
   8.334806E+01   2.948551E+01
   8.334761E+01   2.949277E+01
   8.333898E+01   2.949715E+01
   8.332567E+01   2.950381E+01
   8.331599E+01   2.950865E+01
   8.330888E+01   2.950275E+01
   8.329935E+01   2.950124E+01
   8.329285E+01   2.950457E+01
   8.328725E+01   2.950094E+01
   8.328181E+01   2.949882E+01
   8.327712E+01   2.950200E+01
   8.327333E+01   2.950593E+01
   8.327016E+01   2.950820E+01
   8.326789E+01   2.951168E+01
   8.326789E+01   2.951561E+01
   8.326804E+01   2.951939E+01
   8.326819E+01   2.952302E+01
   8.326486E+01   2.953028E+01
   8.325972E+01   2.953754E+01
   8.325548E+01   2.954178E+01
   8.325533E+01   2.955600E+01
   8.325866E+01   2.955751E+01
   8.326547E+01   2.955539E+01
   8.327364E+01   2.955448E+01
   8.328271E+01   2.955796E+01
   8.328075E+01   2.956658E+01
   8.327590E+01   2.956946E+01
   8.326819E+01   2.957037E+01
   8.326653E+01   2.957218E+01
   8.324989E+01   2.957732E+01
   8.324021E+01   2.957763E+01
   8.322780E+01   2.958232E+01
   8.321600E+01   2.958806E+01
   8.321570E+01   2.959230E+01
   8.321616E+01   2.959714E+01
   8.321706E+01   2.960259E+01
   8.320693E+01   2.960591E+01
   8.320027E+01   2.960531E+01
   8.319135E+01   2.960803E+01
   8.318757E+01   2.960803E+01
   8.318787E+01   2.960228E+01
   8.318318E+01   2.959487E+01
   8.317410E+01   2.959291E+01
   8.316684E+01   2.959593E+01
   8.316246E+01   2.959502E+01
   8.315913E+01   2.960213E+01
   8.316336E+01   2.960969E+01
   8.316533E+01   2.961620E+01
   8.315005E+01   2.962467E+01
   8.314506E+01   2.962331E+01
   8.314158E+01   2.962482E+01
   8.313523E+01   2.962270E+01
   8.312782E+01   2.962195E+01
   8.312192E+01   2.962875E+01
   8.311678E+01   2.961665E+01
   8.310861E+01   2.961711E+01
   8.310513E+01   2.961862E+01
   8.309545E+01   2.961272E+01
   8.309076E+01   2.960516E+01
   8.308380E+01   2.960364E+01
   8.307941E+01   2.960818E+01
   8.307018E+01   2.960969E+01
   8.306882E+01   2.961348E+01
   8.306640E+01   2.961862E+01
   8.306277E+01   2.962739E+01
   8.305173E+01   2.962936E+01
   8.304265E+01   2.963117E+01
   8.303963E+01   2.964449E+01
   8.303645E+01   2.965129E+01
   8.302617E+01   2.965129E+01
   8.302027E+01   2.965190E+01
   8.301966E+01   2.965840E+01
   8.301407E+01   2.966415E+01
   8.301089E+01   2.966839E+01
   8.300484E+01   2.966914E+01
   8.300030E+01   2.966460E+01
   8.299153E+01   2.966339E+01
   8.298427E+01   2.966990E+01
   8.297655E+01   2.966763E+01
   8.296975E+01   2.966672E+01
   8.296793E+01   2.966385E+01
   8.295522E+01   2.966339E+01
   8.294948E+01   2.966718E+01
   8.294690E+01   2.966990E+01
   8.294206E+01   2.967474E+01
   8.294464E+01   2.968442E+01
   8.294766E+01   2.969229E+01
   8.294191E+01   2.969561E+01
   8.293722E+01   2.970181E+01
   8.293163E+01   2.970242E+01
   8.292028E+01   2.970529E+01
   8.291272E+01   2.970408E+01
   8.290697E+01   2.970015E+01
   8.290137E+01   2.970181E+01
   8.289320E+01   2.970151E+01
   8.288806E+01   2.969561E+01
   8.288337E+01   2.969259E+01
   8.287732E+01   2.969289E+01
   8.286900E+01   2.968714E+01
   8.285736E+01   2.968714E+01
   8.284994E+01   2.968881E+01
   8.284601E+01   2.969047E+01
   8.283905E+01   2.969198E+01
   8.283603E+01   2.969032E+01
   8.282552E+01   2.968103E+01
   8.282829E+01   2.966187E+01
   8.282442E+01   2.964756E+01
   8.281422E+01   2.964573E+01
   8.280420E+01   2.963849E+01
   8.279388E+01   2.963038E+01
   8.279617E+01   2.961583E+01
   8.280590E+01   2.959505E+01
   8.280791E+01   2.958739E+01
   8.281382E+01   2.957412E+01
   8.281617E+01   2.956438E+01
   8.281445E+01   2.955610E+01
   8.280342E+01   2.955182E+01
   8.279705E+01   2.953879E+01
   8.278470E+01   2.952540E+01
   8.278419E+01   2.951672E+01
   8.277016E+01   2.951519E+01
   8.276368E+01   2.951164E+01
   8.275406E+01   2.950966E+01
   8.274850E+01   2.950747E+01
   8.273609E+01   2.950746E+01
   8.272908E+01   2.950293E+01
   8.272824E+01   2.948974E+01
   8.272328E+01   2.947916E+01
   8.273492E+01   2.947042E+01
   8.273186E+01   2.946295E+01
   8.272739E+01   2.945701E+01
   8.272554E+01   2.944929E+01
   8.271696E+01   2.944375E+01
   8.271779E+01   2.943931E+01
   8.270224E+01   2.942763E+01
   8.269556E+01   2.942733E+01
   8.268594E+01   2.941808E+01
   8.267802E+01   2.940842E+01
   8.267094E+01   2.940136E+01
   8.265927E+01   2.940041E+01
   8.264061E+01   2.939096E+01
   8.262345E+01   2.939877E+01
   8.262669E+01   2.942215E+01
   8.260172E+01   2.942357E+01
   8.258807E+01   2.942322E+01
   8.258282E+01   2.941677E+01
   8.257128E+01   2.941347E+01
   8.256069E+01   2.941238E+01
   8.255458E+01   2.939769E+01
   8.255060E+01   2.938461E+01
   8.254793E+01   2.937800E+01
   8.255020E+01   2.937413E+01
   8.255674E+01   2.937269E+01
   8.256576E+01   2.936583E+01
   8.256817E+01   2.936023E+01
   8.257051E+01   2.934755E+01
   8.257431E+01   2.933643E+01
   8.258234E+01   2.933334E+01
   8.259008E+01   2.932612E+01
   8.259049E+01   2.932045E+01
   8.258995E+01   2.930948E+01
   8.259026E+01   2.929873E+01
   8.258090E+01   2.929262E+01
   8.256832E+01   2.929115E+01
   8.255644E+01   2.928668E+01
   8.255017E+01   2.927899E+01
   8.255182E+01   2.926584E+01
   8.254072E+01   2.925647E+01
   8.253469E+01   2.924807E+01
   8.254048E+01   2.924320E+01
   8.253620E+01   2.923508E+01
   8.254308E+01   2.922717E+01
   8.254421E+01   2.922127E+01
   8.254430E+01   2.921427E+01
   8.255008E+01   2.920666E+01
   8.255462E+01   2.920330E+01
   8.256659E+01   2.919893E+01
   8.257535E+01   2.919549E+01
   8.258315E+01   2.918925E+01
   8.257881E+01   2.918355E+01
   8.257420E+01   2.917572E+01
   8.257228E+01   2.917175E+01
   8.256387E+01   2.917065E+01
   8.255688E+01   2.916646E+01
   8.255284E+01   2.916470E+01
   8.254606E+01   2.916420E+01
   8.254159E+01   2.916319E+01
   8.253411E+01   2.916385E+01
   8.253008E+01   2.916265E+01
   8.252045E+01   2.915954E+01
   8.251049E+01   2.915691E+01
   8.249389E+01   2.916062E+01
   8.247015E+01   2.916330E+01
   8.243378E+01   2.914622E+01
   8.243041E+01   2.913921E+01
   8.241598E+01   2.913296E+01
   8.241858E+01   2.911951E+01
   8.241752E+01   2.911142E+01
   8.241446E+01   2.909906E+01
   8.240865E+01   2.908843E+01
   8.240731E+01   2.907950E+01
   8.240519E+01   2.907059E+01
   8.240524E+01   2.905348E+01
   8.240288E+01   2.904069E+01
   8.239786E+01   2.902682E+01
   8.239256E+01   2.901841E+01
   8.239705E+01   2.900692E+01
   8.240779E+01   2.900464E+01
   8.242691E+01   2.899964E+01
   8.244058E+01   2.899047E+01
   8.245212E+01   2.899057E+01
   8.245981E+01   2.899099E+01
   8.246798E+01   2.900291E+01
   8.248196E+01   2.901374E+01
   8.250223E+01   2.901691E+01
   8.251964E+01   2.901237E+01
   8.253583E+01   2.901198E+01
   8.256128E+01   2.900315E+01
   8.258101E+01   2.899033E+01
   8.259155E+01   2.898200E+01
   8.261086E+01   2.897794E+01
   8.262403E+01   2.897377E+01
   8.263981E+01   2.896286E+01
   8.265904E+01   2.896299E+01
   8.266892E+01   2.895198E+01
   8.267453E+01   2.894109E+01
   8.268335E+01   2.892710E+01
   8.268806E+01   2.891551E+01
   8.270140E+01   2.890777E+01
   8.269243E+01   2.889143E+01
   8.269999E+01   2.888447E+01
   8.269718E+01   2.887047E+01
   8.270268E+01   2.885817E+01
   8.271863E+01   2.885053E+01
   8.273319E+01   2.884829E+01
   8.274358E+01   2.884489E+01
   8.275604E+01   2.882510E+01
   8.276027E+01   2.881711E+01
   8.277101E+01   2.881463E+01
   8.278342E+01   2.882412E+01
   8.279467E+01   2.881949E+01
   8.280041E+01   2.882172E+01
   8.281834E+01   2.883091E+01
   8.283523E+01   2.883361E+01
   8.284669E+01   2.882551E+01
   8.285695E+01   2.883273E+01
   8.287524E+01   2.883118E+01
   8.289027E+01   2.882635E+01
   8.290766E+01   2.883207E+01
   8.293714E+01   2.882806E+01
   8.296139E+01   2.882022E+01
   8.297049E+01   2.881231E+01
   8.297858E+01   2.880226E+01
   8.299773E+01   2.880309E+01
   8.302059E+01   2.879204E+01
   8.303648E+01   2.879380E+01
   8.304573E+01   2.878806E+01
   8.306903E+01   2.878073E+01
   8.308073E+01   2.878093E+01
   8.309140E+01   2.877230E+01
   8.310244E+01   2.876059E+01
   8.310647E+01   2.875064E+01
   8.312693E+01   2.874644E+01
   8.315946E+01   2.874733E+01
   8.319994E+01   2.873559E+01
   8.321798E+01   2.873511E+01
   8.323427E+01   2.874023E+01
   8.324526E+01   2.873174E+01
   8.326433E+01   2.872610E+01
   8.328111E+01   2.872575E+01
   8.329907E+01   2.873248E+01
   8.332059E+01   2.873683E+01
   8.333406E+01   2.873808E+01
   8.335057E+01   2.873626E+01
   8.336244E+01   2.873547E+01
   8.338191E+01   2.875631E+01
   8.341079E+01   2.876062E+01
   8.344639E+01   2.876913E+01
   8.346543E+01   2.878057E+01
   8.348248E+01   2.878172E+01
   8.348649E+01   2.879509E+01
   8.348510E+01   2.881014E+01
   8.347916E+01   2.881722E+01
   8.348237E+01   2.882964E+01
   8.348070E+01   2.884436E+01
   8.349678E+01   2.884361E+01
   8.350432E+01   2.885386E+01
   8.350662E+01   2.886433E+01
   8.350145E+01   2.887269E+01
   8.350171E+01   2.887933E+01
   8.351043E+01   2.888796E+01
   8.351784E+01   2.889312E+01
   8.354863E+01   2.892751E+01
   8.355975E+01   2.894484E+01
   8.357221E+01   2.894911E+01
   8.357803E+01   2.895490E+01
   8.358232E+01   2.896671E+01
   8.358623E+01   2.897599E+01
   8.359339E+01   2.898409E+01
   8.360418E+01   2.897984E+01
   8.361109E+01   2.898416E+01
   8.361515E+01   2.899561E+01
   8.361694E+01   2.900491E+01
   8.361161E+01   2.901490E+01
   8.361549E+01   2.901982E+01
   8.361225E+01   2.903635E+01
   8.361929E+01   2.904957E+01
   8.363164E+01   2.906268E+01
   8.361715E+01   2.909125E+01
   8.361503E+01   2.909859E+01
