   8.077265E+01   2.930104E+01
   8.076889E+01   2.930288E+01
   8.076599E+01   2.930198E+01
   8.076371E+01   2.930584E+01
   8.075821E+01   2.930808E+01
   8.075267E+01   2.930777E+01
   8.075134E+01   2.930536E+01
   8.074846E+01   2.930282E+01
   8.074268E+01   2.930237E+01
   8.073805E+01   2.930262E+01
   8.073474E+01   2.929919E+01
   8.073538E+01   2.929780E+01
   8.073495E+01   2.929702E+01
   8.073384E+01   2.929541E+01
   8.073298E+01   2.929339E+01
   8.073661E+01   2.928978E+01
   8.074121E+01   2.928699E+01
   8.074425E+01   2.927887E+01
   8.074815E+01   2.927442E+01
   8.075642E+01   2.926886E+01
   8.075662E+01   2.926830E+01
   8.075712E+01   2.926691E+01
   8.075565E+01   2.926743E+01
   8.075480E+01   2.926673E+01
   8.075442E+01   2.926620E+01
   8.075446E+01   2.926534E+01
   8.075458E+01   2.926447E+01
   8.075360E+01   2.926504E+01
   8.075379E+01   2.926451E+01
   8.075375E+01   2.926276E+01
   8.075226E+01   2.926170E+01
   8.075120E+01   2.926060E+01
   8.075045E+01   2.925913E+01
   8.074934E+01   2.925705E+01
   8.074892E+01   2.925595E+01
   8.074910E+01   2.925517E+01
   8.074572E+01   2.925304E+01
   8.074148E+01   2.925159E+01
   8.073993E+01   2.924879E+01
   8.073609E+01   2.924733E+01
   8.073922E+01   2.924689E+01
   8.073751E+01   2.924536E+01
   8.073289E+01   2.924212E+01
   8.072627E+01   2.923769E+01
   8.072261E+01   2.923602E+01
   8.072098E+01   2.923486E+01
   8.071693E+01   2.923615E+01
   8.070695E+01   2.922907E+01
   8.070388E+01   2.922169E+01
   8.070620E+01   2.921264E+01
   8.070621E+01   2.920764E+01
   8.070478E+01   2.919320E+01
   8.069640E+01   2.918738E+01
   8.068441E+01   2.919074E+01
   8.067613E+01   2.919064E+01
   8.067001E+01   2.918269E+01
   8.066338E+01   2.918326E+01
   8.065067E+01   2.918054E+01
   8.064312E+01   2.917928E+01
   8.063533E+01   2.917784E+01
   8.062593E+01   2.917652E+01
   8.061895E+01   2.918120E+01
   8.060980E+01   2.917469E+01
   8.060491E+01   2.917082E+01
   8.060335E+01   2.916989E+01
   8.059928E+01   2.917042E+01
   8.059333E+01   2.916484E+01
   8.059112E+01   2.915687E+01
   8.059251E+01   2.915186E+01
   8.059160E+01   2.914859E+01
   8.057802E+01   2.914725E+01
   8.057225E+01   2.914511E+01
   8.056551E+01   2.914419E+01
   8.056573E+01   2.913810E+01
   8.056978E+01   2.913337E+01
   8.057067E+01   2.912835E+01
   8.056848E+01   2.912305E+01
   8.056676E+01   2.911912E+01
   8.055922E+01   2.911617E+01
   8.055581E+01   2.911623E+01
   8.055337E+01   2.911452E+01
   8.054886E+01   2.911307E+01
   8.054373E+01   2.911105E+01
   8.054077E+01   2.910884E+01
   8.052973E+01   2.910633E+01
   8.052674E+01   2.910610E+01
   8.052604E+01   2.910261E+01
   8.052765E+01   2.909706E+01
   8.053113E+01   2.909194E+01
   8.053529E+01   2.908767E+01
   8.054340E+01   2.908182E+01
   8.055949E+01   2.907393E+01
   8.056131E+01   2.906890E+01
   8.055967E+01   2.906493E+01
   8.055737E+01   2.905928E+01
   8.055199E+01   2.905538E+01
   8.054924E+01   2.905123E+01
   8.054508E+01   2.905032E+01
   8.054523E+01   2.904318E+01
   8.054434E+01   2.903724E+01
   8.054005E+01   2.903622E+01
   8.053723E+01   2.903260E+01
   8.053379E+01   2.902991E+01
   8.053330E+01   2.902496E+01
   8.053341E+01   2.902226E+01
   8.053594E+01   2.901756E+01
   8.053461E+01   2.901368E+01
   8.052937E+01   2.901047E+01
   8.052315E+01   2.900722E+01
   8.051899E+01   2.900197E+01
   8.051198E+01   2.899625E+01
   8.049905E+01   2.899400E+01
   8.049044E+01   2.899475E+01
   8.048687E+01   2.899607E+01
   8.048191E+01   2.899737E+01
   8.047503E+01   2.899444E+01
   8.047307E+01   2.899925E+01
   8.047499E+01   2.900469E+01
   8.047586E+01   2.901293E+01
   8.047540E+01   2.901915E+01
   8.046868E+01   2.901909E+01
   8.046833E+01   2.902342E+01
   8.046833E+01   2.902964E+01
   8.046150E+01   2.903125E+01
   8.045807E+01   2.903715E+01
   8.045150E+01   2.903505E+01
   8.044386E+01   2.903475E+01
   8.043798E+01   2.903202E+01
   8.043189E+01   2.902834E+01
   8.041896E+01   2.902659E+01
   8.041363E+01   2.903346E+01
   8.040444E+01   2.903644E+01
   8.039505E+01   2.903961E+01
   8.039087E+01   2.904321E+01
   8.038756E+01   2.904763E+01
   8.038348E+01   2.904794E+01
   8.037373E+01   2.904517E+01
   8.036199E+01   2.904731E+01
   8.035726E+01   2.904677E+01
   8.035322E+01   2.904622E+01
   8.035196E+01   2.905110E+01
   8.034609E+01   2.905389E+01
   8.033474E+01   2.905167E+01
   8.032512E+01   2.905153E+01
   8.031493E+01   2.905461E+01
   8.030966E+01   2.905670E+01
   8.030436E+01   2.905783E+01
   8.029892E+01   2.905795E+01
   8.029178E+01   2.905674E+01
   8.028183E+01   2.905317E+01
   8.028007E+01   2.905011E+01
   8.027608E+01   2.904839E+01
   8.027273E+01   2.904744E+01
   8.027052E+01   2.904853E+01
   8.026522E+01   2.905201E+01
   8.025794E+01   2.905252E+01
   8.025271E+01   2.905265E+01
   8.024555E+01   2.905023E+01
   8.023345E+01   2.904717E+01
   8.022704E+01   2.904621E+01
   8.022461E+01   2.904806E+01
   8.022387E+01   2.905348E+01
   8.022385E+01   2.905575E+01
   8.022109E+01   2.905640E+01
   8.021839E+01   2.905605E+01
   8.021175E+01   2.905700E+01
   8.021027E+01   2.906160E+01
   8.020872E+01   2.906865E+01
   8.020210E+01   2.907602E+01
   8.019742E+01   2.907816E+01
   8.019263E+01   2.908408E+01
   8.018520E+01   2.908771E+01
   8.018513E+01   2.910028E+01
   8.018530E+01   2.910486E+01
   8.018815E+01   2.911237E+01
   8.018677E+01   2.911830E+01
   8.018587E+01   2.913192E+01
   8.018630E+01   2.913678E+01
   8.019477E+01   2.913137E+01
   8.020052E+01   2.913041E+01
   8.020408E+01   2.912842E+01
   8.021062E+01   2.912171E+01
   8.021801E+01   2.912115E+01
   8.022900E+01   2.911814E+01
   8.023561E+01   2.911752E+01
   8.024278E+01   2.912614E+01
   8.025126E+01   2.913193E+01
   8.025718E+01   2.913981E+01
   8.027170E+01   2.913870E+01
   8.026691E+01   2.915143E+01
   8.025794E+01   2.916708E+01
   8.025990E+01   2.917506E+01
   8.025858E+01   2.918637E+01
   8.024350E+01   2.919977E+01
   8.024195E+01   2.920503E+01
   8.024391E+01   2.921137E+01
   8.024802E+01   2.921671E+01
   8.025259E+01   2.922198E+01
   8.025706E+01   2.921367E+01
   8.026193E+01   2.920589E+01
   8.027148E+01   2.920784E+01
   8.028020E+01   2.920176E+01
   8.029097E+01   2.919555E+01
   8.029773E+01   2.920526E+01
   8.029458E+01   2.920996E+01
   8.029461E+01   2.921587E+01
   8.029513E+01   2.922329E+01
   8.029024E+01   2.923146E+01
   8.029825E+01   2.923872E+01
   8.029908E+01   2.924817E+01
   8.029887E+01   2.925919E+01
   8.030300E+01   2.927085E+01
   8.030537E+01   2.928776E+01
   8.031047E+01   2.929062E+01
   8.031820E+01   2.930202E+01
   8.031659E+01   2.930593E+01
   8.031685E+01   2.931414E+01
   8.031966E+01   2.931103E+01
   8.033133E+01   2.931132E+01
   8.033511E+01   2.931348E+01
   8.033432E+01   2.931697E+01
   8.033333E+01   2.931950E+01
   8.033846E+01   2.932193E+01
   8.034111E+01   2.932367E+01
   8.034261E+01   2.932428E+01
   8.034415E+01   2.932735E+01
   8.035003E+01   2.932750E+01
   8.035035E+01   2.933152E+01
   8.035414E+01   2.933444E+01
   8.035421E+01   2.933142E+01
   8.035974E+01   2.932792E+01
   8.036285E+01   2.932889E+01
   8.036353E+01   2.933330E+01
   8.036665E+01   2.933270E+01
   8.036853E+01   2.933518E+01
   8.037106E+01   2.933655E+01
   8.036723E+01   2.933933E+01
   8.036621E+01   2.934239E+01
   8.036728E+01   2.934809E+01
   8.036782E+01   2.935001E+01
   8.037105E+01   2.934814E+01
   8.037275E+01   2.934794E+01
   8.037504E+01   2.934979E+01
   8.037930E+01   2.935383E+01
   8.038209E+01   2.935333E+01
   8.038427E+01   2.934910E+01
   8.038675E+01   2.935010E+01
   8.038548E+01   2.935386E+01
   8.038668E+01   2.935610E+01
   8.039134E+01   2.935711E+01
   8.039963E+01   2.935813E+01
   8.040325E+01   2.936023E+01
   8.040182E+01   2.935613E+01
   8.040568E+01   2.935691E+01
   8.041744E+01   2.936018E+01
   8.041899E+01   2.936876E+01
   8.041673E+01   2.937260E+01
   8.041716E+01   2.937379E+01
   8.041772E+01   2.937537E+01
   8.041977E+01   2.937911E+01
   8.042234E+01   2.937819E+01
   8.042466E+01   2.938077E+01
   8.042496E+01   2.938220E+01
   8.042487E+01   2.938390E+01
   8.042533E+01   2.938531E+01
   8.042949E+01   2.938816E+01
   8.043123E+01   2.939044E+01
   8.043339E+01   2.939269E+01
   8.043862E+01   2.939251E+01
   8.043925E+01   2.938897E+01
   8.043973E+01   2.938696E+01
   8.044185E+01   2.938657E+01
   8.044209E+01   2.938914E+01
   8.044508E+01   2.938857E+01
   8.044528E+01   2.939150E+01
   8.044683E+01   2.939405E+01
   8.045174E+01   2.939248E+01
   8.045545E+01   2.939347E+01
   8.045837E+01   2.939571E+01
   8.046280E+01   2.939348E+01
   8.046888E+01   2.939164E+01
   8.047937E+01   2.938553E+01
   8.049887E+01   2.939732E+01
   8.050544E+01   2.939595E+01
   8.051002E+01   2.939506E+01
   8.051449E+01   2.939305E+01
   8.052070E+01   2.939305E+01
   8.052914E+01   2.939205E+01
   8.053780E+01   2.939372E+01
   8.054757E+01   2.940726E+01
   8.055044E+01   2.941823E+01
   8.055659E+01   2.941758E+01
   8.057235E+01   2.941464E+01
   8.057766E+01   2.940798E+01
   8.058152E+01   2.939993E+01
   8.058288E+01   2.939641E+01
   8.059578E+01   2.939742E+01
   8.061162E+01   2.939600E+01
   8.061961E+01   2.939506E+01
   8.062273E+01   2.939353E+01
   8.062303E+01   2.939024E+01
   8.063113E+01   2.938791E+01
   8.063712E+01   2.938713E+01
   8.064479E+01   2.938690E+01
   8.065039E+01   2.938279E+01
   8.065840E+01   2.939285E+01
   8.066660E+01   2.939745E+01
   8.067695E+01   2.939966E+01
   8.067885E+01   2.940559E+01
   8.067546E+01   2.941406E+01
   8.066949E+01   2.941754E+01
   8.067577E+01   2.942267E+01
   8.068761E+01   2.942354E+01
   8.069706E+01   2.942038E+01
   8.070560E+01   2.941764E+01
   8.071124E+01   2.941461E+01
   8.071873E+01   2.941902E+01
   8.071997E+01   2.941153E+01
   8.072704E+01   2.940674E+01
   8.073967E+01   2.940200E+01
   8.076232E+01   2.939992E+01
   8.076609E+01   2.939762E+01
   8.076250E+01   2.939234E+01
   8.076371E+01   2.938491E+01
   8.076878E+01   2.938275E+01
   8.077394E+01   2.938079E+01
   8.077797E+01   2.937987E+01
   8.078346E+01   2.937532E+01
   8.078569E+01   2.936666E+01
   8.077489E+01   2.936526E+01
   8.077050E+01   2.935783E+01
   8.076552E+01   2.936001E+01
   8.076278E+01   2.936312E+01
   8.076150E+01   2.935537E+01
   8.076138E+01   2.934891E+01
   8.075803E+01   2.934848E+01
   8.076130E+01   2.934001E+01
   8.075942E+01   2.933251E+01
   8.076505E+01   2.932373E+01
   8.077451E+01   2.931653E+01
   8.077233E+01   2.930684E+01
