   8.624180E+01   2.690687E+01
   8.624531E+01   2.691452E+01
   8.624910E+01   2.691281E+01
   8.625406E+01   2.690961E+01
   8.625927E+01   2.691064E+01
   8.625914E+01   2.691516E+01
   8.626055E+01   2.691926E+01
   8.625842E+01   2.691991E+01
   8.625732E+01   2.692113E+01
   8.625684E+01   2.692278E+01
   8.625668E+01   2.692370E+01
   8.625714E+01   2.692480E+01
   8.625707E+01   2.692641E+01
   8.625684E+01   2.692738E+01
   8.625770E+01   2.692804E+01
   8.625756E+01   2.692884E+01
   8.625645E+01   2.693054E+01
   8.625545E+01   2.693183E+01
   8.625528E+01   2.693258E+01
   8.625364E+01   2.693315E+01
   8.625203E+01   2.693428E+01
   8.625073E+01   2.693574E+01
   8.624975E+01   2.693604E+01
   8.624753E+01   2.693687E+01
   8.624631E+01   2.693764E+01
   8.624439E+01   2.693845E+01
   8.624347E+01   2.693951E+01
   8.624127E+01   2.694002E+01
   8.624038E+01   2.694095E+01
   8.623989E+01   2.694210E+01
   8.623805E+01   2.694344E+01
   8.623604E+01   2.694607E+01
   8.623519E+01   2.694700E+01
   8.623484E+01   2.694978E+01
   8.623405E+01   2.695060E+01
   8.623245E+01   2.695065E+01
   8.622811E+01   2.694929E+01
   8.622713E+01   2.694943E+01
   8.622509E+01   2.695063E+01
   8.622475E+01   2.695139E+01
   8.622457E+01   2.695247E+01
   8.622397E+01   2.695283E+01
   8.622295E+01   2.695267E+01
   8.622223E+01   2.695434E+01
   8.622055E+01   2.695528E+01
   8.621914E+01   2.695429E+01
   8.621866E+01   2.695443E+01
   8.621854E+01   2.695522E+01
   8.621884E+01   2.695694E+01
   8.621832E+01   2.695790E+01
   8.621709E+01   2.695920E+01
   8.621586E+01   2.696057E+01
   8.621476E+01   2.696078E+01
   8.621421E+01   2.696233E+01
   8.621141E+01   2.696452E+01
   8.621007E+01   2.696569E+01
   8.620803E+01   2.696673E+01
   8.620618E+01   2.696728E+01
   8.620423E+01   2.696818E+01
   8.620220E+01   2.696969E+01
   8.620071E+01   2.697000E+01
   8.619906E+01   2.697033E+01
   8.619692E+01   2.697195E+01
   8.619568E+01   2.697302E+01
   8.619282E+01   2.697496E+01
   8.619225E+01   2.697560E+01
   8.619221E+01   2.697726E+01
   8.619165E+01   2.697850E+01
   8.618931E+01   2.697796E+01
   8.618712E+01   2.697758E+01
   8.618688E+01   2.697859E+01
   8.618794E+01   2.698085E+01
   8.618722E+01   2.698267E+01
   8.618571E+01   2.698242E+01
   8.618369E+01   2.698328E+01
   8.618088E+01   2.698457E+01
   8.617878E+01   2.698458E+01
   8.617817E+01   2.698486E+01
   8.617576E+01   2.698690E+01
   8.617317E+01   2.698744E+01
   8.617078E+01   2.698893E+01
   8.616915E+01   2.698927E+01
   8.616663E+01   2.698919E+01
   8.616425E+01   2.699108E+01
   8.616295E+01   2.699202E+01
   8.615951E+01   2.699268E+01
   8.615663E+01   2.699363E+01
   8.615377E+01   2.699411E+01
   8.614857E+01   2.699689E+01
   8.614603E+01   2.699771E+01
   8.614357E+01   2.699845E+01
   8.614209E+01   2.699931E+01
   8.613901E+01   2.700046E+01
   8.613826E+01   2.700091E+01
   8.613654E+01   2.700200E+01
   8.613432E+01   2.700297E+01
   8.613158E+01   2.700402E+01
   8.612941E+01   2.700515E+01
   8.612704E+01   2.700623E+01
   8.612564E+01   2.700720E+01
   8.612398E+01   2.700784E+01
   8.612296E+01   2.700802E+01
   8.612197E+01   2.700843E+01
   8.612111E+01   2.700870E+01
   8.611953E+01   2.700945E+01
   8.611844E+01   2.701014E+01
   8.611682E+01   2.701070E+01
   8.611546E+01   2.701142E+01
   8.611371E+01   2.701197E+01
   8.611205E+01   2.701236E+01
   8.611009E+01   2.701324E+01
   8.610919E+01   2.701385E+01
   8.610712E+01   2.701494E+01
   8.610499E+01   2.701555E+01
   8.610411E+01   2.701569E+01
   8.610232E+01   2.701629E+01
   8.610079E+01   2.701672E+01
   8.610027E+01   2.701719E+01
   8.609891E+01   2.701756E+01
   8.609730E+01   2.701749E+01
   8.609406E+01   2.701840E+01
   8.609236E+01   2.701828E+01
   8.609023E+01   2.701905E+01
   8.608776E+01   2.701903E+01
   8.608657E+01   2.701933E+01
   8.608504E+01   2.701928E+01
   8.608415E+01   2.701914E+01
   8.608254E+01   2.701852E+01
   8.608067E+01   2.701858E+01
   8.607948E+01   2.701855E+01
   8.607837E+01   2.701902E+01
   8.607745E+01   2.701898E+01
   8.607660E+01   2.701877E+01
   8.607528E+01   2.701899E+01
   8.607441E+01   2.701889E+01
   8.607219E+01   2.701890E+01
   8.607002E+01   2.701910E+01
   8.606883E+01   2.701930E+01
   8.606645E+01   2.701918E+01
   8.606500E+01   2.701905E+01
   8.606253E+01   2.701876E+01
   8.605853E+01   2.701867E+01
   8.605640E+01   2.701841E+01
   8.605453E+01   2.701847E+01
   8.605095E+01   2.701895E+01
   8.604909E+01   2.701915E+01
   8.604847E+01   2.701949E+01
   8.604849E+01   2.702064E+01
   8.604820E+01   2.702128E+01
   8.604739E+01   2.702153E+01
   8.604623E+01   2.702093E+01
   8.604532E+01   2.702019E+01
   8.604311E+01   2.701993E+01
   8.604098E+01   2.701986E+01
   8.603876E+01   2.701992E+01
   8.603672E+01   2.702010E+01
   8.603553E+01   2.702023E+01
   8.603391E+01   2.702049E+01
   8.603152E+01   2.702078E+01
   8.603020E+01   2.702092E+01
   8.602884E+01   2.702047E+01
   8.602714E+01   2.702043E+01
   8.602612E+01   2.702075E+01
   8.602465E+01   2.702041E+01
   8.602380E+01   2.702046E+01
   8.602270E+01   2.702021E+01
   8.602147E+01   2.701947E+01
   8.601994E+01   2.701960E+01
   8.601823E+01   2.701976E+01
   8.601610E+01   2.702001E+01
   8.601483E+01   2.702027E+01
   8.601338E+01   2.701963E+01
   8.601250E+01   2.701890E+01
   8.601207E+01   2.701883E+01
   8.601143E+01   2.701910E+01
   8.601147E+01   2.701964E+01
   8.601104E+01   2.702005E+01
   8.601057E+01   2.702068E+01
   8.600940E+01   2.702025E+01
   8.600867E+01   2.702059E+01
   8.600741E+01   2.702131E+01
   8.600587E+01   2.702207E+01
   8.600468E+01   2.702204E+01
   8.600275E+01   2.702113E+01
   8.600045E+01   2.702153E+01
   8.599968E+01   2.702201E+01
   8.599901E+01   2.702282E+01
   8.599775E+01   2.702339E+01
   8.599622E+01   2.702361E+01
   8.599509E+01   2.702426E+01
   8.599383E+01   2.702468E+01
   8.599247E+01   2.702463E+01
   8.599110E+01   2.702533E+01
   8.598968E+01   2.702634E+01
   8.598837E+01   2.702746E+01
   8.598704E+01   2.702908E+01
   8.598596E+01   2.703137E+01
   8.598591E+01   2.703244E+01
   8.598562E+01   2.703333E+01
   8.598475E+01   2.703376E+01
   8.598310E+01   2.703463E+01
   8.598235E+01   2.703539E+01
   8.598244E+01   2.703646E+01
   8.598190E+01   2.703725E+01
   8.598097E+01   2.703833E+01
   8.598022E+01   2.703891E+01
   8.597918E+01   2.704020E+01
   8.597811E+01   2.704104E+01
   8.597729E+01   2.704231E+01
   8.597615E+01   2.704340E+01
   8.597444E+01   2.704646E+01
   8.597390E+01   2.704775E+01
   8.597171E+01   2.704983E+01
   8.597113E+01   2.705055E+01
   8.596996E+01   2.705265E+01
   8.597002E+01   2.705503E+01
   8.597056E+01   2.705663E+01
   8.596947E+01   2.705857E+01
   8.596931E+01   2.705979E+01
   8.596947E+01   2.706132E+01
   8.596866E+01   2.706282E+01
   8.596803E+01   2.706427E+01
   8.596767E+01   2.706562E+01
   8.596643E+01   2.706672E+01
   8.596593E+01   2.706733E+01
   8.596628E+01   2.706813E+01
   8.596604E+01   2.706912E+01
   8.596616E+01   2.706960E+01
   8.596675E+01   2.707024E+01
   8.596627E+01   2.707125E+01
   8.596590E+01   2.707243E+01
   8.596582E+01   2.707334E+01
   8.596520E+01   2.707399E+01
   8.596363E+01   2.707313E+01
   8.596308E+01   2.707336E+01
   8.596192E+01   2.707623E+01
   8.596165E+01   2.707745E+01
   8.596205E+01   2.707921E+01
   8.596164E+01   2.708013E+01
   8.596074E+01   2.708052E+01
   8.595907E+01   2.708169E+01
   8.595827E+01   2.708247E+01
   8.595707E+01   2.708335E+01
   8.595568E+01   2.708420E+01
   8.595504E+01   2.708441E+01
   8.595392E+01   2.708386E+01
   8.595290E+01   2.708372E+01
   8.595187E+01   2.708404E+01
   8.595008E+01   2.708406E+01
   8.594972E+01   2.708430E+01
   8.595020E+01   2.708505E+01
   8.595081E+01   2.708626E+01
   8.595084E+01   2.708796E+01
   8.594941E+01   2.708832E+01
   8.594216E+01   2.707523E+01
   8.590605E+01   2.693125E+01
   8.590286E+01   2.685545E+01
   8.590249E+01   2.678813E+01
   8.584345E+01   2.659293E+01
   8.585617E+01   2.659109E+01
   8.584751E+01   2.657126E+01
   8.585386E+01   2.657319E+01
   8.585874E+01   2.657171E+01
   8.586726E+01   2.657512E+01
   8.587542E+01   2.658153E+01
   8.588396E+01   2.658311E+01
   8.589164E+01   2.659522E+01
   8.590423E+01   2.660466E+01
   8.591767E+01   2.661038E+01
   8.592402E+01   2.661218E+01
   8.592592E+01   2.661637E+01
   8.593105E+01   2.661479E+01
   8.593489E+01   2.661554E+01
   8.594511E+01   2.661308E+01
   8.594637E+01   2.662370E+01
   8.595327E+01   2.663091E+01
   8.595046E+01   2.664028E+01
   8.595537E+01   2.664669E+01
   8.596205E+01   2.665173E+01
   8.596813E+01   2.665346E+01
   8.597739E+01   2.665865E+01
   8.600326E+01   2.665745E+01
   8.601105E+01   2.665732E+01
   8.602339E+01   2.666489E+01
   8.605829E+01   2.665947E+01
   8.606979E+01   2.665697E+01
   8.608707E+01   2.664368E+01
   8.611904E+01   2.662999E+01
   8.614093E+01   2.661683E+01
   8.613847E+01   2.661395E+01
   8.613580E+01   2.660640E+01
   8.614745E+01   2.660785E+01
   8.617594E+01   2.665882E+01
   8.619311E+01   2.671492E+01
   8.616757E+01   2.684160E+01
   8.615585E+01   2.692971E+01
   8.622324E+01   2.689238E+01
