   8.528094E+01   2.759338E+01
   8.527976E+01   2.759514E+01
   8.528067E+01   2.759582E+01
   8.528286E+01   2.759604E+01
   8.528381E+01   2.759581E+01
   8.528456E+01   2.759482E+01
   8.528398E+01   2.759417E+01
   8.528491E+01   2.759322E+01
   8.528607E+01   2.759442E+01
   8.528650E+01   2.759628E+01
   8.528693E+01   2.759733E+01
   8.528837E+01   2.759803E+01
   8.528978E+01   2.759756E+01
   8.529089E+01   2.759707E+01
   8.529189E+01   2.759741E+01
   8.529175E+01   2.759826E+01
   8.529169E+01   2.759977E+01
   8.529117E+01   2.760104E+01
   8.529166E+01   2.760200E+01
   8.529272E+01   2.760260E+01
   8.529398E+01   2.760305E+01
   8.529457E+01   2.760419E+01
   8.529418E+01   2.760600E+01
   8.529412E+01   2.760708E+01
   8.529439E+01   2.760807E+01
   8.529347E+01   2.760889E+01
   8.529227E+01   2.760988E+01
   8.529106E+01   2.761058E+01
   8.529044E+01   2.761078E+01
   8.529010E+01   2.761148E+01
   8.529037E+01   2.761212E+01
   8.529118E+01   2.761231E+01
   8.529208E+01   2.761193E+01
   8.529362E+01   2.761206E+01
   8.529386E+01   2.761295E+01
   8.529315E+01   2.761431E+01
   8.529227E+01   2.761615E+01
   8.529196E+01   2.761793E+01
   8.529174E+01   2.761908E+01
   8.529239E+01   2.762016E+01
   8.529340E+01   2.762135E+01
   8.529343E+01   2.762208E+01
   8.529309E+01   2.762276E+01
   8.529282E+01   2.762429E+01
   8.529269E+01   2.762571E+01
   8.529347E+01   2.762626E+01
   8.529492E+01   2.762649E+01
   8.529482E+01   2.762706E+01
   8.529448E+01   2.762796E+01
   8.529363E+01   2.762869E+01
   8.529317E+01   2.763096E+01
   8.529286E+01   2.763312E+01
   8.529297E+01   2.763394E+01
   8.529163E+01   2.763464E+01
   8.528933E+01   2.763575E+01
   8.528791E+01   2.763678E+01
   8.528576E+01   2.763828E+01
   8.528404E+01   2.764068E+01
   8.528307E+01   2.764220E+01
   8.528234E+01   2.764383E+01
   8.528247E+01   2.764499E+01
   8.528344E+01   2.764525E+01
   8.528548E+01   2.764465E+01
   8.528679E+01   2.764411E+01
   8.528763E+01   2.764488E+01
   8.528712E+01   2.764687E+01
   8.528679E+01   2.764819E+01
   8.528719E+01   2.765043E+01
   8.528812E+01   2.765168E+01
   8.528970E+01   2.765306E+01
   8.529104E+01   2.765380E+01
   8.529252E+01   2.765527E+01
   8.529324E+01   2.765588E+01
   8.529354E+01   2.765654E+01
   8.529374E+01   2.765704E+01
   8.529372E+01   2.765779E+01
   8.529397E+01   2.765925E+01
   8.529427E+01   2.765967E+01
   8.529449E+01   2.766009E+01
   8.529490E+01   2.766025E+01
   8.529567E+01   2.766059E+01
   8.529620E+01   2.766103E+01
   8.529662E+01   2.766070E+01
   8.529707E+01   2.766079E+01
   8.529710E+01   2.766165E+01
   8.529657E+01   2.766270E+01
   8.529651E+01   2.766354E+01
   8.529639E+01   2.766477E+01
   8.529704E+01   2.766598E+01
   8.529786E+01   2.766708E+01
   8.529752E+01   2.766840E+01
   8.529691E+01   2.766874E+01
   8.529537E+01   2.766871E+01
   8.529383E+01   2.766908E+01
   8.529273E+01   2.766969E+01
   8.529215E+01   2.767079E+01
   8.529183E+01   2.767229E+01
   8.529223E+01   2.767345E+01
   8.529306E+01   2.767440E+01
   8.529502E+01   2.767514E+01
   8.529689E+01   2.767618E+01
   8.529799E+01   2.767708E+01
   8.529870E+01   2.767805E+01
   8.529917E+01   2.768373E+01
   8.530263E+01   2.769171E+01
   8.530690E+01   2.769338E+01
   8.531280E+01   2.769174E+01
   8.531807E+01   2.768829E+01
   8.532469E+01   2.768668E+01
   8.532860E+01   2.768398E+01
   8.533053E+01   2.768004E+01
   8.533356E+01   2.767864E+01
   8.533776E+01   2.767579E+01
   8.534046E+01   2.767435E+01
   8.534320E+01   2.767238E+01
   8.534655E+01   2.766965E+01
   8.535079E+01   2.766822E+01
   8.535281E+01   2.766803E+01
   8.535432E+01   2.766797E+01
   8.535747E+01   2.766866E+01
   8.535925E+01   2.766928E+01
   8.535983E+01   2.766933E+01
   8.536075E+01   2.766923E+01
   8.536176E+01   2.766730E+01
   8.536240E+01   2.766694E+01
   8.536292E+01   2.766688E+01
   8.536249E+01   2.766638E+01
   8.536273E+01   2.766583E+01
   8.536320E+01   2.766542E+01
   8.536346E+01   2.766449E+01
   8.536325E+01   2.766397E+01
   8.536310E+01   2.766368E+01
   8.536284E+01   2.766350E+01
   8.536267E+01   2.766318E+01
   8.536230E+01   2.766314E+01
   8.536180E+01   2.766334E+01
   8.536157E+01   2.766331E+01
   8.536135E+01   2.766285E+01
   8.536145E+01   2.766205E+01
   8.536126E+01   2.766176E+01
   8.536092E+01   2.766171E+01
   8.536179E+01   2.766121E+01
   8.536205E+01   2.766249E+01
   8.536265E+01   2.766288E+01
   8.536286E+01   2.766285E+01
   8.536313E+01   2.766290E+01
   8.536322E+01   2.766270E+01
   8.536341E+01   2.766244E+01
   8.536331E+01   2.766232E+01
   8.536338E+01   2.766214E+01
   8.536332E+01   2.766205E+01
   8.536321E+01   2.766214E+01
   8.536314E+01   2.766213E+01
   8.536333E+01   2.766177E+01
   8.536364E+01   2.766173E+01
   8.536410E+01   2.766143E+01
   8.536412E+01   2.766129E+01
   8.536427E+01   2.766111E+01
   8.536448E+01   2.766106E+01
   8.536466E+01   2.766107E+01
   8.536479E+01   2.766108E+01
   8.536505E+01   2.766088E+01
   8.536516E+01   2.766068E+01
   8.536504E+01   2.766063E+01
   8.536496E+01   2.766059E+01
   8.536509E+01   2.766056E+01
   8.536565E+01   2.766044E+01
   8.536595E+01   2.766044E+01
   8.536606E+01   2.766025E+01
   8.536625E+01   2.766033E+01
   8.536641E+01   2.766031E+01
   8.536665E+01   2.766008E+01
   8.536675E+01   2.766001E+01
   8.536675E+01   2.765981E+01
   8.536693E+01   2.765978E+01
   8.536737E+01   2.766015E+01
   8.536786E+01   2.766033E+01
   8.536812E+01   2.766064E+01
   8.536825E+01   2.766089E+01
   8.536837E+01   2.766093E+01
   8.536862E+01   2.766092E+01
   8.536880E+01   2.766105E+01
   8.536917E+01   2.766099E+01
   8.536931E+01   2.766093E+01
   8.536925E+01   2.766078E+01
   8.536912E+01   2.766070E+01
   8.536925E+01   2.766052E+01
   8.536971E+01   2.766017E+01
   8.536990E+01   2.766020E+01
   8.536997E+01   2.766007E+01
   8.536987E+01   2.765991E+01
   8.536981E+01   2.765968E+01
   8.536971E+01   2.765963E+01
   8.536987E+01   2.765940E+01
   8.536993E+01   2.765923E+01
   8.536995E+01   2.765904E+01
   8.536971E+01   2.765889E+01
   8.536968E+01   2.765854E+01
   8.536965E+01   2.765831E+01
   8.536986E+01   2.765802E+01
   8.537004E+01   2.765764E+01
   8.536998E+01   2.765752E+01
   8.536993E+01   2.765733E+01
   8.537017E+01   2.765719E+01
   8.537027E+01   2.765668E+01
   8.537013E+01   2.765657E+01
   8.536989E+01   2.765633E+01
   8.537000E+01   2.765613E+01
   8.537014E+01   2.765594E+01
   8.537001E+01   2.765587E+01
   8.536981E+01   2.765593E+01
   8.536952E+01   2.765573E+01
   8.536956E+01   2.765555E+01
   8.536965E+01   2.765516E+01
   8.536989E+01   2.765488E+01
   8.536977E+01   2.765469E+01
   8.537002E+01   2.765435E+01
   8.537031E+01   2.765401E+01
   8.537063E+01   2.765372E+01
   8.537092E+01   2.765366E+01
   8.537120E+01   2.765354E+01
   8.537148E+01   2.765356E+01
   8.537165E+01   2.765381E+01
   8.537183E+01   2.765389E+01
   8.537253E+01   2.765365E+01
   8.537272E+01   2.765363E+01
   8.537290E+01   2.765322E+01
   8.537306E+01   2.765301E+01
   8.537296E+01   2.765284E+01
   8.537310E+01   2.765254E+01
   8.537324E+01   2.765246E+01
   8.537359E+01   2.765232E+01
   8.537407E+01   2.765222E+01
   8.537430E+01   2.765208E+01
   8.537414E+01   2.765175E+01
   8.537433E+01   2.765140E+01
   8.537447E+01   2.765131E+01
   8.537464E+01   2.765144E+01
   8.537483E+01   2.765147E+01
   8.537516E+01   2.765148E+01
   8.537528E+01   2.765140E+01
   8.537533E+01   2.765126E+01
   8.537549E+01   2.765123E+01
   8.537577E+01   2.765112E+01
   8.537631E+01   2.765115E+01
   8.537647E+01   2.765111E+01
   8.537659E+01   2.765090E+01
   8.537678E+01   2.765084E+01
   8.537693E+01   2.765081E+01
   8.537716E+01   2.765081E+01
   8.537751E+01   2.765079E+01
   8.537779E+01   2.765082E+01
   8.537803E+01   2.765082E+01
   8.537819E+01   2.765085E+01
   8.537853E+01   2.765107E+01
   8.537908E+01   2.765095E+01
   8.537918E+01   2.765078E+01
   8.537920E+01   2.765055E+01
   8.537956E+01   2.765040E+01
   8.537983E+01   2.765032E+01
   8.538008E+01   2.765041E+01
   8.538039E+01   2.765033E+01
   8.538058E+01   2.765023E+01
   8.538081E+01   2.765025E+01
   8.538119E+01   2.765016E+01
   8.538183E+01   2.764972E+01
   8.538236E+01   2.764930E+01
   8.538268E+01   2.764920E+01
   8.538312E+01   2.764926E+01
   8.538361E+01   2.764928E+01
   8.538404E+01   2.764911E+01
   8.538439E+01   2.764900E+01
   8.538487E+01   2.764884E+01
   8.538492E+01   2.764865E+01
   8.538503E+01   2.764840E+01
   8.538506E+01   2.764807E+01
   8.538531E+01   2.764772E+01
   8.538560E+01   2.764773E+01
   8.538597E+01   2.764766E+01
   8.538655E+01   2.764769E+01
   8.538744E+01   2.764730E+01
   8.538799E+01   2.764663E+01
   8.538868E+01   2.764616E+01
   8.538907E+01   2.764549E+01
   8.538993E+01   2.764492E+01
   8.539463E+01   2.764105E+01
   8.539787E+01   2.763668E+01
   8.539922E+01   2.763506E+01
   8.540351E+01   2.763052E+01
   8.540593E+01   2.762757E+01
   8.540954E+01   2.762255E+01
   8.541101E+01   2.761695E+01
   8.540738E+01   2.761082E+01
   8.540522E+01   2.760432E+01
   8.540222E+01   2.760266E+01
   8.540429E+01   2.759610E+01
   8.540385E+01   2.759368E+01
   8.540548E+01   2.759126E+01
   8.540521E+01   2.758794E+01
   8.540461E+01   2.758398E+01
   8.540283E+01   2.758052E+01
   8.540167E+01   2.757463E+01
   8.539716E+01   2.757074E+01
   8.539251E+01   2.756577E+01
   8.538756E+01   2.756368E+01
   8.538761E+01   2.756151E+01
   8.539463E+01   2.755723E+01
   8.539874E+01   2.755447E+01
   8.540325E+01   2.754531E+01
   8.541000E+01   2.754485E+01
   8.541252E+01   2.754821E+01
   8.541633E+01   2.754667E+01
   8.542163E+01   2.754381E+01
   8.542621E+01   2.754040E+01
   8.542951E+01   2.754076E+01
   8.543312E+01   2.753864E+01
   8.543484E+01   2.754003E+01
   8.543779E+01   2.753788E+01
   8.544023E+01   2.753145E+01
   8.543882E+01   2.752682E+01
   8.544117E+01   2.751768E+01
   8.544270E+01   2.751453E+01
   8.544090E+01   2.751097E+01
   8.544017E+01   2.750900E+01
   8.544032E+01   2.750788E+01
   8.543994E+01   2.750675E+01
   8.543984E+01   2.750657E+01
   8.543940E+01   2.750522E+01
   8.543913E+01   2.750438E+01
   8.543904E+01   2.750365E+01
   8.543884E+01   2.750310E+01
   8.543884E+01   2.750289E+01
   8.543900E+01   2.750260E+01
   8.543907E+01   2.750160E+01
   8.543898E+01   2.750081E+01
   8.543862E+01   2.749966E+01
   8.543876E+01   2.749910E+01
   8.543894E+01   2.749871E+01
   8.543912E+01   2.749845E+01
   8.543908E+01   2.749812E+01
   8.543914E+01   2.749781E+01
   8.543898E+01   2.749760E+01
   8.543875E+01   2.749703E+01
   8.543866E+01   2.749648E+01
   8.543879E+01   2.749580E+01
   8.543883E+01   2.749551E+01
   8.543894E+01   2.749494E+01
   8.543899E+01   2.749431E+01
   8.543865E+01   2.749368E+01
   8.543863E+01   2.749298E+01
   8.543864E+01   2.749255E+01
   8.543896E+01   2.749184E+01
   8.543902E+01   2.749140E+01
   8.543881E+01   2.749086E+01
   8.543871E+01   2.749037E+01
   8.543870E+01   2.748995E+01
   8.543871E+01   2.748965E+01
   8.543882E+01   2.748923E+01
   8.543886E+01   2.748809E+01
   8.543917E+01   2.748766E+01
   8.543950E+01   2.748712E+01
   8.544004E+01   2.748626E+01
   8.544038E+01   2.748578E+01
   8.544070E+01   2.748550E+01
   8.544068E+01   2.748490E+01
   8.544058E+01   2.748361E+01
   8.544096E+01   2.748256E+01
   8.544149E+01   2.748171E+01
   8.544204E+01   2.748166E+01
   8.544252E+01   2.748177E+01
   8.544289E+01   2.748145E+01
   8.544321E+01   2.748104E+01
   8.544328E+01   2.748060E+01
   8.544321E+01   2.747963E+01
   8.544220E+01   2.747879E+01
   8.544170E+01   2.747816E+01
   8.544193E+01   2.747792E+01
   8.544152E+01   2.747650E+01
   8.544139E+01   2.747603E+01
   8.544066E+01   2.747568E+01
   8.544015E+01   2.747553E+01
   8.543871E+01   2.747435E+01
   8.543793E+01   2.747426E+01
   8.543739E+01   2.747343E+01
   8.543717E+01   2.747307E+01
   8.543681E+01   2.747252E+01
   8.543656E+01   2.747204E+01
   8.543622E+01   2.747129E+01
   8.543589E+01   2.747107E+01
   8.543561E+01   2.747070E+01
   8.543568E+01   2.747039E+01
   8.543548E+01   2.746992E+01
   8.543416E+01   2.746897E+01
   8.543320E+01   2.746836E+01
   8.543285E+01   2.746809E+01
   8.543250E+01   2.746769E+01
   8.543208E+01   2.746750E+01
   8.543151E+01   2.746671E+01
   8.543104E+01   2.746612E+01
   8.543065E+01   2.746569E+01
   8.543029E+01   2.746523E+01
   8.542967E+01   2.746481E+01
   8.542903E+01   2.746445E+01
   8.542888E+01   2.746379E+01
   8.542860E+01   2.746365E+01
   8.542745E+01   2.746410E+01
   8.542639E+01   2.746425E+01
   8.542519E+01   2.746351E+01
   8.542447E+01   2.746323E+01
   8.542374E+01   2.746223E+01
   8.542322E+01   2.746164E+01
   8.542251E+01   2.746179E+01
   8.542225E+01   2.746160E+01
   8.542231E+01   2.746078E+01
   8.542198E+01   2.746046E+01
   8.542158E+01   2.745942E+01
   8.542130E+01   2.745822E+01
   8.542071E+01   2.745821E+01
   8.542006E+01   2.745876E+01
   8.541965E+01   2.745876E+01
   8.541924E+01   2.745901E+01
   8.541839E+01   2.745901E+01
   8.541787E+01   2.745911E+01
   8.541760E+01   2.745874E+01
   8.541732E+01   2.745821E+01
   8.541700E+01   2.745762E+01
   8.541637E+01   2.745688E+01
   8.541657E+01   2.745621E+01
   8.541563E+01   2.745559E+01
   8.541485E+01   2.745503E+01
   8.541406E+01   2.745538E+01
   8.541301E+01   2.745497E+01
   8.541205E+01   2.745387E+01
   8.541192E+01   2.745252E+01
   8.541169E+01   2.745152E+01
   8.541090E+01   2.745118E+01
   8.541044E+01   2.745071E+01
   8.540961E+01   2.745011E+01
   8.540839E+01   2.745011E+01
   8.540777E+01   2.744959E+01
   8.540697E+01   2.744844E+01
   8.540659E+01   2.744777E+01
   8.540689E+01   2.744711E+01
   8.540778E+01   2.744701E+01
   8.540807E+01   2.744621E+01
   8.540853E+01   2.744519E+01
   8.540876E+01   2.744433E+01
   8.540947E+01   2.744384E+01
   8.541073E+01   2.744405E+01
   8.541287E+01   2.744430E+01
   8.541444E+01   2.744457E+01
   8.541564E+01   2.744458E+01
   8.541684E+01   2.744477E+01
   8.541738E+01   2.744518E+01
   8.541786E+01   2.744496E+01
   8.541828E+01   2.744418E+01
   8.541828E+01   2.744330E+01
   8.541748E+01   2.744262E+01
   8.541629E+01   2.744217E+01
   8.541519E+01   2.744191E+01
   8.541484E+01   2.744112E+01
   8.541455E+01   2.744069E+01
   8.541420E+01   2.744057E+01
   8.541357E+01   2.744012E+01
   8.541375E+01   2.743969E+01
   8.541326E+01   2.743933E+01
   8.541246E+01   2.743957E+01
   8.541151E+01   2.743889E+01
   8.541128E+01   2.743848E+01
   8.541161E+01   2.743772E+01
   8.541250E+01   2.743736E+01
   8.541328E+01   2.743775E+01
   8.541413E+01   2.743747E+01
   8.541469E+01   2.743715E+01
   8.541531E+01   2.743612E+01
   8.541554E+01   2.743532E+01
   8.541505E+01   2.743475E+01
   8.541455E+01   2.743444E+01
   8.541374E+01   2.743491E+01
   8.541243E+01   2.743493E+01
   8.541183E+01   2.743468E+01
   8.541104E+01   2.743413E+01
   8.541020E+01   2.743340E+01
   8.541049E+01   2.743283E+01
   8.541056E+01   2.743238E+01
   8.541099E+01   2.743178E+01
   8.541108E+01   2.743129E+01
   8.541151E+01   2.743067E+01
   8.541186E+01   2.742963E+01
   8.541240E+01   2.742919E+01
   8.541231E+01   2.742826E+01
   8.541239E+01   2.742748E+01
   8.541337E+01   2.742642E+01
   8.541411E+01   2.742589E+01
   8.541360E+01   2.742529E+01
   8.541295E+01   2.742463E+01
   8.541193E+01   2.742446E+01
   8.541182E+01   2.742396E+01
   8.541194E+01   2.742321E+01
   8.541098E+01   2.742264E+01
   8.541040E+01   2.742236E+01
   8.541068E+01   2.742188E+01
   8.541084E+01   2.742106E+01
   8.541005E+01   2.741907E+01
   8.540973E+01   2.741795E+01
   8.540906E+01   2.741731E+01
   8.540893E+01   2.741679E+01
   8.540952E+01   2.741629E+01
   8.540986E+01   2.741588E+01
   8.541073E+01   2.741530E+01
   8.541156E+01   2.741416E+01
   8.541200E+01   2.741379E+01
   8.541268E+01   2.741403E+01
   8.541416E+01   2.741430E+01
   8.541546E+01   2.741420E+01
   8.541638E+01   2.741298E+01
   8.541738E+01   2.741211E+01
   8.541734E+01   2.741134E+01
   8.541793E+01   2.741020E+01
   8.541873E+01   2.740980E+01
   8.541872E+01   2.740899E+01
   8.541648E+01   2.740863E+01
   8.541466E+01   2.740712E+01
   8.541428E+01   2.740453E+01
   8.541210E+01   2.740621E+01
   8.541065E+01   2.740675E+01
   8.540896E+01   2.740631E+01
   8.540728E+01   2.740427E+01
   8.540679E+01   2.740298E+01
   8.540509E+01   2.740342E+01
   8.540545E+01   2.740484E+01
   8.540456E+01   2.740583E+01
   8.540127E+01   2.740467E+01
   8.539853E+01   2.740416E+01
   8.539685E+01   2.740564E+01
   8.539706E+01   2.740823E+01
   8.539665E+01   2.740915E+01
   8.539449E+01   2.741144E+01
   8.539285E+01   2.741052E+01
   8.539020E+01   2.740868E+01
   8.538607E+01   2.740776E+01
   8.538440E+01   2.740797E+01
   8.538376E+01   2.740965E+01
   8.538477E+01   2.741143E+01
   8.538369E+01   2.741361E+01
   8.538075E+01   2.741508E+01
   8.537875E+01   2.741609E+01
   8.537759E+01   2.741803E+01
   8.537370E+01   2.741822E+01
   8.537014E+01   2.742037E+01
   8.536902E+01   2.742323E+01
   8.536858E+01   2.742436E+01
   8.536475E+01   2.742492E+01
   8.536334E+01   2.742571E+01
   8.536111E+01   2.742671E+01
   8.535584E+01   2.742890E+01
   8.535181E+01   2.742992E+01
   8.535058E+01   2.743111E+01
   8.534935E+01   2.743128E+01
   8.534743E+01   2.742964E+01
   8.534668E+01   2.742848E+01
   8.534518E+01   2.742920E+01
   8.534459E+01   2.743043E+01
   8.534163E+01   2.743227E+01
   8.534025E+01   2.743309E+01
   8.533638E+01   2.743235E+01
   8.533531E+01   2.743198E+01
   8.533348E+01   2.743334E+01
   8.533295E+01   2.743507E+01
   8.533148E+01   2.743715E+01
   8.532846E+01   2.743842E+01
   8.532547E+01   2.743854E+01
   8.532463E+01   2.743851E+01
   8.532243E+01   2.743789E+01
   8.531977E+01   2.743685E+01
   8.531711E+01   2.743626E+01
   8.531516E+01   2.743669E+01
   8.531438E+01   2.743896E+01
   8.531599E+01   2.744101E+01
   8.531578E+01   2.744195E+01
   8.531375E+01   2.744365E+01
   8.531161E+01   2.744595E+01
   8.530930E+01   2.744514E+01
   8.530784E+01   2.744520E+01
   8.530584E+01   2.744631E+01
   8.530162E+01   2.745091E+01
   8.529973E+01   2.745101E+01
   8.529652E+01   2.745074E+01
   8.529270E+01   2.745145E+01
   8.528745E+01   2.745192E+01
   8.528181E+01   2.745175E+01
   8.527874E+01   2.745152E+01
   8.527586E+01   2.745294E+01
   8.527280E+01   2.745402E+01
   8.527012E+01   2.745397E+01
   8.526738E+01   2.745393E+01
   8.526648E+01   2.745490E+01
   8.526515E+01   2.745443E+01
   8.526380E+01   2.745456E+01
   8.526167E+01   2.745723E+01
   8.525975E+01   2.745788E+01
   8.525786E+01   2.745888E+01
   8.525841E+01   2.746163E+01
   8.525627E+01   2.746440E+01
   8.525582E+01   2.746626E+01
   8.525718E+01   2.746772E+01
   8.525703E+01   2.746870E+01
   8.525387E+01   2.747124E+01
   8.525246E+01   2.747346E+01
   8.524859E+01   2.747569E+01
   8.524771E+01   2.747655E+01
   8.524748E+01   2.747873E+01
   8.524746E+01   2.747949E+01
   8.524696E+01   2.748054E+01
   8.524747E+01   2.748174E+01
   8.524733E+01   2.748368E+01
   8.524588E+01   2.748591E+01
   8.524453E+01   2.748636E+01
   8.524456E+01   2.748745E+01
   8.524603E+01   2.748941E+01
   8.524705E+01   2.749220E+01
   8.524683E+01   2.749299E+01
   8.524703E+01   2.749361E+01
   8.524763E+01   2.749393E+01
   8.524806E+01   2.749459E+01
   8.524791E+01   2.749550E+01
   8.524677E+01   2.749655E+01
   8.524373E+01   2.749802E+01
   8.524297E+01   2.749918E+01
   8.524255E+01   2.750012E+01
   8.524153E+01   2.750062E+01
   8.523997E+01   2.750057E+01
   8.523866E+01   2.749997E+01
   8.523736E+01   2.750018E+01
   8.523635E+01   2.750135E+01
   8.523562E+01   2.750324E+01
   8.523466E+01   2.750450E+01
   8.523453E+01   2.750544E+01
   8.523556E+01   2.750755E+01
   8.523662E+01   2.750832E+01
   8.523652E+01   2.750928E+01
   8.523703E+01   2.751033E+01
   8.523826E+01   2.751131E+01
   8.524021E+01   2.751178E+01
   8.524138E+01   2.751233E+01
   8.524164E+01   2.751365E+01
   8.524064E+01   2.751665E+01
   8.524268E+01   2.751898E+01
   8.524568E+01   2.751952E+01
   8.524965E+01   2.752083E+01
   8.525051E+01   2.752175E+01
   8.525031E+01   2.752385E+01
   8.525044E+01   2.752537E+01
   8.525058E+01   2.752630E+01
   8.525108E+01   2.752746E+01
   8.524951E+01   2.752886E+01
   8.524585E+01   2.752901E+01
   8.524599E+01   2.753218E+01
   8.524418E+01   2.753330E+01
   8.524224E+01   2.753306E+01
   8.523773E+01   2.753343E+01
   8.523413E+01   2.753559E+01
   8.523197E+01   2.753619E+01
   8.523178E+01   2.753660E+01
   8.523172E+01   2.753755E+01
   8.523304E+01   2.753843E+01
   8.523406E+01   2.754010E+01
   8.523505E+01   2.754159E+01
   8.523609E+01   2.754355E+01
   8.523816E+01   2.754598E+01
   8.524108E+01   2.754849E+01
   8.524659E+01   2.755014E+01
   8.524699E+01   2.755157E+01
   8.524692E+01   2.755496E+01
   8.524811E+01   2.755809E+01
   8.524899E+01   2.755909E+01
   8.525098E+01   2.756021E+01
   8.525103E+01   2.756099E+01
   8.525022E+01   2.756211E+01
   8.524957E+01   2.756316E+01
   8.525000E+01   2.756432E+01
   8.525124E+01   2.756540E+01
   8.525195E+01   2.756620E+01
   8.525275E+01   2.756761E+01
   8.525347E+01   2.756881E+01
   8.525446E+01   2.756938E+01
   8.525512E+01   2.756989E+01
   8.525644E+01   2.757022E+01
   8.525761E+01   2.757101E+01
   8.525813E+01   2.757139E+01
   8.525912E+01   2.757101E+01
   8.526025E+01   2.757012E+01
   8.526193E+01   2.756992E+01
   8.526332E+01   2.757062E+01
   8.526469E+01   2.757035E+01
   8.526598E+01   2.757010E+01
   8.526699E+01   2.757075E+01
   8.526757E+01   2.757172E+01
   8.526796E+01   2.757266E+01
   8.526825E+01   2.757396E+01
   8.526895E+01   2.757466E+01
   8.527062E+01   2.757560E+01
   8.527172E+01   2.757626E+01
   8.527198E+01   2.757695E+01
   8.527245E+01   2.757857E+01
   8.527381E+01   2.757978E+01
   8.527408E+01   2.758007E+01
   8.527538E+01   2.758077E+01
   8.527635E+01   2.758182E+01
   8.527704E+01   2.758268E+01
   8.527800E+01   2.758279E+01
   8.527894E+01   2.758294E+01
   8.527987E+01   2.758393E+01
   8.528044E+01   2.758507E+01
   8.528231E+01   2.758500E+01
   8.528373E+01   2.758503E+01
   8.528497E+01   2.758592E+01
   8.528502E+01   2.758684E+01
   8.528357E+01   2.758754E+01
   8.528115E+01   2.758786E+01
   8.527942E+01   2.758883E+01
   8.528006E+01   2.758987E+01
   8.528124E+01   2.759078E+01
   8.528161E+01   2.759172E+01
   8.528152E+01   2.759294E+01
