   8.609335E+01   2.750026E+01
   8.609579E+01   2.749818E+01
   8.609787E+01   2.749848E+01
   8.609947E+01   2.749742E+01
   8.610278E+01   2.749262E+01
   8.610492E+01   2.749074E+01
   8.610671E+01   2.748881E+01
   8.610695E+01   2.748639E+01
   8.610890E+01   2.748536E+01
   8.611038E+01   2.748209E+01
   8.611195E+01   2.748151E+01
   8.611346E+01   2.748144E+01
   8.611524E+01   2.747958E+01
   8.611418E+01   2.747703E+01
   8.611270E+01   2.747486E+01
   8.611358E+01   2.747399E+01
   8.611497E+01   2.747407E+01
   8.611631E+01   2.747432E+01
   8.611875E+01   2.747679E+01
   8.612129E+01   2.747744E+01
   8.612294E+01   2.748025E+01
   8.612407E+01   2.748133E+01
   8.612551E+01   2.748391E+01
   8.612586E+01   2.748533E+01
   8.612805E+01   2.748673E+01
   8.612946E+01   2.748862E+01
   8.612924E+01   2.748995E+01
   8.613112E+01   2.748962E+01
   8.613187E+01   2.749015E+01
   8.613315E+01   2.749231E+01
   8.613651E+01   2.749494E+01
   8.613868E+01   2.749565E+01
   8.613974E+01   2.749595E+01
   8.614094E+01   2.749579E+01
   8.614182E+01   2.749585E+01
   8.614202E+01   2.749746E+01
   8.614216E+01   2.749888E+01
   8.614246E+01   2.750031E+01
   8.614275E+01   2.750152E+01
   8.614301E+01   2.750237E+01
   8.614214E+01   2.750517E+01
   8.614234E+01   2.750657E+01
   8.614218E+01   2.750779E+01
   8.614180E+01   2.750933E+01
   8.614279E+01   2.750976E+01
   8.614406E+01   2.751104E+01
   8.614559E+01   2.751275E+01
   8.614634E+01   2.751283E+01
   8.614752E+01   2.751346E+01
   8.614694E+01   2.751516E+01
   8.614773E+01   2.751559E+01
   8.614989E+01   2.751505E+01
   8.615058E+01   2.751642E+01
   8.614973E+01   2.751764E+01
   8.615066E+01   2.751880E+01
   8.615152E+01   2.752122E+01
   8.615235E+01   2.752407E+01
   8.615259E+01   2.752598E+01
   8.615188E+01   2.752734E+01
   8.615262E+01   2.752767E+01
   8.615344E+01   2.752838E+01
   8.615220E+01   2.753119E+01
   8.615347E+01   2.753231E+01
   8.615460E+01   2.753331E+01
   8.615390E+01   2.753481E+01
   8.615482E+01   2.753608E+01
   8.615641E+01   2.753748E+01
   8.615832E+01   2.753922E+01
   8.615834E+01   2.754158E+01
   8.616013E+01   2.754130E+01
   8.616137E+01   2.754208E+01
   8.616308E+01   2.754519E+01
   8.616431E+01   2.754674E+01
   8.616555E+01   2.754709E+01
   8.616774E+01   2.754839E+01
   8.616901E+01   2.754974E+01
   8.617029E+01   2.755121E+01
   8.617143E+01   2.755095E+01
   8.617254E+01   2.755017E+01
   8.617336E+01   2.755149E+01
   8.617433E+01   2.755299E+01
   8.617571E+01   2.755351E+01
   8.617562E+01   2.755450E+01
   8.617674E+01   2.755549E+01
   8.617805E+01   2.755595E+01
   8.617974E+01   2.755675E+01
   8.618091E+01   2.755703E+01
   8.618232E+01   2.755794E+01
   8.618332E+01   2.755815E+01
   8.618420E+01   2.755902E+01
   8.618514E+01   2.756041E+01
   8.618609E+01   2.756147E+01
   8.618642E+01   2.756245E+01
   8.618724E+01   2.756303E+01
   8.618762E+01   2.756385E+01
   8.618866E+01   2.756548E+01
   8.618848E+01   2.756705E+01
   8.618941E+01   2.756778E+01
   8.619083E+01   2.756846E+01
   8.619063E+01   2.757002E+01
   8.619132E+01   2.757129E+01
   8.619357E+01   2.757336E+01
   8.619568E+01   2.757370E+01
   8.619689E+01   2.757471E+01
   8.619781E+01   2.757565E+01
   8.619942E+01   2.757708E+01
   8.620170E+01   2.757906E+01
   8.620245E+01   2.758034E+01
   8.620507E+01   2.758084E+01
   8.620751E+01   2.758104E+01
   8.620894E+01   2.758103E+01
   8.620951E+01   2.758193E+01
   8.621153E+01   2.758227E+01
   8.621470E+01   2.758192E+01
   8.621677E+01   2.758211E+01
   8.621733E+01   2.758336E+01
   8.621916E+01   2.758339E+01
   8.621991E+01   2.758276E+01
   8.622200E+01   2.758292E+01
   8.622303E+01   2.758424E+01
   8.622454E+01   2.758464E+01
   8.622623E+01   2.758516E+01
   8.622872E+01   2.758514E+01
   8.623069E+01   2.758538E+01
   8.623542E+01   2.758608E+01
   8.623597E+01   2.758600E+01
   8.623601E+01   2.758644E+01
   8.623655E+01   2.758740E+01
   8.623742E+01   2.758773E+01
   8.623813E+01   2.758906E+01
   8.623878E+01   2.758927E+01
   8.624119E+01   2.758962E+01
   8.624207E+01   2.759009E+01
   8.624345E+01   2.758967E+01
   8.624444E+01   2.759047E+01
   8.624572E+01   2.759097E+01
   8.624641E+01   2.759056E+01
   8.624747E+01   2.759087E+01
   8.624732E+01   2.759204E+01
   8.624741E+01   2.759245E+01
   8.624866E+01   2.759269E+01
   8.624957E+01   2.759347E+01
   8.625098E+01   2.759340E+01
   8.625285E+01   2.759360E+01
   8.625597E+01   2.759444E+01
   8.625806E+01   2.759490E+01
   8.625928E+01   2.759547E+01
   8.625930E+01   2.759723E+01
   8.626029E+01   2.759779E+01
   8.626189E+01   2.759805E+01
   8.626351E+01   2.759724E+01
   8.626494E+01   2.759685E+01
   8.626622E+01   2.759618E+01
   8.626733E+01   2.759513E+01
   8.626911E+01   2.759497E+01
   8.627217E+01   2.759697E+01
   8.627411E+01   2.759781E+01
   8.627542E+01   2.759799E+01
   8.627602E+01   2.759923E+01
   8.627783E+01   2.759942E+01
   8.627869E+01   2.760033E+01
   8.628024E+01   2.760328E+01
   8.628162E+01   2.760404E+01
   8.628481E+01   2.760324E+01
   8.628687E+01   2.760318E+01
   8.629021E+01   2.760416E+01
   8.629097E+01   2.760549E+01
   8.629245E+01   2.760682E+01
   8.629365E+01   2.760839E+01
   8.629523E+01   2.760927E+01
   8.629655E+01   2.760928E+01
   8.629892E+01   2.761026E+01
   8.629924E+01   2.761208E+01
   8.629987E+01   2.761405E+01
   8.630147E+01   2.761540E+01
   8.630339E+01   2.761723E+01
   8.630361E+01   2.761881E+01
   8.630293E+01   2.762031E+01
   8.630248E+01   2.762110E+01
   8.630340E+01   2.762220E+01
   8.630412E+01   2.762324E+01
   8.630409E+01   2.762461E+01
   8.630502E+01   2.762625E+01
   8.630608E+01   2.762812E+01
   8.630584E+01   2.763058E+01
   8.630605E+01   2.763229E+01
   8.630617E+01   2.763463E+01
   8.630675E+01   2.763669E+01
   8.630876E+01   2.763945E+01
   8.630970E+01   2.764095E+01
   8.630997E+01   2.764211E+01
   8.630993E+01   2.764294E+01
   8.631041E+01   2.764344E+01
   8.631085E+01   2.764397E+01
   8.631132E+01   2.764570E+01
   8.631261E+01   2.764632E+01
   8.631349E+01   2.764746E+01
   8.631457E+01   2.764760E+01
   8.631693E+01   2.764833E+01
   8.631804E+01   2.764983E+01
   8.631881E+01   2.765150E+01
   8.632082E+01   2.765250E+01
   8.632150E+01   2.765303E+01
   8.632166E+01   2.765432E+01
   8.632273E+01   2.765506E+01
   8.632438E+01   2.765629E+01
   8.632613E+01   2.765674E+01
   8.632693E+01   2.765749E+01
   8.632739E+01   2.765849E+01
   8.632871E+01   2.765966E+01
   8.632932E+01   2.766069E+01
   8.633032E+01   2.766135E+01
   8.633101E+01   2.766337E+01
   8.633179E+01   2.766473E+01
   8.633241E+01   2.766647E+01
   8.633275E+01   2.766769E+01
   8.633286E+01   2.767058E+01
   8.633345E+01   2.767191E+01
   8.633288E+01   2.767292E+01
   8.633399E+01   2.767408E+01
   8.633558E+01   2.767536E+01
   8.633586E+01   2.767639E+01
   8.633599E+01   2.767715E+01
   8.633624E+01   2.767820E+01
   8.633733E+01   2.767945E+01
   8.633718E+01   2.768092E+01
   8.633791E+01   2.768231E+01
   8.633999E+01   2.768449E+01
   8.634153E+01   2.768499E+01
   8.634408E+01   2.768613E+01
   8.634581E+01   2.768760E+01
   8.634765E+01   2.768924E+01
   8.634833E+01   2.769015E+01
   8.634897E+01   2.769159E+01
   8.635061E+01   2.769325E+01
   8.635205E+01   2.769373E+01
   8.635440E+01   2.769394E+01
   8.635805E+01   2.769234E+01
   8.636199E+01   2.769192E+01
   8.636336E+01   2.769225E+01
   8.636543E+01   2.769258E+01
   8.636783E+01   2.769255E+01
   8.636932E+01   2.769208E+01
   8.637255E+01   2.769258E+01
   8.637564E+01   2.769251E+01
   8.637698E+01   2.769349E+01
   8.637810E+01   2.769394E+01
   8.637811E+01   2.769486E+01
   8.638083E+01   2.769954E+01
   8.638145E+01   2.770138E+01
   8.638274E+01   2.770198E+01
   8.638421E+01   2.770257E+01
   8.638625E+01   2.770447E+01
   8.638837E+01   2.770586E+01
   8.639027E+01   2.770680E+01
   8.639110E+01   2.770767E+01
   8.639284E+01   2.770945E+01
   8.639578E+01   2.771180E+01
   8.639760E+01   2.771316E+01
   8.639942E+01   2.771425E+01
   8.640373E+01   2.771551E+01
   8.640706E+01   2.771735E+01
   8.640914E+01   2.771917E+01
   8.641020E+01   2.771804E+01
   8.641281E+01   2.771782E+01
   8.641641E+01   2.771706E+01
   8.641898E+01   2.771661E+01
   8.642047E+01   2.771575E+01
   8.642325E+01   2.771906E+01
   8.642430E+01   2.772065E+01
   8.642524E+01   2.772306E+01
   8.642608E+01   2.772845E+01
   8.642654E+01   2.773120E+01
   8.642734E+01   2.773292E+01
   8.642723E+01   2.773441E+01
   8.642678E+01   2.773602E+01
   8.642680E+01   2.773752E+01
   8.642417E+01   2.773976E+01
   8.642290E+01   2.774131E+01
   8.641986E+01   2.774207E+01
   8.641704E+01   2.774283E+01
   8.641500E+01   2.774434E+01
   8.641227E+01   2.774621E+01
   8.641039E+01   2.774672E+01
   8.641098E+01   2.774913E+01
   8.641234E+01   2.775208E+01
   8.641193E+01   2.775350E+01
   8.641167E+01   2.775453E+01
   8.641126E+01   2.775560E+01
   8.641097E+01   2.775729E+01
   8.641066E+01   2.775902E+01
   8.641018E+01   2.776089E+01
   8.641181E+01   2.776328E+01
   8.641250E+01   2.776446E+01
   8.641317E+01   2.776556E+01
   8.641365E+01   2.776655E+01
   8.641378E+01   2.776790E+01
   8.641321E+01   2.776889E+01
   8.641241E+01   2.777193E+01
   8.641248E+01   2.777268E+01
   8.641274E+01   2.777412E+01
   8.641320E+01   2.777541E+01
   8.641397E+01   2.777613E+01
   8.641603E+01   2.777823E+01
   8.641676E+01   2.777961E+01
   8.641755E+01   2.778072E+01
   8.641870E+01   2.778230E+01
   8.641931E+01   2.778351E+01
   8.642104E+01   2.778486E+01
   8.642205E+01   2.778662E+01
   8.641961E+01   2.778717E+01
   8.641725E+01   2.778806E+01
   8.641549E+01   2.778845E+01
   8.641393E+01   2.778905E+01
   8.641294E+01   2.778991E+01
   8.641060E+01   2.779082E+01
   8.641313E+01   2.779175E+01
   8.641480E+01   2.779215E+01
   8.641622E+01   2.779334E+01
   8.641731E+01   2.779435E+01
   8.641769E+01   2.779593E+01
   8.641780E+01   2.779728E+01
   8.641757E+01   2.779899E+01
   8.641648E+01   2.780119E+01
   8.641780E+01   2.780238E+01
   8.641875E+01   2.780311E+01
   8.641929E+01   2.780432E+01
   8.641934E+01   2.780602E+01
   8.641970E+01   2.780742E+01
   8.641993E+01   2.780894E+01
   8.641982E+01   2.781024E+01
   8.641954E+01   2.781221E+01
   8.641999E+01   2.781391E+01
   8.642178E+01   2.781461E+01
   8.642389E+01   2.781498E+01
   8.642631E+01   2.781490E+01
   8.642819E+01   2.781499E+01
   8.642981E+01   2.781562E+01
   8.643029E+01   2.781704E+01
   8.643084E+01   2.781845E+01
   8.643170E+01   2.781994E+01
   8.643264E+01   2.782088E+01
   8.643412E+01   2.782216E+01
   8.643552E+01   2.782356E+01
   8.643691E+01   2.782526E+01
   8.643772E+01   2.782651E+01
   8.643930E+01   2.782869E+01
   8.644072E+01   2.782974E+01
   8.644320E+01   2.783083E+01
   8.644489E+01   2.783126E+01
   8.644653E+01   2.783171E+01
   8.644809E+01   2.783227E+01
   8.644984E+01   2.783265E+01
   8.645101E+01   2.783179E+01
   8.645188E+01   2.783067E+01
   8.645308E+01   2.782906E+01
   8.645363E+01   2.782773E+01
   8.645421E+01   2.782590E+01
   8.645450E+01   2.782478E+01
   8.645481E+01   2.782413E+01
   8.645840E+01   2.782315E+01
   8.646055E+01   2.782327E+01
   8.646302E+01   2.782383E+01
   8.646530E+01   2.782436E+01
   8.646629E+01   2.782481E+01
   8.646786E+01   2.782548E+01
   8.646938E+01   2.782613E+01
   8.646998E+01   2.782599E+01
   8.647077E+01   2.782472E+01
   8.647148E+01   2.782382E+01
   8.647295E+01   2.782218E+01
   8.647422E+01   2.782128E+01
   8.647639E+01   2.782123E+01
   8.647802E+01   2.782131E+01
   8.647902E+01   2.782052E+01
   8.647944E+01   2.781886E+01
   8.647980E+01   2.781711E+01
   8.648007E+01   2.781548E+01
   8.648019E+01   2.781450E+01
   8.648030E+01   2.781370E+01
   8.648022E+01   2.781285E+01
   8.648003E+01   2.781168E+01
   8.648194E+01   2.781098E+01
   8.648438E+01   2.781025E+01
   8.648800E+01   2.780948E+01
   8.649007E+01   2.781032E+01
   8.649218E+01   2.781102E+01
   8.649394E+01   2.781164E+01
   8.649671E+01   2.781354E+01
   8.649745E+01   2.781390E+01
   8.649998E+01   2.781357E+01
   8.650074E+01   2.781179E+01
   8.650177E+01   2.781011E+01
   8.650371E+01   2.780900E+01
   8.650613E+01   2.780837E+01
   8.650807E+01   2.780744E+01
   8.651053E+01   2.780654E+01
   8.651363E+01   2.780675E+01
   8.651590E+01   2.780730E+01
   8.651805E+01   2.780757E+01
   8.652040E+01   2.780751E+01
   8.652241E+01   2.780604E+01
   8.652596E+01   2.780619E+01
   8.652838E+01   2.780667E+01
   8.653103E+01   2.780701E+01
   8.653360E+01   2.780729E+01
   8.653648E+01   2.780744E+01
   8.653859E+01   2.780781E+01
   8.654059E+01   2.780876E+01
   8.654206E+01   2.781049E+01
   8.654233E+01   2.781102E+01
   8.654348E+01   2.781144E+01
   8.654624E+01   2.781159E+01
   8.654866E+01   2.781081E+01
   8.655072E+01   2.780986E+01
   8.655281E+01   2.780888E+01
   8.655576E+01   2.780787E+01
   8.655772E+01   2.780739E+01
   8.655988E+01   2.780652E+01
   8.656203E+01   2.780659E+01
   8.656396E+01   2.780555E+01
   8.656652E+01   2.780436E+01
   8.656629E+01   2.780326E+01
   8.656581E+01   2.780111E+01
   8.656575E+01   2.779931E+01
   8.656756E+01   2.779719E+01
   8.656867E+01   2.779551E+01
   8.656872E+01   2.779339E+01
   8.656869E+01   2.779124E+01
   8.656775E+01   2.778956E+01
   8.656645E+01   2.778802E+01
   8.656555E+01   2.778589E+01
   8.656546E+01   2.778374E+01
   8.656592E+01   2.778154E+01
   8.656606E+01   2.777866E+01
   8.656575E+01   2.777637E+01
   8.656510E+01   2.777436E+01
   8.656423E+01   2.777238E+01
   8.656378E+01   2.777061E+01
   8.656424E+01   2.776820E+01
   8.656510E+01   2.776646E+01
   8.656580E+01   2.776324E+01
   8.656714E+01   2.776171E+01
   8.656898E+01   2.776041E+01
   8.657071E+01   2.775873E+01
   8.657187E+01   2.775617E+01
   8.657191E+01   2.775411E+01
   8.657015E+01   2.775280E+01
   8.656833E+01   2.775172E+01
   8.656637E+01   2.775081E+01
   8.656477E+01   2.775019E+01
   8.656295E+01   2.774976E+01
   8.656263E+01   2.774789E+01
   8.656314E+01   2.774506E+01
   8.656005E+01   2.774156E+01
   8.655790E+01   2.773772E+01
   8.655650E+01   2.773398E+01
   8.655661E+01   2.773030E+01
   8.655676E+01   2.772871E+01
   8.655414E+01   2.772294E+01
   8.655380E+01   2.772210E+01
   8.655384E+01   2.772102E+01
   8.655156E+01   2.771814E+01
   8.655087E+01   2.771590E+01
   8.655082E+01   2.771100E+01
   8.654824E+01   2.770935E+01
   8.654456E+01   2.770535E+01
   8.654085E+01   2.770301E+01
   8.653990E+01   2.770107E+01
   8.653897E+01   2.769675E+01
   8.654041E+01   2.769236E+01
   8.653868E+01   2.768793E+01
   8.653900E+01   2.768404E+01
   8.653660E+01   2.767915E+01
   8.653847E+01   2.767558E+01
   8.653825E+01   2.767122E+01
   8.653642E+01   2.766935E+01
   8.653377E+01   2.766426E+01
   8.653243E+01   2.766268E+01
   8.652824E+01   2.766163E+01
   8.652704E+01   2.765968E+01
   8.652869E+01   2.765574E+01
   8.652749E+01   2.765356E+01
   8.652630E+01   2.765122E+01
   8.652408E+01   2.764998E+01
   8.652026E+01   2.764861E+01
   8.651668E+01   2.764698E+01
   8.651357E+01   2.764833E+01
   8.651255E+01   2.764467E+01
   8.651014E+01   2.764190E+01
   8.650704E+01   2.764073E+01
   8.650634E+01   2.763730E+01
   8.650499E+01   2.763458E+01
   8.650432E+01   2.763175E+01
   8.650323E+01   2.762840E+01
   8.650035E+01   2.762487E+01
   8.649972E+01   2.762050E+01
   8.649456E+01   2.761806E+01
   8.649310E+01   2.761521E+01
   8.649163E+01   2.761419E+01
   8.648818E+01   2.761583E+01
   8.648447E+01   2.761729E+01
   8.648164E+01   2.761717E+01
   8.647816E+01   2.761667E+01
   8.647610E+01   2.761596E+01
   8.647341E+01   2.761691E+01
   8.646955E+01   2.761726E+01
   8.646671E+01   2.761618E+01
   8.646414E+01   2.761624E+01
   8.646144E+01   2.761562E+01
   8.645976E+01   2.761533E+01
   8.645680E+01   2.761471E+01
   8.645242E+01   2.761380E+01
   8.644895E+01   2.761326E+01
   8.644701E+01   2.761286E+01
   8.644340E+01   2.761171E+01
   8.643980E+01   2.761128E+01
   8.643465E+01   2.761041E+01
   8.643365E+01   2.760935E+01
   8.643248E+01   2.760776E+01
   8.643139E+01   2.760639E+01
   8.643009E+01   2.760437E+01
   8.642863E+01   2.760431E+01
   8.642634E+01   2.760284E+01
   8.642389E+01   2.760160E+01
   8.642078E+01   2.759949E+01
   8.641974E+01   2.759839E+01
   8.641906E+01   2.759472E+01
   8.641809E+01   2.759228E+01
   8.641713E+01   2.759072E+01
   8.641479E+01   2.758822E+01
   8.641271E+01   2.758686E+01
   8.641079E+01   2.758688E+01
   8.640889E+01   2.758598E+01
   8.640806E+01   2.758477E+01
   8.640562E+01   2.758494E+01
   8.640360E+01   2.758466E+01
   8.640132E+01   2.758341E+01
   8.639836E+01   2.758360E+01
   8.639589E+01   2.758121E+01
   8.639476E+01   2.757977E+01
   8.639355E+01   2.757863E+01
   8.639259E+01   2.757723E+01
   8.639038E+01   2.757587E+01
   8.638883E+01   2.757470E+01
   8.638812E+01   2.757291E+01
   8.638515E+01   2.757202E+01
   8.638168E+01   2.757194E+01
   8.637896E+01   2.757040E+01
   8.637771E+01   2.756918E+01
   8.637650E+01   2.756854E+01
   8.637501E+01   2.756569E+01
   8.637232E+01   2.756304E+01
   8.637150E+01   2.756220E+01
   8.637097E+01   2.756083E+01
   8.636910E+01   2.755832E+01
   8.636860E+01   2.755626E+01
   8.636927E+01   2.755427E+01
   8.637053E+01   2.755207E+01
   8.636969E+01   2.755009E+01
   8.636882E+01   2.754899E+01
   8.636598E+01   2.754749E+01
   8.636373E+01   2.754579E+01
   8.636247E+01   2.754408E+01
   8.635992E+01   2.754204E+01
   8.635791E+01   2.753823E+01
   8.635825E+01   2.753471E+01
   8.635743E+01   2.753368E+01
   8.635758E+01   2.753230E+01
   8.635723E+01   2.753158E+01
   8.635725E+01   2.752913E+01
   8.635607E+01   2.752670E+01
   8.635565E+01   2.752606E+01
   8.635500E+01   2.752552E+01
   8.635380E+01   2.752434E+01
   8.635077E+01   2.752399E+01
   8.634957E+01   2.752359E+01
   8.634763E+01   2.752300E+01
   8.634651E+01   2.752314E+01
   8.634519E+01   2.752306E+01
   8.634186E+01   2.752201E+01
   8.633973E+01   2.752031E+01
   8.633858E+01   2.752019E+01
   8.633737E+01   2.751890E+01
   8.633606E+01   2.751777E+01
   8.633564E+01   2.751616E+01
   8.633476E+01   2.751571E+01
   8.633401E+01   2.751558E+01
   8.633342E+01   2.751290E+01
   8.633285E+01   2.751214E+01
   8.633308E+01   2.751077E+01
   8.633075E+01   2.750994E+01
   8.632972E+01   2.750987E+01
   8.632858E+01   2.750654E+01
   8.632738E+01   2.750637E+01
   8.632581E+01   2.750469E+01
   8.632598E+01   2.750302E+01
   8.632480E+01   2.750127E+01
   8.632421E+01   2.749938E+01
   8.632274E+01   2.749945E+01
   8.631954E+01   2.749882E+01
   8.631870E+01   2.749876E+01
   8.631812E+01   2.749776E+01
   8.631716E+01   2.749612E+01
   8.631682E+01   2.749456E+01
   8.631506E+01   2.749240E+01
   8.631339E+01   2.749203E+01
   8.631313E+01   2.749094E+01
   8.631210E+01   2.748974E+01
   8.631033E+01   2.748959E+01
   8.630988E+01   2.748807E+01
   8.630835E+01   2.748691E+01
   8.630762E+01   2.748618E+01
   8.630605E+01   2.748568E+01
   8.630569E+01   2.748418E+01
   8.630461E+01   2.748251E+01
   8.630298E+01   2.748251E+01
   8.630075E+01   2.748173E+01
   8.629897E+01   2.748042E+01
   8.629739E+01   2.747996E+01
   8.629492E+01   2.747936E+01
   8.629488E+01   2.747783E+01
   8.629390E+01   2.747750E+01
   8.629254E+01   2.747650E+01
   8.629282E+01   2.747500E+01
   8.629213E+01   2.747328E+01
   8.629181E+01   2.747210E+01
   8.629202E+01   2.747119E+01
   8.629181E+01   2.747024E+01
   8.629047E+01   2.746953E+01
   8.628895E+01   2.746842E+01
   8.628708E+01   2.746785E+01
   8.628389E+01   2.746638E+01
   8.628235E+01   2.746634E+01
   8.628149E+01   2.746538E+01
   8.628094E+01   2.746451E+01
   8.627988E+01   2.746501E+01
   8.627825E+01   2.746478E+01
   8.627598E+01   2.746415E+01
   8.627474E+01   2.746266E+01
   8.627234E+01   2.746186E+01
   8.627169E+01   2.746095E+01
   8.626910E+01   2.746006E+01
   8.626780E+01   2.745965E+01
   8.626695E+01   2.745859E+01
   8.626518E+01   2.745720E+01
   8.626392E+01   2.745670E+01
   8.626307E+01   2.745529E+01
   8.626239E+01   2.745405E+01
   8.626172E+01   2.745277E+01
   8.626023E+01   2.745106E+01
   8.625935E+01   2.744896E+01
   8.625762E+01   2.744701E+01
   8.625698E+01   2.744504E+01
   8.625637E+01   2.744321E+01
   8.625531E+01   2.744167E+01
   8.625409E+01   2.744089E+01
   8.625453E+01   2.744012E+01
   8.625600E+01   2.743938E+01
   8.625642E+01   2.743852E+01
   8.625633E+01   2.743626E+01
   8.625377E+01   2.743445E+01
   8.625202E+01   2.743339E+01
   8.625097E+01   2.743213E+01
   8.625226E+01   2.742918E+01
   8.625123E+01   2.742740E+01
   8.624937E+01   2.742654E+01
   8.624832E+01   2.742481E+01
   8.624832E+01   2.742171E+01
   8.624733E+01   2.741957E+01
   8.624541E+01   2.741926E+01
   8.624423E+01   2.742020E+01
   8.624171E+01   2.741878E+01
   8.624058E+01   2.741719E+01
   8.623977E+01   2.741510E+01
   8.623797E+01   2.741375E+01
   8.623748E+01   2.741133E+01
   8.623719E+01   2.740931E+01
   8.623470E+01   2.740853E+01
   8.623450E+01   2.740738E+01
   8.623631E+01   2.740559E+01
   8.623520E+01   2.740360E+01
   8.623289E+01   2.740269E+01
   8.623125E+01   2.740103E+01
   8.623072E+01   2.739936E+01
   8.622798E+01   2.739875E+01
   8.622750E+01   2.739762E+01
   8.622654E+01   2.739395E+01
   8.622713E+01   2.739189E+01
   8.622771E+01   2.739085E+01
   8.622708E+01   2.738874E+01
   8.622533E+01   2.738798E+01
   8.622474E+01   2.738733E+01
   8.622576E+01   2.738556E+01
   8.622592E+01   2.738426E+01
   8.622484E+01   2.738333E+01
   8.622357E+01   2.738283E+01
   8.622212E+01   2.738282E+01
   8.622181E+01   2.738223E+01
   8.622242E+01   2.738094E+01
   8.622374E+01   2.737835E+01
   8.622390E+01   2.737670E+01
   8.622410E+01   2.737397E+01
   8.622477E+01   2.737144E+01
   8.622410E+01   2.736929E+01
   8.622277E+01   2.736726E+01
   8.622084E+01   2.736454E+01
   8.621938E+01   2.736079E+01
   8.622158E+01   2.736045E+01
   8.622014E+01   2.735708E+01
   8.621923E+01   2.735522E+01
   8.621693E+01   2.735304E+01
   8.621829E+01   2.735106E+01
   8.621775E+01   2.734735E+01
   8.621655E+01   2.734266E+01
   8.621701E+01   2.734109E+01
   8.621811E+01   2.734042E+01
   8.621744E+01   2.734013E+01
   8.621677E+01   2.733900E+01
   8.621801E+01   2.733748E+01
   8.621741E+01   2.733587E+01
   8.621558E+01   2.733352E+01
   8.621624E+01   2.733305E+01
   8.621663E+01   2.733019E+01
   8.621739E+01   2.732834E+01
   8.621949E+01   2.732780E+01
   8.622203E+01   2.732752E+01
   8.622186E+01   2.732624E+01
   8.621858E+01   2.732329E+01
   8.622023E+01   2.732144E+01
   8.622366E+01   2.732098E+01
   8.622760E+01   2.732050E+01
   8.622899E+01   2.731936E+01
   8.622878E+01   2.731543E+01
   8.622960E+01   2.731470E+01
   8.623125E+01   2.731474E+01
   8.623127E+01   2.731325E+01
   8.623396E+01   2.730723E+01
   8.623552E+01   2.730689E+01
   8.623727E+01   2.730581E+01
   8.623726E+01   2.730440E+01
   8.623789E+01   2.730250E+01
   8.623624E+01   2.730048E+01
   8.623520E+01   2.729742E+01
   8.623629E+01   2.729425E+01
   8.623784E+01   2.729089E+01
   8.623987E+01   2.729025E+01
   8.624107E+01   2.728886E+01
   8.623863E+01   2.728794E+01
   8.623490E+01   2.728594E+01
   8.623247E+01   2.728373E+01
   8.623084E+01   2.728145E+01
   8.622823E+01   2.728009E+01
   8.622525E+01   2.727702E+01
   8.622385E+01   2.727751E+01
   8.622367E+01   2.727534E+01
   8.622180E+01   2.727339E+01
   8.621865E+01   2.727201E+01
   8.621788E+01   2.727012E+01
   8.621595E+01   2.726769E+01
   8.621387E+01   2.726873E+01
   8.621384E+01   2.726743E+01
   8.621260E+01   2.726592E+01
   8.621117E+01   2.726340E+01
   8.621135E+01   2.726111E+01
   8.620808E+01   2.725942E+01
   8.620491E+01   2.725533E+01
   8.620464E+01   2.725355E+01
   8.620541E+01   2.725171E+01
   8.620453E+01   2.725055E+01
   8.620298E+01   2.725125E+01
   8.619880E+01   2.725258E+01
   8.619203E+01   2.725234E+01
   8.618902E+01   2.725332E+01
   8.618706E+01   2.725349E+01
   8.618272E+01   2.725192E+01
   8.617784E+01   2.725274E+01
   8.616963E+01   2.725320E+01
   8.616360E+01   2.725266E+01
   8.616014E+01   2.725243E+01
   8.615727E+01   2.725237E+01
   8.615404E+01   2.724764E+01
   8.615237E+01   2.724487E+01
   8.615185E+01   2.724224E+01
   8.614852E+01   2.724246E+01
   8.614524E+01   2.724490E+01
   8.613563E+01   2.725039E+01
   8.613178E+01   2.725596E+01
   8.612922E+01   2.725910E+01
   8.612946E+01   2.726234E+01
   8.612848E+01   2.726428E+01
   8.612576E+01   2.726524E+01
   8.611730E+01   2.726869E+01
   8.611358E+01   2.727114E+01
   8.611161E+01   2.727239E+01
   8.610917E+01   2.727118E+01
   8.610771E+01   2.726878E+01
   8.610348E+01   2.726807E+01
   8.609455E+01   2.726746E+01
   8.609081E+01   2.726904E+01
   8.608846E+01   2.727074E+01
   8.608327E+01   2.727420E+01
   8.608089E+01   2.727567E+01
   8.607829E+01   2.727520E+01
   8.607542E+01   2.727835E+01
   8.607551E+01   2.728139E+01
   8.607621E+01   2.728452E+01
   8.607559E+01   2.728839E+01
   8.607487E+01   2.729097E+01
   8.607059E+01   2.729146E+01
   8.606617E+01   2.729136E+01
   8.606287E+01   2.729102E+01
   8.606035E+01   2.729055E+01
   8.605969E+01   2.728757E+01
   8.605759E+01   2.728716E+01
   8.605431E+01   2.728845E+01
   8.605173E+01   2.729277E+01
   8.604711E+01   2.729690E+01
   8.604393E+01   2.729711E+01
   8.604067E+01   2.729750E+01
   8.603734E+01   2.729915E+01
   8.603497E+01   2.730373E+01
   8.603373E+01   2.730519E+01
   8.603238E+01   2.730743E+01
   8.603062E+01   2.730953E+01
   8.602829E+01   2.731065E+01
   8.602629E+01   2.730892E+01
   8.602199E+01   2.730867E+01
   8.602108E+01   2.731226E+01
   8.602325E+01   2.731374E+01
   8.602211E+01   2.731579E+01
   8.601972E+01   2.731706E+01
   8.601899E+01   2.731944E+01
   8.601241E+01   2.732431E+01
   8.600846E+01   2.732636E+01
   8.600846E+01   2.732843E+01
   8.600025E+01   2.733516E+01
   8.599603E+01   2.733793E+01
   8.599100E+01   2.733807E+01
   8.598885E+01   2.733657E+01
   8.598486E+01   2.733511E+01
   8.598189E+01   2.733869E+01
   8.598152E+01   2.734173E+01
   8.598337E+01   2.735015E+01
   8.598060E+01   2.735253E+01
   8.597834E+01   2.735445E+01
   8.597946E+01   2.735707E+01
   8.597776E+01   2.736079E+01
   8.597729E+01   2.737121E+01
   8.596810E+01   2.738062E+01
   8.596417E+01   2.738529E+01
   8.596007E+01   2.738832E+01
   8.595290E+01   2.738852E+01
   8.595092E+01   2.738461E+01
   8.595223E+01   2.738166E+01
   8.594602E+01   2.738021E+01
   8.594204E+01   2.738166E+01
   8.593877E+01   2.738694E+01
   8.593341E+01   2.739009E+01
   8.593343E+01   2.739553E+01
   8.592730E+01   2.739707E+01
   8.591987E+01   2.740756E+01
   8.591497E+01   2.740898E+01
   8.590721E+01   2.741068E+01
   8.590094E+01   2.741461E+01
   8.589525E+01   2.741608E+01
   8.589330E+01   2.741371E+01
   8.589091E+01   2.741373E+01
   8.588663E+01   2.741887E+01
   8.588321E+01   2.741907E+01
   8.588016E+01   2.741745E+01
   8.587308E+01   2.742010E+01
   8.586913E+01   2.741842E+01
   8.586159E+01   2.742088E+01
   8.586059E+01   2.742329E+01
   8.585866E+01   2.742503E+01
   8.585495E+01   2.742437E+01
   8.585255E+01   2.742498E+01
   8.584696E+01   2.742454E+01
   8.584259E+01   2.743129E+01
   8.583928E+01   2.743435E+01
   8.582892E+01   2.743969E+01
   8.582745E+01   2.744227E+01
   8.582815E+01   2.744838E+01
   8.582450E+01   2.744888E+01
   8.582074E+01   2.745146E+01
   8.581887E+01   2.745188E+01
   8.581721E+01   2.745260E+01
   8.581426E+01   2.745191E+01
   8.581155E+01   2.745374E+01
   8.580880E+01   2.745582E+01
   8.580899E+01   2.745888E+01
   8.580894E+01   2.746107E+01
   8.581034E+01   2.746334E+01
   8.581234E+01   2.746292E+01
   8.581439E+01   2.746414E+01
   8.581313E+01   2.746816E+01
   8.581402E+01   2.747280E+01
   8.581016E+01   2.747557E+01
   8.580755E+01   2.747866E+01
   8.580678E+01   2.748015E+01
   8.580840E+01   2.748251E+01
   8.580792E+01   2.748440E+01
   8.580670E+01   2.748686E+01
   8.580326E+01   2.749000E+01
   8.580218E+01   2.749334E+01
   8.580168E+01   2.749743E+01
   8.579768E+01   2.749943E+01
   8.579788E+01   2.750044E+01
   8.579838E+01   2.750113E+01
   8.579932E+01   2.750214E+01
   8.579973E+01   2.750289E+01
   8.579977E+01   2.750374E+01
   8.579992E+01   2.750519E+01
   8.580020E+01   2.750576E+01
   8.580039E+01   2.750650E+01
   8.580075E+01   2.750686E+01
   8.580170E+01   2.750676E+01
   8.580289E+01   2.750650E+01
   8.580363E+01   2.750668E+01
   8.580423E+01   2.750702E+01
   8.580490E+01   2.750793E+01
   8.580473E+01   2.750867E+01
   8.580464E+01   2.750962E+01
   8.580467E+01   2.751038E+01
   8.580483E+01   2.751111E+01
   8.580554E+01   2.751132E+01
   8.580625E+01   2.751086E+01
   8.580695E+01   2.751029E+01
   8.580751E+01   2.750982E+01
   8.580823E+01   2.750952E+01
   8.580878E+01   2.750979E+01
   8.580928E+01   2.751012E+01
   8.580986E+01   2.751062E+01
   8.581068E+01   2.751147E+01
   8.581121E+01   2.751170E+01
   8.581180E+01   2.751175E+01
   8.581235E+01   2.751245E+01
   8.581267E+01   2.751319E+01
   8.581363E+01   2.751413E+01
   8.581412E+01   2.751485E+01
   8.581462E+01   2.751555E+01
   8.581628E+01   2.751595E+01
   8.581686E+01   2.751651E+01
   8.581793E+01   2.751741E+01
   8.581894E+01   2.751781E+01
   8.581900E+01   2.751856E+01
   8.581887E+01   2.751932E+01
   8.581888E+01   2.752023E+01
   8.581858E+01   2.752117E+01
   8.581832E+01   2.752219E+01
   8.581785E+01   2.752283E+01
   8.581683E+01   2.752322E+01
   8.581592E+01   2.752381E+01
   8.581595E+01   2.752455E+01
   8.581711E+01   2.752477E+01
   8.581882E+01   2.752517E+01
   8.581948E+01   2.752577E+01
   8.581954E+01   2.752648E+01
   8.581907E+01   2.752809E+01
   8.581894E+01   2.752926E+01
   8.581932E+01   2.753016E+01
   8.582007E+01   2.753102E+01
   8.582085E+01   2.753139E+01
   8.582188E+01   2.753184E+01
   8.582253E+01   2.753244E+01
   8.582285E+01   2.753363E+01
   8.582338E+01   2.753426E+01
   8.582456E+01   2.753580E+01
   8.582506E+01   2.753700E+01
   8.582511E+01   2.753785E+01
   8.582465E+01   2.753845E+01
   8.582471E+01   2.753958E+01
   8.582600E+01   2.754112E+01
   8.582733E+01   2.754213E+01
   8.582705E+01   2.754308E+01
   8.582702E+01   2.754416E+01
   8.582747E+01   2.754528E+01
   8.582828E+01   2.754577E+01
   8.582864E+01   2.754667E+01
   8.582847E+01   2.754722E+01
   8.582793E+01   2.754758E+01
   8.582785E+01   2.754848E+01
   8.582804E+01   2.754948E+01
   8.582767E+01   2.755069E+01
   8.582700E+01   2.755202E+01
   8.582627E+01   2.755355E+01
   8.582622E+01   2.755475E+01
   8.582584E+01   2.755621E+01
   8.582534E+01   2.755793E+01
   8.582551E+01   2.755865E+01
   8.582494E+01   2.755952E+01
   8.582465E+01   2.756078E+01
   8.582459E+01   2.756213E+01
   8.582449E+01   2.756309E+01
   8.582389E+01   2.756352E+01
   8.582335E+01   2.756424E+01
   8.582317E+01   2.756515E+01
   8.582305E+01   2.756610E+01
   8.582302E+01   2.756752E+01
   8.582328E+01   2.756847E+01
   8.582396E+01   2.756908E+01
   8.582444E+01   2.756953E+01
   8.582405E+01   2.757011E+01
   8.582394E+01   2.757096E+01
   8.582447E+01   2.757162E+01
   8.582513E+01   2.757198E+01
   8.582597E+01   2.757248E+01
   8.582704E+01   2.757303E+01
   8.582729E+01   2.757357E+01
   8.582684E+01   2.757412E+01
   8.582639E+01   2.757482E+01
   8.582633E+01   2.757553E+01
   8.582762E+01   2.757653E+01
   8.582825E+01   2.757610E+01
   8.582831E+01   2.757517E+01
   8.582844E+01   2.757458E+01
   8.582926E+01   2.757423E+01
   8.583101E+01   2.757533E+01
   8.583122E+01   2.757651E+01
   8.583299E+01   2.757705E+01
   8.583411E+01   2.757640E+01
   8.583588E+01   2.757542E+01
   8.583712E+01   2.757500E+01
   8.583819E+01   2.757550E+01
   8.583872E+01   2.757647E+01
   8.583939E+01   2.757726E+01
   8.583983E+01   2.757740E+01
   8.584015E+01   2.757713E+01
   8.584035E+01   2.757654E+01
   8.584044E+01   2.757630E+01
   8.584086E+01   2.757612E+01
   8.584126E+01   2.757591E+01
   8.584171E+01   2.757645E+01
   8.584204E+01   2.757713E+01
   8.584273E+01   2.757761E+01
   8.584368E+01   2.757759E+01
   8.584443E+01   2.757771E+01
   8.584462E+01   2.757821E+01
   8.584502E+01   2.757848E+01
   8.584537E+01   2.757865E+01
   8.584591E+01   2.757881E+01
   8.584658E+01   2.757872E+01
   8.584698E+01   2.757892E+01
   8.584656E+01   2.757935E+01
   8.584593E+01   2.757958E+01
   8.584562E+01   2.758001E+01
   8.584538E+01   2.758082E+01
   8.584529E+01   2.758171E+01
   8.584594E+01   2.758208E+01
   8.584644E+01   2.758224E+01
   8.584674E+01   2.758274E+01
   8.584633E+01   2.758336E+01
   8.584607E+01   2.758414E+01
   8.584623E+01   2.758493E+01
   8.584639E+01   2.758537E+01
   8.584689E+01   2.758539E+01
   8.584739E+01   2.758518E+01
   8.584765E+01   2.758483E+01
   8.584805E+01   2.758500E+01
   8.584869E+01   2.758513E+01
   8.584932E+01   2.758551E+01
   8.584977E+01   2.758596E+01
   8.584993E+01   2.758657E+01
   8.585028E+01   2.758687E+01
   8.585069E+01   2.758675E+01
   8.585115E+01   2.758680E+01
   8.585117E+01   2.758727E+01
   8.585077E+01   2.758763E+01
   8.585067E+01   2.758809E+01
   8.585067E+01   2.758860E+01
   8.585069E+01   2.758901E+01
   8.585133E+01   2.758932E+01
   8.585189E+01   2.758978E+01
   8.585216E+01   2.759050E+01
   8.585225E+01   2.759117E+01
   8.585251E+01   2.759162E+01
   8.585278E+01   2.759182E+01
   8.585336E+01   2.759168E+01
   8.585398E+01   2.759127E+01
   8.585461E+01   2.759128E+01
   8.585526E+01   2.759122E+01
   8.585582E+01   2.759169E+01
   8.585637E+01   2.759195E+01
   8.585675E+01   2.759243E+01
   8.585710E+01   2.759289E+01
   8.585755E+01   2.759306E+01
   8.585785E+01   2.759278E+01
   8.585814E+01   2.759240E+01
   8.585892E+01   2.759225E+01
   8.585952E+01   2.759253E+01
   8.585951E+01   2.759318E+01
   8.585990E+01   2.759366E+01
   8.586075E+01   2.759351E+01
   8.586148E+01   2.759319E+01
   8.586204E+01   2.759344E+01
   8.586207E+01   2.759409E+01
   8.586250E+01   2.759450E+01
   8.586351E+01   2.759499E+01
   8.586379E+01   2.759558E+01
   8.586433E+01   2.759607E+01
   8.586498E+01   2.759639E+01
   8.586557E+01   2.759747E+01
   8.586632E+01   2.759876E+01
   8.586704E+01   2.760046E+01
   8.586738E+01   2.760087E+01
   8.586773E+01   2.760212E+01
   8.586852E+01   2.760293E+01
   8.586901E+01   2.760391E+01
   8.586919E+01   2.760493E+01
   8.586935E+01   2.760588E+01
   8.586986E+01   2.760690E+01
   8.587020E+01   2.760760E+01
   8.587045E+01   2.760831E+01
   8.587051E+01   2.760911E+01
   8.587097E+01   2.760945E+01
   8.587175E+01   2.760963E+01
   8.587233E+01   2.761034E+01
   8.587308E+01   2.761063E+01
   8.587358E+01   2.761124E+01
   8.587401E+01   2.761227E+01
   8.587418E+01   2.761303E+01
   8.587493E+01   2.761289E+01
   8.587566E+01   2.761243E+01
   8.587657E+01   2.761257E+01
   8.587677E+01   2.761331E+01
   8.587752E+01   2.761358E+01
   8.587838E+01   2.761318E+01
   8.587943E+01   2.761347E+01
   8.587964E+01   2.761411E+01
   8.587981E+01   2.761473E+01
   8.588058E+01   2.761453E+01
   8.588118E+01   2.761448E+01
   8.588243E+01   2.761225E+01
   8.588294E+01   2.761077E+01
   8.588493E+01   2.761088E+01
   8.588560E+01   2.761207E+01
   8.588655E+01   2.761215E+01
   8.588969E+01   2.761253E+01
   8.589173E+01   2.761216E+01
   8.589376E+01   2.761142E+01
   8.589611E+01   2.760974E+01
   8.589865E+01   2.760906E+01
   8.590124E+01   2.760960E+01
   8.590292E+01   2.760856E+01
   8.590444E+01   2.760790E+01
   8.590559E+01   2.760649E+01
   8.590851E+01   2.760537E+01
   8.590959E+01   2.760434E+01
   8.591207E+01   2.760416E+01
   8.591389E+01   2.760487E+01
   8.591660E+01   2.760396E+01
   8.591865E+01   2.760379E+01
   8.591930E+01   2.760281E+01
   8.592042E+01   2.760059E+01
   8.592182E+01   2.760032E+01
   8.592304E+01   2.759960E+01
   8.592490E+01   2.759886E+01
   8.592672E+01   2.759965E+01
   8.592782E+01   2.759801E+01
   8.593001E+01   2.759568E+01
   8.593205E+01   2.759540E+01
   8.593401E+01   2.759507E+01
   8.593566E+01   2.759326E+01
   8.593681E+01   2.759323E+01
   8.593836E+01   2.759357E+01
   8.593936E+01   2.759393E+01
   8.594073E+01   2.759389E+01
   8.594138E+01   2.759291E+01
   8.594191E+01   2.759106E+01
   8.594295E+01   2.759126E+01
   8.594428E+01   2.759038E+01
   8.594602E+01   2.758983E+01
   8.594737E+01   2.759045E+01
   8.594958E+01   2.759015E+01
   8.595211E+01   2.758920E+01
   8.595241E+01   2.758662E+01
   8.595316E+01   2.758591E+01
   8.595433E+01   2.758404E+01
   8.595540E+01   2.758259E+01
   8.595881E+01   2.758115E+01
   8.595963E+01   2.757998E+01
   8.596104E+01   2.757998E+01
   8.596143E+01   2.757889E+01
   8.596174E+01   2.757812E+01
   8.596282E+01   2.757724E+01
   8.596430E+01   2.757667E+01
   8.596524E+01   2.757541E+01
   8.596601E+01   2.757294E+01
   8.596883E+01   2.757048E+01
   8.597089E+01   2.756809E+01
   8.597310E+01   2.756657E+01
   8.597584E+01   2.756274E+01
   8.597859E+01   2.755940E+01
   8.598089E+01   2.755665E+01
   8.598374E+01   2.755385E+01
   8.598667E+01   2.755208E+01
   8.598977E+01   2.755008E+01
   8.599312E+01   2.754696E+01
   8.599496E+01   2.754575E+01
   8.599827E+01   2.754456E+01
   8.599869E+01   2.754380E+01
   8.599911E+01   2.754320E+01
   8.599955E+01   2.754275E+01
   8.600024E+01   2.754192E+01
   8.600045E+01   2.754136E+01
   8.599984E+01   2.754086E+01
   8.599961E+01   2.753999E+01
   8.599932E+01   2.753954E+01
   8.599858E+01   2.753930E+01
   8.599865E+01   2.753824E+01
   8.599860E+01   2.753706E+01
   8.599753E+01   2.753520E+01
   8.599651E+01   2.753371E+01
   8.599600E+01   2.753269E+01
   8.599640E+01   2.753184E+01
   8.599514E+01   2.753015E+01
   8.599356E+01   2.752755E+01
   8.599265E+01   2.752619E+01
   8.599189E+01   2.752510E+01
   8.599153E+01   2.752335E+01
   8.599023E+01   2.752293E+01
   8.598877E+01   2.752155E+01
   8.598762E+01   2.751905E+01
   8.598754E+01   2.751672E+01
   8.598779E+01   2.751303E+01
   8.598726E+01   2.751132E+01
   8.598676E+01   2.751008E+01
   8.598686E+01   2.750945E+01
   8.598722E+01   2.750856E+01
   8.598716E+01   2.750787E+01
   8.598786E+01   2.750754E+01
   8.598865E+01   2.750783E+01
   8.598958E+01   2.750806E+01
   8.599014E+01   2.750807E+01
   8.599045E+01   2.750766E+01
   8.599130E+01   2.750765E+01
   8.599192E+01   2.750760E+01
   8.599256E+01   2.750724E+01
   8.599269E+01   2.750782E+01
   8.599275E+01   2.750827E+01
   8.599331E+01   2.750796E+01
   8.599334E+01   2.750735E+01
   8.599362E+01   2.750678E+01
   8.599354E+01   2.750617E+01
   8.599330E+01   2.750562E+01
   8.599364E+01   2.750506E+01
   8.599376E+01   2.750427E+01
   8.599441E+01   2.750349E+01
   8.599513E+01   2.750354E+01
   8.599582E+01   2.750408E+01
   8.599645E+01   2.750486E+01
   8.599763E+01   2.750568E+01
   8.599852E+01   2.750650E+01
   8.599924E+01   2.750683E+01
   8.599946E+01   2.750636E+01
   8.599960E+01   2.750573E+01
   8.599986E+01   2.750504E+01
   8.600013E+01   2.750433E+01
   8.599993E+01   2.750385E+01
   8.599932E+01   2.750338E+01
   8.599948E+01   2.750282E+01
   8.600031E+01   2.750229E+01
   8.600105E+01   2.750197E+01
   8.600150E+01   2.750241E+01
   8.600232E+01   2.750300E+01
   8.600303E+01   2.750271E+01
   8.600356E+01   2.750272E+01
   8.600419E+01   2.750249E+01
   8.600511E+01   2.750205E+01
   8.600567E+01   2.750259E+01
   8.600583E+01   2.750313E+01
   8.600655E+01   2.750319E+01
   8.600732E+01   2.750325E+01
   8.600787E+01   2.750286E+01
   8.600793E+01   2.750215E+01
   8.600832E+01   2.750156E+01
   8.600873E+01   2.750102E+01
   8.600952E+01   2.750099E+01
   8.601039E+01   2.750111E+01
   8.601123E+01   2.750119E+01
   8.601202E+01   2.750154E+01
   8.601262E+01   2.750183E+01
   8.601319E+01   2.750178E+01
   8.601364E+01   2.750174E+01
   8.601402E+01   2.750206E+01
   8.601474E+01   2.750215E+01
   8.601540E+01   2.750195E+01
   8.601616E+01   2.750211E+01
   8.601687E+01   2.750198E+01
   8.601767E+01   2.750197E+01
   8.601878E+01   2.750155E+01
   8.601974E+01   2.750107E+01
   8.602043E+01   2.750110E+01
   8.602078E+01   2.750088E+01
   8.602125E+01   2.750057E+01
   8.602180E+01   2.750048E+01
   8.602230E+01   2.750127E+01
   8.602324E+01   2.750130E+01
   8.602410E+01   2.750169E+01
   8.602469E+01   2.750191E+01
   8.602531E+01   2.750219E+01
   8.602604E+01   2.750248E+01
   8.602691E+01   2.750271E+01
   8.602765E+01   2.750266E+01
   8.602860E+01   2.750273E+01
   8.602886E+01   2.750276E+01
   8.602979E+01   2.750296E+01
   8.603052E+01   2.750309E+01
   8.603159E+01   2.750308E+01
   8.603223E+01   2.750286E+01
   8.603277E+01   2.750271E+01
   8.603356E+01   2.750261E+01
   8.603407E+01   2.750253E+01
   8.603441E+01   2.750217E+01
   8.603469E+01   2.750195E+01
   8.603508E+01   2.750174E+01
   8.603562E+01   2.750152E+01
   8.603604E+01   2.750113E+01
   8.603669E+01   2.750116E+01
   8.603732E+01   2.750085E+01
   8.603817E+01   2.750046E+01
   8.603863E+01   2.750023E+01
   8.603928E+01   2.750001E+01
   8.603967E+01   2.749943E+01
   8.604000E+01   2.749916E+01
   8.604039E+01   2.749930E+01
   8.604108E+01   2.749915E+01
   8.604138E+01   2.749910E+01
   8.604169E+01   2.749917E+01
   8.604212E+01   2.749963E+01
   8.604249E+01   2.749988E+01
   8.604289E+01   2.749960E+01
   8.604291E+01   2.749903E+01
   8.604337E+01   2.749845E+01
   8.604407E+01   2.749779E+01
   8.604452E+01   2.749795E+01
   8.604455E+01   2.749839E+01
   8.604514E+01   2.749853E+01
   8.604576E+01   2.749847E+01
   8.604599E+01   2.749890E+01
   8.604549E+01   2.749937E+01
   8.604526E+01   2.749961E+01
   8.604577E+01   2.749987E+01
   8.604666E+01   2.749975E+01
   8.604700E+01   2.749937E+01
   8.604687E+01   2.749875E+01
   8.604726E+01   2.749824E+01
   8.604833E+01   2.749794E+01
   8.604914E+01   2.749845E+01
   8.605039E+01   2.749897E+01
   8.605134E+01   2.749910E+01
   8.605200E+01   2.749926E+01
   8.605301E+01   2.749927E+01
   8.605359E+01   2.749960E+01
   8.605473E+01   2.749970E+01
   8.605507E+01   2.750013E+01
   8.605526E+01   2.750053E+01
   8.605529E+01   2.750101E+01
   8.605568E+01   2.750121E+01
   8.605598E+01   2.750102E+01
   8.605602E+01   2.750057E+01
   8.605630E+01   2.750029E+01
   8.605659E+01   2.750074E+01
   8.605642E+01   2.750112E+01
   8.605629E+01   2.750149E+01
   8.605657E+01   2.750184E+01
   8.605694E+01   2.750169E+01
   8.605713E+01   2.750131E+01
   8.605702E+01   2.750099E+01
   8.605712E+01   2.750016E+01
   8.605738E+01   2.749897E+01
   8.605814E+01   2.749907E+01
   8.605826E+01   2.750013E+01
   8.605918E+01   2.750104E+01
   8.605991E+01   2.750149E+01
   8.605992E+01   2.750009E+01
   8.605920E+01   2.749873E+01
   8.605946E+01   2.749765E+01
   8.606045E+01   2.749712E+01
   8.606162E+01   2.749670E+01
   8.606218E+01   2.749742E+01
   8.606207E+01   2.749881E+01
   8.606284E+01   2.749881E+01
   8.606351E+01   2.749919E+01
   8.606403E+01   2.749909E+01
   8.606454E+01   2.749928E+01
   8.606395E+01   2.750072E+01
   8.606448E+01   2.750142E+01
   8.606444E+01   2.750208E+01
   8.606489E+01   2.750222E+01
   8.606586E+01   2.750151E+01
   8.606685E+01   2.750172E+01
   8.606771E+01   2.750154E+01
   8.606805E+01   2.750146E+01
   8.606791E+01   2.750095E+01
   8.606757E+01   2.750049E+01
   8.606771E+01   2.750026E+01
   8.606813E+01   2.750036E+01
   8.606959E+01   2.750003E+01
   8.607044E+01   2.750022E+01
   8.607083E+01   2.750054E+01
   8.607117E+01   2.750047E+01
   8.607177E+01   2.750061E+01
   8.607279E+01   2.750102E+01
   8.607273E+01   2.750132E+01
   8.607269E+01   2.750180E+01
   8.607323E+01   2.750199E+01
   8.607350E+01   2.750192E+01
   8.607375E+01   2.750152E+01
   8.607382E+01   2.750111E+01
   8.607384E+01   2.750080E+01
   8.607391E+01   2.750017E+01
   8.607428E+01   2.749983E+01
   8.607497E+01   2.749987E+01
   8.607547E+01   2.749974E+01
   8.607577E+01   2.749841E+01
   8.607578E+01   2.749795E+01
   8.607615E+01   2.749770E+01
   8.607645E+01   2.749745E+01
   8.607638E+01   2.749714E+01
   8.607656E+01   2.749683E+01
   8.607726E+01   2.749655E+01
   8.607791E+01   2.749652E+01
   8.607835E+01   2.749662E+01
   8.607877E+01   2.749700E+01
   8.607901E+01   2.749749E+01
   8.607958E+01   2.749750E+01
   8.608057E+01   2.749764E+01
   8.608147E+01   2.749739E+01
   8.608192E+01   2.749677E+01
   8.608281E+01   2.749678E+01
   8.608339E+01   2.749671E+01
   8.608412E+01   2.749712E+01
   8.608486E+01   2.749733E+01
   8.608552E+01   2.749740E+01
   8.608607E+01   2.749705E+01
   8.608654E+01   2.749721E+01
   8.608729E+01   2.749743E+01
   8.608803E+01   2.749802E+01
   8.608854E+01   2.749789E+01
   8.608881E+01   2.749786E+01
   8.608938E+01   2.749833E+01
   8.609010E+01   2.749860E+01
   8.609134E+01   2.749928E+01
   8.609200E+01   2.750005E+01
   8.609335E+01   2.750026E+01
