   8.568050E+01   2.684323E+01
   8.574637E+01   2.697927E+01
   8.580320E+01   2.714532E+01
   8.582779E+01   2.716778E+01
   8.582677E+01   2.716780E+01
   8.582562E+01   2.716850E+01
   8.582384E+01   2.716816E+01
   8.582219E+01   2.716681E+01
   8.582098E+01   2.716515E+01
   8.582013E+01   2.716407E+01
   8.581912E+01   2.716365E+01
   8.581797E+01   2.716312E+01
   8.581632E+01   2.716193E+01
   8.581474E+01   2.716119E+01
   8.581406E+01   2.716121E+01
   8.581250E+01   2.716223E+01
   8.581133E+01   2.716188E+01
   8.580911E+01   2.716176E+01
   8.580780E+01   2.716234E+01
   8.580679E+01   2.716324E+01
   8.580596E+01   2.716380E+01
   8.580522E+01   2.716430E+01
   8.580242E+01   2.716551E+01
   8.579996E+01   2.716665E+01
   8.579699E+01   2.716747E+01
   8.579572E+01   2.716774E+01
   8.579491E+01   2.716809E+01
   8.579355E+01   2.716860E+01
   8.579256E+01   2.716935E+01
   8.579146E+01   2.717020E+01
   8.578991E+01   2.717126E+01
   8.578918E+01   2.717272E+01
   8.578797E+01   2.717392E+01
   8.578457E+01   2.717499E+01
   8.578287E+01   2.717543E+01
   8.578182E+01   2.717517E+01
   8.578123E+01   2.717546E+01
   8.578053E+01   2.717611E+01
   8.577875E+01   2.717678E+01
   8.577652E+01   2.717748E+01
   8.577605E+01   2.717844E+01
   8.577542E+01   2.717873E+01
   8.577371E+01   2.717850E+01
   8.577278E+01   2.717887E+01
   8.577161E+01   2.717972E+01
   8.577089E+01   2.718028E+01
   8.577004E+01   2.718082E+01
   8.576979E+01   2.718182E+01
   8.576930E+01   2.718230E+01
   8.576769E+01   2.718258E+01
   8.576522E+01   2.718240E+01
   8.576241E+01   2.718292E+01
   8.576139E+01   2.718325E+01
   8.575986E+01   2.718385E+01
   8.575914E+01   2.718463E+01
   8.575844E+01   2.718503E+01
   8.575623E+01   2.718545E+01
   8.575444E+01   2.718584E+01
   8.575300E+01   2.718612E+01
   8.575053E+01   2.718606E+01
   8.574866E+01   2.718680E+01
   8.574787E+01   2.718790E+01
   8.574741E+01   2.718848E+01
   8.574500E+01   2.718784E+01
   8.574305E+01   2.718768E+01
   8.574031E+01   2.718924E+01
   8.573763E+01   2.719061E+01
   8.573576E+01   2.719041E+01
   8.573368E+01   2.719075E+01
   8.572856E+01   2.719301E+01
   8.572538E+01   2.719501E+01
   8.572275E+01   2.719519E+01
   8.572185E+01   2.719376E+01
   8.572008E+01   2.719075E+01
   8.571768E+01   2.718836E+01
   8.571488E+01   2.718790E+01
   8.571192E+01   2.718733E+01
   8.570810E+01   2.718616E+01
   8.570796E+01   2.718612E+01
   8.570575E+01   2.718536E+01
   8.570259E+01   2.718500E+01
   8.569963E+01   2.718623E+01
   8.569822E+01   2.718619E+01
   8.569475E+01   2.718422E+01
   8.569360E+01   2.718118E+01
   8.569212E+01   2.718028E+01
   8.568784E+01   2.717667E+01
   8.568585E+01   2.717658E+01
   8.568546E+01   2.717580E+01
   8.568521E+01   2.717412E+01
   8.568236E+01   2.717049E+01
   8.567937E+01   2.716803E+01
   8.567570E+01   2.716710E+01
   8.567362E+01   2.716737E+01
   8.567006E+01   2.716562E+01
   8.566948E+01   2.716417E+01
   8.566669E+01   2.716295E+01
   8.566568E+01   2.716246E+01
   8.566568E+01   2.716148E+01
   8.566509E+01   2.716065E+01
   8.566411E+01   2.715889E+01
   8.566140E+01   2.715604E+01
   8.566042E+01   2.715612E+01
   8.565852E+01   2.715592E+01
   8.565560E+01   2.715490E+01
   8.565565E+01   2.715413E+01
   8.565639E+01   2.715319E+01
   8.565543E+01   2.715249E+01
   8.565454E+01   2.715283E+01
   8.565336E+01   2.715303E+01
   8.565206E+01   2.715201E+01
   8.565114E+01   2.715086E+01
   8.564981E+01   2.715008E+01
   8.564845E+01   2.714661E+01
   8.564664E+01   2.714475E+01
   8.564470E+01   2.714348E+01
   8.564300E+01   2.714320E+01
   8.564160E+01   2.714228E+01
   8.564023E+01   2.714305E+01
   8.563852E+01   2.714231E+01
   8.563332E+01   2.714148E+01
   8.563220E+01   2.713982E+01
   8.563142E+01   2.713857E+01
   8.563020E+01   2.713770E+01
   8.562819E+01   2.713757E+01
   8.562437E+01   2.713979E+01
   8.562186E+01   2.714064E+01
   8.562027E+01   2.713905E+01
   8.561901E+01   2.713961E+01
   8.561730E+01   2.714033E+01
   8.561410E+01   2.714089E+01
   8.561314E+01   2.714160E+01
   8.561134E+01   2.714156E+01
   8.561063E+01   2.714128E+01
   8.560889E+01   2.714031E+01
   8.560753E+01   2.713970E+01
   8.560567E+01   2.713974E+01
   8.560345E+01   2.714065E+01
   8.560290E+01   2.714189E+01
   8.559991E+01   2.714375E+01
   8.559889E+01   2.714330E+01
   8.559734E+01   2.714317E+01
   8.559635E+01   2.714232E+01
   8.559384E+01   2.714105E+01
   8.559165E+01   2.714159E+01
   8.559108E+01   2.714224E+01
   8.558822E+01   2.714307E+01
   8.558587E+01   2.714361E+01
   8.558429E+01   2.714334E+01
   8.558404E+01   2.714280E+01
   8.558277E+01   2.714329E+01
   8.558057E+01   2.714408E+01
   8.557760E+01   2.714268E+01
   8.557514E+01   2.713990E+01
   8.557263E+01   2.713814E+01
   8.557095E+01   2.713720E+01
   8.556989E+01   2.713841E+01
   8.556983E+01   2.713999E+01
   8.556919E+01   2.714179E+01
   8.556932E+01   2.714259E+01
   8.556878E+01   2.714363E+01
   8.556705E+01   2.714366E+01
   8.556586E+01   2.714359E+01
   8.556375E+01   2.714434E+01
   8.556188E+01   2.714478E+01
   8.556017E+01   2.714393E+01
   8.555755E+01   2.714463E+01
   8.555631E+01   2.714578E+01
   8.555481E+01   2.714631E+01
   8.555400E+01   2.714692E+01
   8.555217E+01   2.714658E+01
   8.555043E+01   2.714633E+01
   8.554934E+01   2.714482E+01
   8.554905E+01   2.714327E+01
   8.554980E+01   2.714199E+01
   8.555159E+01   2.714069E+01
   8.554876E+01   2.714101E+01
   8.554655E+01   2.714090E+01
   8.554707E+01   2.714205E+01
   8.554581E+01   2.714408E+01
   8.554269E+01   2.714460E+01
   8.554199E+01   2.714547E+01
   8.554211E+01   2.714636E+01
   8.554008E+01   2.714733E+01
   8.553835E+01   2.714819E+01
   8.553563E+01   2.714886E+01
   8.553339E+01   2.714703E+01
   8.553268E+01   2.714519E+01
   8.553259E+01   2.714366E+01
   8.553142E+01   2.714195E+01
   8.552796E+01   2.714053E+01
   8.552328E+01   2.714114E+01
   8.552109E+01   2.714099E+01
   8.551928E+01   2.714173E+01
   8.551705E+01   2.714227E+01
   8.551532E+01   2.714263E+01
   8.551279E+01   2.714206E+01
   8.550951E+01   2.714355E+01
   8.550794E+01   2.714388E+01
   8.550412E+01   2.714396E+01
   8.550226E+01   2.714387E+01
   8.550053E+01   2.714378E+01
   8.549912E+01   2.714485E+01
   8.549609E+01   2.714614E+01
   8.549397E+01   2.714912E+01
   8.549332E+01   2.715030E+01
   8.549187E+01   2.715226E+01
   8.549109E+01   2.715422E+01
   8.548990E+01   2.715465E+01
   8.548929E+01   2.715310E+01
   8.549103E+01   2.714828E+01
   8.548778E+01   2.714107E+01
   8.548280E+01   2.713710E+01
   8.547846E+01   2.713226E+01
   8.547354E+01   2.712345E+01
   8.546499E+01   2.710996E+01
   8.545778E+01   2.710087E+01
   8.544955E+01   2.709463E+01
   8.543965E+01   2.707547E+01
   8.543434E+01   2.706478E+01
   8.542634E+01   2.705468E+01
   8.542080E+01   2.704835E+01
   8.541523E+01   2.704022E+01
   8.541198E+01   2.703153E+01
   8.540674E+01   2.702634E+01
   8.540033E+01   2.702316E+01
   8.539757E+01   2.701879E+01
   8.539556E+01   2.700910E+01
   8.539013E+01   2.698919E+01
   8.539351E+01   2.698175E+01
   8.539796E+01   2.697104E+01
   8.539221E+01   2.695796E+01
   8.538892E+01   2.694619E+01
   8.539108E+01   2.693983E+01
   8.538548E+01   2.693293E+01
   8.539004E+01   2.692396E+01
   8.539008E+01   2.691974E+01
   8.538541E+01   2.690893E+01
   8.537547E+01   2.690437E+01
   8.536469E+01   2.689520E+01
   8.535427E+01   2.688506E+01
   8.535394E+01   2.687463E+01
   8.535348E+01   2.687330E+01
   8.535466E+01   2.687239E+01
   8.535417E+01   2.687118E+01
   8.535395E+01   2.686908E+01
   8.535337E+01   2.686644E+01
   8.535207E+01   2.686278E+01
   8.535129E+01   2.686081E+01
   8.535224E+01   2.686033E+01
   8.535274E+01   2.685947E+01
   8.535178E+01   2.685815E+01
   8.535034E+01   2.685839E+01
   8.534953E+01   2.685769E+01
   8.534870E+01   2.685680E+01
   8.534900E+01   2.685581E+01
   8.534853E+01   2.685481E+01
   8.534835E+01   2.685325E+01
   8.534790E+01   2.685220E+01
   8.534709E+01   2.685121E+01
   8.534706E+01   2.685011E+01
   8.534696E+01   2.684948E+01
   8.534627E+01   2.684886E+01
   8.534603E+01   2.684757E+01
   8.534582E+01   2.684634E+01
   8.534493E+01   2.684550E+01
   8.534434E+01   2.684484E+01
   8.534483E+01   2.684383E+01
   8.534429E+01   2.684360E+01
   8.534316E+01   2.684382E+01
   8.534333E+01   2.684317E+01
   8.534344E+01   2.684248E+01
   8.534392E+01   2.684127E+01
   8.534181E+01   2.684015E+01
   8.533973E+01   2.683862E+01
   8.533766E+01   2.683853E+01
   8.533623E+01   2.683837E+01
   8.533618E+01   2.683758E+01
   8.533665E+01   2.683695E+01
   8.533608E+01   2.683635E+01
   8.533509E+01   2.683599E+01
   8.533496E+01   2.683544E+01
   8.533438E+01   2.683551E+01
   8.533389E+01   2.683600E+01
   8.533340E+01   2.683575E+01
   8.533345E+01   2.683482E+01
   8.533264E+01   2.683411E+01
   8.533242E+01   2.683273E+01
   8.533238E+01   2.683128E+01
   8.533294E+01   2.683072E+01
   8.533399E+01   2.682961E+01
   8.533415E+01   2.682900E+01
   8.533379E+01   2.682849E+01
   8.533464E+01   2.682749E+01
   8.533511E+01   2.682653E+01
   8.533496E+01   2.682485E+01
   8.533504E+01   2.682376E+01
   8.533488E+01   2.682307E+01
   8.533386E+01   2.682260E+01
   8.533420E+01   2.682197E+01
   8.533515E+01   2.681862E+01
   8.533368E+01   2.681717E+01
   8.533360E+01   2.681569E+01
   8.533290E+01   2.681523E+01
   8.533151E+01   2.681569E+01
   8.532986E+01   2.681518E+01
   8.532710E+01   2.681328E+01
   8.532627E+01   2.681271E+01
   8.532596E+01   2.681361E+01
   8.532536E+01   2.681384E+01
   8.532350E+01   2.681309E+01
   8.532186E+01   2.681058E+01
   8.532216E+01   2.680963E+01
   8.532329E+01   2.680888E+01
   8.532459E+01   2.680636E+01
   8.532511E+01   2.680506E+01
   8.532509E+01   2.680375E+01
   8.532294E+01   2.680321E+01
   8.532253E+01   2.680250E+01
   8.532312E+01   2.680123E+01
   8.532165E+01   2.680095E+01
   8.532094E+01   2.679976E+01
   8.532078E+01   2.679677E+01
   8.532120E+01   2.679567E+01
   8.532260E+01   2.679507E+01
   8.532152E+01   2.679411E+01
   8.532087E+01   2.679215E+01
   8.532130E+01   2.679100E+01
   8.532187E+01   2.678913E+01
   8.532123E+01   2.678828E+01
   8.532121E+01   2.678731E+01
   8.532050E+01   2.678683E+01
   8.532051E+01   2.678619E+01
   8.532161E+01   2.678593E+01
   8.532204E+01   2.678511E+01
   8.532126E+01   2.678398E+01
   8.532127E+01   2.678263E+01
   8.532198E+01   2.678203E+01
   8.532275E+01   2.678195E+01
   8.532303E+01   2.678082E+01
   8.532333E+01   2.677996E+01
   8.532403E+01   2.677970E+01
   8.532386E+01   2.677872E+01
   8.532394E+01   2.677792E+01
   8.532460E+01   2.677779E+01
   8.532546E+01   2.677607E+01
   8.532763E+01   2.677329E+01
   8.532825E+01   2.676934E+01
   8.532768E+01   2.676738E+01
   8.532687E+01   2.676546E+01
   8.532694E+01   2.676428E+01
   8.532734E+01   2.676354E+01
   8.532736E+01   2.676268E+01
   8.532880E+01   2.676104E+01
   8.532910E+01   2.675965E+01
   8.532985E+01   2.675810E+01
   8.532929E+01   2.675723E+01
   8.532971E+01   2.675566E+01
   8.533088E+01   2.675473E+01
   8.533064E+01   2.675356E+01
   8.533167E+01   2.675245E+01
   8.533332E+01   2.675123E+01
   8.533373E+01   2.674949E+01
   8.533365E+01   2.674821E+01
   8.533551E+01   2.674762E+01
   8.533589E+01   2.674580E+01
   8.533668E+01   2.674431E+01
   8.533551E+01   2.674361E+01
   8.533470E+01   2.674211E+01
   8.535206E+01   2.675761E+01
   8.535706E+01   2.676082E+01
   8.536243E+01   2.676187E+01
   8.536619E+01   2.675922E+01
   8.537309E+01   2.676020E+01
   8.537523E+01   2.676122E+01
   8.537788E+01   2.676454E+01
   8.538044E+01   2.676841E+01
   8.538857E+01   2.677497E+01
   8.539471E+01   2.677677E+01
   8.540231E+01   2.678277E+01
   8.540525E+01   2.678788E+01
   8.540673E+01   2.679008E+01
   8.541502E+01   2.679081E+01
   8.541837E+01   2.679048E+01
   8.542096E+01   2.678853E+01
   8.542407E+01   2.678651E+01
   8.542745E+01   2.678617E+01
   8.542968E+01   2.678721E+01
   8.543131E+01   2.678889E+01
   8.543519E+01   2.678909E+01
   8.544129E+01   2.678636E+01
   8.545284E+01   2.678263E+01
   8.545424E+01   2.678185E+01
   8.545540E+01   2.678310E+01
   8.545749E+01   2.678381E+01
   8.545820E+01   2.678423E+01
   8.546071E+01   2.678634E+01
   8.546186E+01   2.678712E+01
   8.546220E+01   2.678752E+01
   8.546351E+01   2.678830E+01
   8.546469E+01   2.678894E+01
   8.546454E+01   2.678818E+01
   8.546610E+01   2.678900E+01
   8.546777E+01   2.678922E+01
   8.547091E+01   2.678981E+01
   8.547457E+01   2.679093E+01
   8.547815E+01   2.679349E+01
   8.547872E+01   2.679630E+01
   8.547896E+01   2.680142E+01
   8.549498E+01   2.679731E+01
   8.549622E+01   2.679944E+01
   8.549477E+01   2.680255E+01
   8.549656E+01   2.680410E+01
   8.549794E+01   2.680747E+01
   8.549675E+01   2.680899E+01
   8.549712E+01   2.681032E+01
   8.549827E+01   2.681046E+01
   8.549786E+01   2.681229E+01
   8.550092E+01   2.681371E+01
   8.550343E+01   2.681521E+01
   8.550749E+01   2.681680E+01
   8.551358E+01   2.681565E+01
   8.552170E+01   2.681667E+01
   8.552944E+01   2.682444E+01
   8.554006E+01   2.683528E+01
   8.555760E+01   2.684427E+01
   8.556864E+01   2.684929E+01
   8.557338E+01   2.685866E+01
   8.557633E+01   2.686062E+01
   8.557699E+01   2.685965E+01
   8.557794E+01   2.685859E+01
   8.558002E+01   2.685703E+01
   8.558156E+01   2.685848E+01
   8.558369E+01   2.685752E+01
   8.558651E+01   2.685288E+01
   8.559369E+01   2.685130E+01
   8.561182E+01   2.686219E+01
   8.562857E+01   2.687319E+01
   8.563911E+01   2.686110E+01
   8.565439E+01   2.685015E+01
   8.568023E+01   2.684338E+01
