   8.818581E+01   2.677371E+01
   8.818905E+01   2.676141E+01
   8.818954E+01   2.675002E+01
   8.818844E+01   2.674141E+01
   8.818563E+01   2.673150E+01
   8.818380E+01   2.672612E+01
   8.818230E+01   2.671965E+01
   8.817984E+01   2.671386E+01
   8.817920E+01   2.671187E+01
   8.817878E+01   2.670905E+01
   8.817682E+01   2.670536E+01
   8.817769E+01   2.670092E+01
   8.817613E+01   2.669481E+01
   8.817255E+01   2.668805E+01
   8.816959E+01   2.668412E+01
   8.816763E+01   2.667638E+01
   8.816313E+01   2.667020E+01
   8.816260E+01   2.666471E+01
   8.816374E+01   2.665899E+01
   8.816323E+01   2.665610E+01
   8.816447E+01   2.665447E+01
   8.816408E+01   2.665233E+01
   8.816483E+01   2.665154E+01
   8.816463E+01   2.665030E+01
   8.816319E+01   2.664870E+01
   8.816289E+01   2.664716E+01
   8.816575E+01   2.664230E+01
   8.816453E+01   2.664007E+01
   8.816027E+01   2.663709E+01
   8.815884E+01   2.663255E+01
   8.815542E+01   2.662911E+01
   8.815508E+01   2.662381E+01
   8.814848E+01   2.662225E+01
   8.814509E+01   2.662355E+01
   8.814276E+01   2.662199E+01
   8.814099E+01   2.661969E+01
   8.813868E+01   2.661512E+01
   8.813876E+01   2.661143E+01
   8.813439E+01   2.661145E+01
   8.813257E+01   2.660693E+01
   8.812934E+01   2.660326E+01
   8.812817E+01   2.659865E+01
   8.812650E+01   2.659405E+01
   8.812354E+01   2.659088E+01
   8.812536E+01   2.658633E+01
   8.812512E+01   2.658226E+01
   8.812099E+01   2.657880E+01
   8.811760E+01   2.657683E+01
   8.811922E+01   2.657269E+01
   8.811691E+01   2.656757E+01
   8.811326E+01   2.656861E+01
   8.811008E+01   2.656961E+01
   8.810746E+01   2.656422E+01
   8.810439E+01   2.655821E+01
   8.810040E+01   2.655067E+01
   8.809996E+01   2.653867E+01
   8.810124E+01   2.652608E+01
   8.810484E+01   2.651770E+01
   8.809090E+01   2.650800E+01
   8.809472E+01   2.648922E+01
   8.810087E+01   2.647525E+01
   8.810489E+01   2.646918E+01
   8.810066E+01   2.645978E+01
   8.809731E+01   2.645284E+01
   8.809277E+01   2.644737E+01
   8.809219E+01   2.643912E+01
   8.809315E+01   2.643497E+01
   8.809135E+01   2.643116E+01
   8.809139E+01   2.642807E+01
   8.808595E+01   2.642396E+01
   8.807299E+01   2.641939E+01
   8.806865E+01   2.641767E+01
   8.806543E+01   2.641364E+01
   8.806494E+01   2.641159E+01
   8.806118E+01   2.641009E+01
   8.805939E+01   2.640934E+01
   8.805832E+01   2.640718E+01
   8.805705E+01   2.640624E+01
   8.805644E+01   2.640585E+01
   8.805531E+01   2.640579E+01
   8.805582E+01   2.640351E+01
   8.805194E+01   2.640083E+01
   8.805105E+01   2.639982E+01
   8.805042E+01   2.640019E+01
   8.804906E+01   2.640002E+01
   8.804851E+01   2.640005E+01
   8.804802E+01   2.640016E+01
   8.804790E+01   2.640059E+01
   8.804789E+01   2.640106E+01
   8.804765E+01   2.640162E+01
   8.804721E+01   2.640142E+01
   8.804703E+01   2.640084E+01
   8.804661E+01   2.640047E+01
   8.804643E+01   2.640003E+01
   8.804581E+01   2.639995E+01
   8.804516E+01   2.640003E+01
   8.804512E+01   2.639950E+01
   8.804539E+01   2.639897E+01
   8.804609E+01   2.639872E+01
   8.804683E+01   2.639844E+01
   8.804734E+01   2.639796E+01
   8.804727E+01   2.639765E+01
   8.804677E+01   2.639729E+01
   8.804631E+01   2.639722E+01
   8.804573E+01   2.639721E+01
   8.804534E+01   2.639775E+01
   8.804481E+01   2.639796E+01
   8.804394E+01   2.639720E+01
   8.804380E+01   2.639668E+01
   8.804371E+01   2.639618E+01
   8.804329E+01   2.639569E+01
   8.804257E+01   2.639576E+01
   8.804208E+01   2.639571E+01
   8.804118E+01   2.639535E+01
   8.804067E+01   2.639494E+01
   8.804021E+01   2.639425E+01
   8.803955E+01   2.639420E+01
   8.803834E+01   2.639415E+01
   8.803778E+01   2.639375E+01
   8.803755E+01   2.639321E+01
   8.803810E+01   2.639231E+01
   8.803785E+01   2.639173E+01
   8.803709E+01   2.639160E+01
   8.803644E+01   2.639149E+01
   8.803596E+01   2.639112E+01
   8.803548E+01   2.639113E+01
   8.803529E+01   2.639166E+01
   8.803553E+01   2.639232E+01
   8.803493E+01   2.639241E+01
   8.803461E+01   2.639209E+01
   8.803445E+01   2.639149E+01
   8.803438E+01   2.639100E+01
   8.803405E+01   2.638985E+01
   8.803413E+01   2.638848E+01
   8.803388E+01   2.638760E+01
   8.803336E+01   2.638756E+01
   8.803302E+01   2.638821E+01
   8.803212E+01   2.638892E+01
   8.803124E+01   2.638861E+01
   8.803095E+01   2.638737E+01
   8.803125E+01   2.638643E+01
   8.803161E+01   2.638575E+01
   8.803150E+01   2.638479E+01
   8.803105E+01   2.638325E+01
   8.803084E+01   2.638248E+01
   8.803052E+01   2.638219E+01
   8.803019E+01   2.638255E+01
   8.803021E+01   2.638326E+01
   8.802990E+01   2.638359E+01
   8.802936E+01   2.638335E+01
   8.802884E+01   2.638304E+01
   8.802732E+01   2.638310E+01
   8.802661E+01   2.638279E+01
   8.802690E+01   2.638228E+01
   8.802723E+01   2.638142E+01
   8.802735E+01   2.638028E+01
   8.802778E+01   2.637996E+01
   8.802843E+01   2.637976E+01
   8.802824E+01   2.637929E+01
   8.802849E+01   2.637844E+01
   8.802921E+01   2.637840E+01
   8.803007E+01   2.637881E+01
   8.803112E+01   2.637842E+01
   8.803169E+01   2.637741E+01
   8.803050E+01   2.637608E+01
   8.802906E+01   2.637611E+01
   8.802736E+01   2.637420E+01
   8.802669E+01   2.637275E+01
   8.802607E+01   2.637090E+01
   8.802728E+01   2.636898E+01
   8.802835E+01   2.636739E+01
   8.802994E+01   2.636596E+01
   8.802098E+01   2.636337E+01
   8.801787E+01   2.636281E+01
   8.800580E+01   2.636184E+01
   8.800402E+01   2.636508E+01
   8.800000E+01   2.636667E+01
   8.799321E+01   2.636995E+01
   8.799187E+01   2.637555E+01
   8.799181E+01   2.639275E+01
   8.796577E+01   2.639732E+01
   8.794845E+01   2.640861E+01
   8.794020E+01   2.641329E+01
   8.793168E+01   2.641805E+01
   8.792643E+01   2.641801E+01
   8.792588E+01   2.642742E+01
   8.792045E+01   2.643365E+01
   8.792194E+01   2.644861E+01
   8.790306E+01   2.644861E+01
   8.789778E+01   2.646528E+01
   8.788556E+01   2.647194E+01
   8.787056E+01   2.646333E+01
   8.785750E+01   2.645389E+01
   8.784889E+01   2.644139E+01
   8.783139E+01   2.644139E+01
   8.781750E+01   2.644917E+01
   8.780417E+01   2.645778E+01
   8.779280E+01   2.646900E+01
   8.778602E+01   2.646567E+01
   8.778727E+01   2.646210E+01
   8.779005E+01   2.646123E+01
   8.778696E+01   2.645966E+01
   8.778518E+01   2.645801E+01
   8.778230E+01   2.645815E+01
   8.778047E+01   2.645282E+01
   8.777621E+01   2.645318E+01
   8.777698E+01   2.645103E+01
   8.777246E+01   2.645013E+01
   8.777502E+01   2.644728E+01
   8.777556E+01   2.644927E+01
   8.777763E+01   2.644819E+01
   8.777609E+01   2.644441E+01
   8.777561E+01   2.644056E+01
   8.777365E+01   2.643873E+01
   8.777626E+01   2.643467E+01
   8.777790E+01   2.643391E+01
   8.777564E+01   2.643198E+01
   8.777648E+01   2.642925E+01
   8.777279E+01   2.642555E+01
   8.776502E+01   2.641457E+01
   8.775782E+01   2.640879E+01
   8.775034E+01   2.641092E+01
   8.774588E+01   2.641791E+01
   8.773369E+01   2.640762E+01
   8.772290E+01   2.641261E+01
   8.772381E+01   2.641554E+01
   8.772126E+01   2.641951E+01
   8.771883E+01   2.642088E+01
   8.771791E+01   2.642204E+01
   8.771600E+01   2.642177E+01
   8.771409E+01   2.642328E+01
   8.771382E+01   2.642508E+01
   8.771263E+01   2.642676E+01
   8.771117E+01   2.642717E+01
   8.770852E+01   2.642773E+01
   8.769802E+01   2.642858E+01
   8.767794E+01   2.641593E+01
   8.766669E+01   2.641195E+01
   8.765001E+01   2.640601E+01
   8.765165E+01   2.639358E+01
   8.764049E+01   2.639383E+01
   8.764660E+01   2.650880E+01
   8.765665E+01   2.661625E+01
   8.766355E+01   2.675818E+01
   8.768217E+01   2.675074E+01
   8.769039E+01   2.675478E+01
   8.769838E+01   2.673176E+01
   8.770550E+01   2.671315E+01
   8.770456E+01   2.669931E+01
   8.773544E+01   2.668266E+01
   8.776094E+01   2.666687E+01
   8.781594E+01   2.669351E+01
   8.784198E+01   2.667626E+01
   8.786504E+01   2.667340E+01
   8.786829E+01   2.667499E+01
   8.786358E+01   2.668650E+01
   8.787247E+01   2.668827E+01
   8.788734E+01   2.668837E+01
   8.789645E+01   2.669145E+01
   8.791644E+01   2.669286E+01
   8.793110E+01   2.669398E+01
   8.793508E+01   2.669566E+01
   8.793570E+01   2.669959E+01
   8.793403E+01   2.670240E+01
   8.793382E+01   2.670932E+01
   8.793665E+01   2.672680E+01
   8.794628E+01   2.672662E+01
   8.794963E+01   2.673970E+01
   8.795130E+01   2.676382E+01
   8.795737E+01   2.676896E+01
   8.796638E+01   2.678859E+01
   8.797548E+01   2.677878E+01
   8.798145E+01   2.676364E+01
   8.799674E+01   2.675354E+01
   8.800542E+01   2.678111E+01
   8.800930E+01   2.676784E+01
   8.802573E+01   2.677494E+01
   8.802720E+01   2.677934E+01
   8.804862E+01   2.674995E+01
   8.807818E+01   2.678457E+01
   8.809608E+01   2.680102E+01
   8.809462E+01   2.679074E+01
   8.809991E+01   2.675806E+01
   8.811567E+01   2.674971E+01
   8.812675E+01   2.676111E+01
   8.813283E+01   2.678065E+01
   8.814902E+01   2.678199E+01
   8.815125E+01   2.680625E+01
   8.816004E+01   2.680148E+01
   8.817250E+01   2.678308E+01
