   8.344008E+01   2.793405E+01
   8.344177E+01   2.793210E+01
   8.344752E+01   2.792840E+01
   8.345227E+01   2.793275E+01
   8.346333E+01   2.793241E+01
   8.347594E+01   2.792568E+01
   8.348377E+01   2.792257E+01
   8.348755E+01   2.792691E+01
   8.349540E+01   2.792715E+01
   8.350968E+01   2.793269E+01
   8.350355E+01   2.793714E+01
   8.351030E+01   2.794061E+01
   8.352252E+01   2.793089E+01
   8.352436E+01   2.792408E+01
   8.352724E+01   2.792904E+01
   8.353039E+01   2.793756E+01
   8.353225E+01   2.793953E+01
   8.353703E+01   2.793226E+01
   8.354026E+01   2.792775E+01
   8.355477E+01   2.793102E+01
   8.356403E+01   2.793393E+01
   8.356684E+01   2.793546E+01
   8.357051E+01   2.794356E+01
   8.357677E+01   2.793601E+01
   8.357381E+01   2.793072E+01
   8.358884E+01   2.793157E+01
   8.360093E+01   2.792351E+01
   8.361366E+01   2.792829E+01
   8.361808E+01   2.793025E+01
   8.361905E+01   2.792739E+01
   8.362478E+01   2.792670E+01
   8.362667E+01   2.792486E+01
   8.362105E+01   2.791742E+01
   8.363107E+01   2.791461E+01
   8.363171E+01   2.791156E+01
   8.363310E+01   2.790104E+01
   8.363439E+01   2.789924E+01
   8.364370E+01   2.789917E+01
   8.364874E+01   2.790245E+01
   8.366006E+01   2.791144E+01
   8.367121E+01   2.792532E+01
   8.367872E+01   2.792682E+01
   8.368125E+01   2.792232E+01
   8.368418E+01   2.791673E+01
   8.368732E+01   2.792338E+01
   8.369739E+01   2.791682E+01
   8.371121E+01   2.791678E+01
   8.371748E+01   2.792060E+01
   8.372181E+01   2.791685E+01
   8.373480E+01   2.790471E+01
   8.374612E+01   2.789945E+01
   8.374428E+01   2.790744E+01
   8.375785E+01   2.790294E+01
   8.375612E+01   2.790947E+01
   8.376719E+01   2.790701E+01
   8.378364E+01   2.789220E+01
   8.378975E+01   2.788499E+01
   8.379823E+01   2.788199E+01
   8.381538E+01   2.787409E+01
   8.382894E+01   2.787277E+01
   8.384589E+01   2.786914E+01
   8.384377E+01   2.788066E+01
   8.385092E+01   2.787736E+01
   8.385758E+01   2.787353E+01
   8.385993E+01   2.787972E+01
   8.386561E+01   2.788426E+01
   8.387394E+01   2.788598E+01
   8.387659E+01   2.788823E+01
   8.388069E+01   2.788792E+01
   8.388065E+01   2.788542E+01
   8.388253E+01   2.788233E+01
   8.388818E+01   2.788535E+01
   8.389115E+01   2.788638E+01
   8.389471E+01   2.788497E+01
   8.389966E+01   2.788297E+01
   8.390449E+01   2.788225E+01
   8.391265E+01   2.787916E+01
   8.391082E+01   2.787514E+01
   8.391192E+01   2.787162E+01
   8.391716E+01   2.787136E+01
   8.392295E+01   2.786911E+01
   8.392479E+01   2.786795E+01
   8.392916E+01   2.787089E+01
   8.393382E+01   2.787375E+01
   8.393629E+01   2.787724E+01
   8.393769E+01   2.787820E+01
   8.394281E+01   2.787563E+01
   8.394591E+01   2.787103E+01
   8.394798E+01   2.786943E+01
   8.395162E+01   2.786945E+01
   8.395819E+01   2.787317E+01
   8.396109E+01   2.787215E+01
   8.396637E+01   2.787023E+01
   8.396939E+01   2.787070E+01
   8.397089E+01   2.787255E+01
   8.397235E+01   2.787253E+01
   8.397374E+01   2.786875E+01
   8.397753E+01   2.786616E+01
   8.398906E+01   2.786675E+01
   8.399625E+01   2.786518E+01
   8.399721E+01   2.786182E+01
   8.399711E+01   2.785715E+01
   8.400020E+01   2.785482E+01
   8.400909E+01   2.785401E+01
   8.402050E+01   2.785080E+01
   8.402200E+01   2.785361E+01
   8.401590E+01   2.785720E+01
   8.401623E+01   2.786027E+01
   8.402275E+01   2.786119E+01
   8.402731E+01   2.785382E+01
   8.402654E+01   2.785282E+01
   8.402539E+01   2.785221E+01
   8.402531E+01   2.785122E+01
   8.402294E+01   2.784886E+01
   8.402304E+01   2.784641E+01
   8.402242E+01   2.784443E+01
   8.402256E+01   2.784372E+01
   8.402206E+01   2.784317E+01
   8.402142E+01   2.784229E+01
   8.402039E+01   2.784168E+01
   8.402199E+01   2.783805E+01
   8.402412E+01   2.783632E+01
   8.402524E+01   2.783225E+01
   8.402720E+01   2.783102E+01
   8.402614E+01   2.782947E+01
   8.402547E+01   2.782715E+01
   8.402635E+01   2.782560E+01
   8.402560E+01   2.782412E+01
   8.402587E+01   2.782182E+01
   8.402738E+01   2.782034E+01
   8.402557E+01   2.781974E+01
   8.402345E+01   2.781873E+01
   8.402059E+01   2.781829E+01
   8.402041E+01   2.781607E+01
   8.401744E+01   2.781344E+01
   8.401526E+01   2.781173E+01
   8.401399E+01   2.780654E+01
   8.401290E+01   2.780322E+01
   8.401156E+01   2.780076E+01
   8.400938E+01   2.779891E+01
   8.400686E+01   2.779749E+01
   8.400449E+01   2.779424E+01
   8.400180E+01   2.779004E+01
   8.400030E+01   2.778843E+01
   8.399967E+01   2.778428E+01
   8.400017E+01   2.777888E+01
   8.399845E+01   2.777354E+01
   8.399405E+01   2.776407E+01
   8.399293E+01   2.775714E+01
   8.399428E+01   2.775263E+01
   8.399386E+01   2.775087E+01
   8.399191E+01   2.775001E+01
   8.398892E+01   2.774863E+01
   8.398491E+01   2.774848E+01
   8.398195E+01   2.774841E+01
   8.397911E+01   2.774893E+01
   8.397655E+01   2.774730E+01
   8.397190E+01   2.774770E+01
   8.397094E+01   2.774988E+01
   8.396803E+01   2.774847E+01
   8.396585E+01   2.774712E+01
   8.396194E+01   2.774824E+01
   8.396002E+01   2.774799E+01
   8.395888E+01   2.774635E+01
   8.395683E+01   2.774704E+01
   8.395301E+01   2.774690E+01
   8.394948E+01   2.774617E+01
   8.394637E+01   2.774450E+01
   8.393695E+01   2.774012E+01
   8.392759E+01   2.773433E+01
   8.392441E+01   2.773023E+01
   8.392136E+01   2.772658E+01
   8.391632E+01   2.772862E+01
   8.391266E+01   2.773139E+01
   8.390592E+01   2.773253E+01
   8.390635E+01   2.773555E+01
   8.390336E+01   2.773356E+01
   8.390164E+01   2.773031E+01
   8.389960E+01   2.773208E+01
   8.389715E+01   2.772994E+01
   8.389066E+01   2.773074E+01
   8.388780E+01   2.773072E+01
   8.388379E+01   2.773356E+01
   8.388088E+01   2.773347E+01
   8.387749E+01   2.773552E+01
   8.387582E+01   2.773354E+01
   8.386915E+01   2.773442E+01
   8.386426E+01   2.773407E+01
   8.385632E+01   2.773409E+01
   8.384589E+01   2.773514E+01
   8.384157E+01   2.773085E+01
   8.384449E+01   2.772004E+01
   8.384576E+01   2.770946E+01
   8.383477E+01   2.771377E+01
   8.382817E+01   2.771419E+01
   8.382025E+01   2.771079E+01
   8.381085E+01   2.771425E+01
   8.380291E+01   2.772032E+01
   8.378693E+01   2.772438E+01
   8.378055E+01   2.772467E+01
   8.376471E+01   2.772208E+01
   8.375201E+01   2.772124E+01
   8.374379E+01   2.771776E+01
   8.373320E+01   2.771471E+01
   8.372617E+01   2.771032E+01
   8.371940E+01   2.771205E+01
   8.370826E+01   2.771588E+01
   8.370031E+01   2.771708E+01
   8.369119E+01   2.771923E+01
   8.367702E+01   2.771971E+01
   8.368333E+01   2.771688E+01
   8.368946E+01   2.770946E+01
   8.368994E+01   2.769982E+01
   8.369486E+01   2.769425E+01
   8.369850E+01   2.769070E+01
   8.370359E+01   2.768339E+01
   8.369884E+01   2.767053E+01
   8.369524E+01   2.766199E+01
   8.369036E+01   2.766457E+01
   8.368353E+01   2.766421E+01
   8.367789E+01   2.766989E+01
   8.367380E+01   2.767274E+01
   8.366514E+01   2.767725E+01
   8.365846E+01   2.768297E+01
   8.365677E+01   2.768792E+01
   8.365408E+01   2.768940E+01
   8.364786E+01   2.769167E+01
   8.364129E+01   2.769165E+01
   8.363488E+01   2.769205E+01
   8.363051E+01   2.769386E+01
   8.362557E+01   2.769152E+01
   8.362277E+01   2.768883E+01
   8.361978E+01   2.768986E+01
   8.361582E+01   2.769357E+01
   8.361310E+01   2.769549E+01
   8.361060E+01   2.769845E+01
   8.360753E+01   2.770222E+01
   8.360346E+01   2.770338E+01
   8.359838E+01   2.770539E+01
   8.359626E+01   2.770490E+01
   8.359064E+01   2.770492E+01
   8.358659E+01   2.770613E+01
   8.358176E+01   2.770546E+01
   8.357748E+01   2.770531E+01
   8.357270E+01   2.770793E+01
   8.356749E+01   2.771051E+01
   8.356592E+01   2.771305E+01
   8.355696E+01   2.771621E+01
   8.354986E+01   2.771627E+01
   8.354376E+01   2.771890E+01
   8.353873E+01   2.772027E+01
   8.353336E+01   2.772356E+01
   8.352940E+01   2.772485E+01
   8.352499E+01   2.772494E+01
   8.351965E+01   2.772526E+01
   8.351530E+01   2.772765E+01
   8.351192E+01   2.772854E+01
   8.350828E+01   2.772500E+01
   8.350215E+01   2.772559E+01
   8.349934E+01   2.772886E+01
   8.349509E+01   2.772640E+01
   8.349206E+01   2.772575E+01
   8.348936E+01   2.772831E+01
   8.348698E+01   2.772980E+01
   8.348406E+01   2.772729E+01
   8.348239E+01   2.772507E+01
   8.348071E+01   2.772436E+01
   8.347827E+01   2.772278E+01
   8.347618E+01   2.772188E+01
   8.347510E+01   2.772190E+01
   8.347309E+01   2.772175E+01
   8.347206E+01   2.772136E+01
   8.347020E+01   2.772117E+01
   8.346777E+01   2.772187E+01
   8.346685E+01   2.772244E+01
   8.346418E+01   2.772372E+01
   8.345904E+01   2.772585E+01
   8.345466E+01   2.772766E+01
   8.345137E+01   2.772598E+01
   8.344703E+01   2.772623E+01
   8.344232E+01   2.772632E+01
   8.343962E+01   2.772960E+01
   8.343530E+01   2.773133E+01
   8.343234E+01   2.773332E+01
   8.343257E+01   2.773809E+01
   8.342509E+01   2.774134E+01
   8.341927E+01   2.774088E+01
   8.341463E+01   2.774085E+01
   8.340803E+01   2.773453E+01
   8.340028E+01   2.773670E+01
   8.339418E+01   2.774564E+01
   8.338837E+01   2.774909E+01
   8.338440E+01   2.774679E+01
   8.337557E+01   2.774285E+01
   8.337260E+01   2.773408E+01
   8.336523E+01   2.773907E+01
   8.336192E+01   2.774169E+01
   8.335748E+01   2.775158E+01
   8.335031E+01   2.775033E+01
   8.334560E+01   2.775206E+01
   8.334146E+01   2.775766E+01
   8.333753E+01   2.775989E+01
   8.333518E+01   2.776385E+01
   8.332849E+01   2.776686E+01
   8.332434E+01   2.776390E+01
   8.332003E+01   2.776390E+01
   8.331458E+01   2.776281E+01
   8.331160E+01   2.776316E+01
   8.330848E+01   2.776390E+01
   8.330391E+01   2.776603E+01
   8.329929E+01   2.776485E+01
   8.328841E+01   2.775780E+01
   8.328207E+01   2.775608E+01
   8.327468E+01   2.775726E+01
   8.326715E+01   2.775609E+01
   8.325973E+01   2.775636E+01
   8.325720E+01   2.776560E+01
   8.325547E+01   2.777137E+01
   8.325782E+01   2.777477E+01
   8.325818E+01   2.778194E+01
   8.325067E+01   2.779070E+01
   8.324578E+01   2.779767E+01
   8.324827E+01   2.780081E+01
   8.324884E+01   2.780396E+01
   8.324723E+01   2.780529E+01
   8.324780E+01   2.780621E+01
   8.324758E+01   2.780779E+01
   8.324612E+01   2.780872E+01
   8.324602E+01   2.781006E+01
   8.324464E+01   2.781172E+01
   8.324313E+01   2.781183E+01
   8.324269E+01   2.781489E+01
   8.324062E+01   2.781586E+01
   8.323896E+01   2.781712E+01
   8.323886E+01   2.781864E+01
   8.323424E+01   2.782144E+01
   8.323268E+01   2.782239E+01
   8.323118E+01   2.782295E+01
   8.323137E+01   2.782330E+01
   8.323398E+01   2.782458E+01
   8.323764E+01   2.782681E+01
   8.324181E+01   2.782880E+01
   8.324529E+01   2.782975E+01
   8.324877E+01   2.783182E+01
   8.325492E+01   2.782997E+01
   8.325949E+01   2.782858E+01
   8.327004E+01   2.782758E+01
   8.327598E+01   2.782696E+01
   8.328288E+01   2.782586E+01
   8.328819E+01   2.782699E+01
   8.329205E+01   2.783240E+01
   8.329155E+01   2.783572E+01
   8.329326E+01   2.783867E+01
   8.329822E+01   2.784289E+01
   8.329997E+01   2.784473E+01
   8.331004E+01   2.785168E+01
   8.330683E+01   2.785702E+01
   8.331302E+01   2.785933E+01
   8.332349E+01   2.786604E+01
   8.332605E+01   2.786847E+01
   8.332740E+01   2.786986E+01
   8.332734E+01   2.787333E+01
   8.333070E+01   2.787531E+01
   8.333025E+01   2.787848E+01
   8.332725E+01   2.787862E+01
   8.332428E+01   2.787802E+01
   8.332085E+01   2.787847E+01
   8.331940E+01   2.788307E+01
   8.331610E+01   2.788483E+01
   8.331289E+01   2.788731E+01
   8.331029E+01   2.788914E+01
   8.330924E+01   2.788877E+01
   8.330989E+01   2.789069E+01
   8.331110E+01   2.789693E+01
   8.331102E+01   2.790226E+01
   8.330783E+01   2.790512E+01
   8.329849E+01   2.790815E+01
   8.330131E+01   2.791218E+01
   8.330701E+01   2.791688E+01
   8.330901E+01   2.792320E+01
   8.331264E+01   2.792567E+01
   8.332008E+01   2.792205E+01
   8.333372E+01   2.792292E+01
   8.333925E+01   2.792604E+01
   8.334558E+01   2.793024E+01
   8.334640E+01   2.793727E+01
   8.334333E+01   2.794465E+01
   8.334413E+01   2.794968E+01
   8.334950E+01   2.795128E+01
   8.335344E+01   2.795320E+01
   8.335540E+01   2.795272E+01
   8.336051E+01   2.795181E+01
   8.337151E+01   2.795803E+01
   8.337814E+01   2.795801E+01
   8.337634E+01   2.795639E+01
   8.337851E+01   2.795652E+01
   8.338474E+01   2.795307E+01
   8.338792E+01   2.795001E+01
   8.339276E+01   2.794760E+01
   8.339535E+01   2.794332E+01
   8.339832E+01   2.794122E+01
   8.339933E+01   2.793477E+01
   8.340504E+01   2.793404E+01
   8.340915E+01   2.793238E+01
   8.341338E+01   2.793140E+01
   8.341823E+01   2.793030E+01
   8.342064E+01   2.793282E+01
   8.342462E+01   2.793709E+01
   8.343271E+01   2.793955E+01
   8.343421E+01   2.793541E+01
   8.343816E+01   2.793586E+01
   8.344008E+01   2.793405E+01
