   8.185259E+01   2.961969E+01
   8.184229E+01   2.962218E+01
   8.182925E+01   2.962129E+01
   8.182241E+01   2.962064E+01
   8.181197E+01   2.962216E+01
   8.179097E+01   2.962767E+01
   8.178355E+01   2.962387E+01
   8.177812E+01   2.961900E+01
   8.177632E+01   2.960024E+01
   8.179009E+01   2.959621E+01
   8.178843E+01   2.958996E+01
   8.179823E+01   2.956839E+01
   8.179860E+01   2.956324E+01
   8.179006E+01   2.954055E+01
   8.179151E+01   2.952886E+01
   8.178343E+01   2.952674E+01
   8.177656E+01   2.951717E+01
   8.178032E+01   2.951171E+01
   8.178783E+01   2.950066E+01
   8.180094E+01   2.947906E+01
   8.180838E+01   2.945669E+01
   8.182831E+01   2.945768E+01
   8.184219E+01   2.946186E+01
   8.186225E+01   2.945995E+01
   8.189756E+01   2.944772E+01
   8.192409E+01   2.944032E+01
   8.195744E+01   2.944448E+01
   8.197898E+01   2.946451E+01
   8.198876E+01   2.947347E+01
   8.201272E+01   2.946250E+01
   8.203450E+01   2.948020E+01
   8.205711E+01   2.947912E+01
   8.207605E+01   2.948417E+01
   8.208980E+01   2.947382E+01
   8.210598E+01   2.946023E+01
   8.212433E+01   2.946734E+01
   8.214239E+01   2.945946E+01
   8.214252E+01   2.942992E+01
   8.215723E+01   2.942010E+01
   8.217111E+01   2.941648E+01
   8.218039E+01   2.940690E+01
   8.219981E+01   2.940914E+01
   8.221328E+01   2.940750E+01
   8.222178E+01   2.941966E+01
   8.222402E+01   2.943075E+01
   8.223477E+01   2.943387E+01
   8.224071E+01   2.943792E+01
   8.224679E+01   2.943292E+01
   8.225367E+01   2.943636E+01
   8.226154E+01   2.944112E+01
   8.226993E+01   2.944159E+01
   8.227779E+01   2.944291E+01
   8.229013E+01   2.944170E+01
   8.230156E+01   2.946177E+01
   8.230585E+01   2.947860E+01
   8.230156E+01   2.949581E+01
   8.230975E+01   2.950371E+01
   8.234564E+01   2.949449E+01
   8.238488E+01   2.950243E+01
   8.241015E+01   2.945929E+01
   8.241061E+01   2.945071E+01
   8.242654E+01   2.944886E+01
   8.244787E+01   2.944989E+01
   8.246154E+01   2.947116E+01
   8.247472E+01   2.947845E+01
   8.248044E+01   2.948242E+01
   8.248757E+01   2.948777E+01
   8.249575E+01   2.949297E+01
   8.250108E+01   2.948062E+01
   8.249991E+01   2.947684E+01
   8.250545E+01   2.947043E+01
   8.250130E+01   2.946209E+01
   8.250016E+01   2.945569E+01
   8.250485E+01   2.943993E+01
   8.251115E+01   2.943380E+01
   8.251647E+01   2.941927E+01
   8.255003E+01   2.941670E+01
   8.255893E+01   2.941157E+01
   8.256551E+01   2.941243E+01
   8.258095E+01   2.941645E+01
   8.258543E+01   2.942215E+01
   8.259762E+01   2.942345E+01
   8.262452E+01   2.942445E+01
   8.262710E+01   2.941172E+01
   8.263375E+01   2.939408E+01
   8.265932E+01   2.939539E+01
   8.266727E+01   2.940268E+01
   8.267618E+01   2.940532E+01
   8.268878E+01   2.941292E+01
   8.269020E+01   2.942527E+01
   8.270005E+01   2.942877E+01
   8.271820E+01   2.943769E+01
   8.271839E+01   2.944199E+01
   8.272346E+01   2.944829E+01
   8.272633E+01   2.945548E+01
   8.272922E+01   2.946007E+01
   8.273549E+01   2.946843E+01
   8.272780E+01   2.947581E+01
   8.272669E+01   2.948678E+01
   8.272698E+01   2.949655E+01
   8.273239E+01   2.950843E+01
   8.274490E+01   2.950788E+01
   8.275198E+01   2.950940E+01
   8.275854E+01   2.951086E+01
   8.276708E+01   2.951504E+01
   8.278187E+01   2.951517E+01
   8.278742E+01   2.952073E+01
   8.279285E+01   2.953604E+01
   8.280288E+01   2.954977E+01
   8.280841E+01   2.955605E+01
   8.281910E+01   2.956201E+01
   8.281466E+01   2.956962E+01
   8.281007E+01   2.958269E+01
   8.280858E+01   2.959414E+01
   8.279699E+01   2.961341E+01
   8.279524E+01   2.962453E+01
   8.279845E+01   2.964001E+01
   8.281330E+01   2.964328E+01
   8.282012E+01   2.964856E+01
   8.282669E+01   2.965494E+01
   8.282700E+01   2.967577E+01
   8.282756E+01   2.969032E+01
   8.281833E+01   2.969637E+01
   8.281530E+01   2.970620E+01
   8.282181E+01   2.971346E+01
   8.281878E+01   2.972103E+01
   8.280940E+01   2.972103E+01
   8.279700E+01   2.971951E+01
   8.277976E+01   2.972556E+01
   8.276720E+01   2.973025E+01
   8.276690E+01   2.973509E+01
   8.276297E+01   2.975052E+01
   8.276100E+01   2.975521E+01
   8.275888E+01   2.976096E+01
   8.275298E+01   2.976399E+01
   8.274845E+01   2.976519E+01
   8.274043E+01   2.977049E+01
   8.273377E+01   2.977215E+01
   8.272606E+01   2.977185E+01
   8.271653E+01   2.976822E+01
   8.270821E+01   2.976837E+01
   8.270458E+01   2.976459E+01
   8.269339E+01   2.976119E+01
   8.269001E+01   2.976863E+01
   8.269626E+01   2.977972E+01
   8.269535E+01   2.979212E+01
   8.270216E+01   2.979424E+01
   8.271002E+01   2.979257E+01
   8.271698E+01   2.979802E+01
   8.272833E+01   2.980377E+01
   8.273090E+01   2.980921E+01
   8.273861E+01   2.981466E+01
   8.273196E+01   2.981889E+01
   8.272833E+01   2.982510E+01
   8.272666E+01   2.983463E+01
   8.271940E+01   2.983977E+01
   8.271184E+01   2.983841E+01
   8.270367E+01   2.984567E+01
   8.269807E+01   2.985565E+01
   8.269444E+01   2.985444E+01
   8.269081E+01   2.985444E+01
   8.268703E+01   2.985323E+01
   8.267523E+01   2.984325E+01
   8.266843E+01   2.984400E+01
   8.266404E+01   2.984325E+01
   8.265723E+01   2.984158E+01
   8.265436E+01   2.983916E+01
   8.264347E+01   2.983644E+01
   8.262804E+01   2.983735E+01
   8.262093E+01   2.984068E+01
   8.262138E+01   2.984763E+01
   8.263061E+01   2.984900E+01
   8.263121E+01   2.985747E+01
   8.264059E+01   2.986458E+01
   8.264180E+01   2.987244E+01
   8.262955E+01   2.987774E+01
   8.261125E+01   2.988348E+01
   8.260278E+01   2.988893E+01
   8.260040E+01   2.989502E+01
   8.259582E+01   2.990103E+01
   8.259113E+01   2.990829E+01
   8.258886E+01   2.991238E+01
   8.258538E+01   2.992175E+01
   8.257994E+01   2.992175E+01
   8.257691E+01   2.992493E+01
   8.257010E+01   2.992977E+01
   8.256678E+01   2.993582E+01
   8.256375E+01   2.994323E+01
   8.256330E+01   2.994853E+01
   8.256269E+01   2.995503E+01
   8.254984E+01   2.996214E+01
   8.254378E+01   2.996517E+01
   8.253577E+01   2.996910E+01
   8.252926E+01   2.997243E+01
   8.252170E+01   2.996184E+01
   8.251883E+01   2.995715E+01
   8.251293E+01   2.995155E+01
   8.250309E+01   2.994838E+01
   8.249720E+01   2.994747E+01
   8.249542E+01   2.994077E+01
   8.249372E+01   2.993770E+01
   8.249168E+01   2.993405E+01
   8.248209E+01   2.992563E+01
   8.247752E+01   2.992190E+01
   8.247437E+01   2.992149E+01
   8.247103E+01   2.991851E+01
   8.247340E+01   2.991359E+01
   8.247245E+01   2.990603E+01
   8.246889E+01   2.990007E+01
   8.246243E+01   2.989847E+01
   8.245596E+01   2.989782E+01
   8.244639E+01   2.988872E+01
   8.245531E+01   2.988421E+01
   8.246333E+01   2.987254E+01
   8.246402E+01   2.986393E+01
   8.245202E+01   2.986086E+01
   8.243936E+01   2.986272E+01
   8.243348E+01   2.984197E+01
   8.242850E+01   2.983647E+01
   8.243957E+01   2.981673E+01
   8.242683E+01   2.981156E+01
   8.241803E+01   2.980848E+01
   8.240159E+01   2.980457E+01
   8.240233E+01   2.979455E+01
   8.240789E+01   2.978627E+01
   8.241126E+01   2.977967E+01
   8.240723E+01   2.976952E+01
   8.239775E+01   2.976200E+01
   8.240066E+01   2.975559E+01
   8.240885E+01   2.973600E+01
   8.241242E+01   2.973110E+01
   8.241321E+01   2.971845E+01
   8.240376E+01   2.971156E+01
   8.240041E+01   2.970597E+01
   8.239167E+01   2.969576E+01
   8.236727E+01   2.970277E+01
   8.235830E+01   2.970427E+01
   8.234964E+01   2.971187E+01
   8.233490E+01   2.971403E+01
   8.232814E+01   2.971127E+01
   8.231779E+01   2.971047E+01
   8.231018E+01   2.970702E+01
   8.230310E+01   2.970233E+01
   8.229464E+01   2.969727E+01
   8.228804E+01   2.969505E+01
   8.228197E+01   2.969219E+01
   8.227428E+01   2.969459E+01
   8.226044E+01   2.970215E+01
   8.224894E+01   2.969772E+01
   8.223490E+01   2.969493E+01
   8.223113E+01   2.968997E+01
   8.223418E+01   2.968128E+01
   8.223057E+01   2.967552E+01
   8.223450E+01   2.966872E+01
   8.223574E+01   2.966508E+01
   8.223243E+01   2.966405E+01
   8.221915E+01   2.966334E+01
   8.221613E+01   2.965691E+01
   8.221098E+01   2.965572E+01
   8.220944E+01   2.965821E+01
   8.220433E+01   2.965850E+01
   8.219792E+01   2.965593E+01
   8.218710E+01   2.965589E+01
   8.217840E+01   2.965695E+01
   8.216635E+01   2.965470E+01
   8.216038E+01   2.965740E+01
   8.215867E+01   2.965735E+01
   8.215523E+01   2.965775E+01
   8.215162E+01   2.965644E+01
   8.214557E+01   2.964847E+01
   8.213643E+01   2.964521E+01
   8.213181E+01   2.964405E+01
   8.212655E+01   2.964319E+01
   8.211159E+01   2.963885E+01
   8.210252E+01   2.963700E+01
   8.210610E+01   2.964706E+01
   8.210955E+01   2.965654E+01
   8.210272E+01   2.966405E+01
   8.210052E+01   2.967596E+01
   8.209840E+01   2.968841E+01
   8.209114E+01   2.970061E+01
   8.207946E+01   2.970856E+01
   8.207774E+01   2.971408E+01
   8.206785E+01   2.972021E+01
   8.206171E+01   2.972834E+01
   8.205898E+01   2.974372E+01
   8.205781E+01   2.974714E+01
   8.204910E+01   2.974876E+01
   8.203548E+01   2.974919E+01
   8.202910E+01   2.974282E+01
   8.202410E+01   2.974007E+01
   8.201980E+01   2.973589E+01
   8.200759E+01   2.972782E+01
   8.200484E+01   2.972367E+01
   8.199782E+01   2.971535E+01
   8.199318E+01   2.970512E+01
   8.198412E+01   2.969953E+01
   8.197819E+01   2.969581E+01
   8.196711E+01   2.969080E+01
   8.195789E+01   2.968354E+01
   8.195228E+01   2.967998E+01
   8.194710E+01   2.967578E+01
   8.193628E+01   2.967332E+01
   8.192988E+01   2.967751E+01
   8.192166E+01   2.967410E+01
   8.191441E+01   2.966346E+01
   8.190180E+01   2.966799E+01
   8.189045E+01   2.966827E+01
   8.188513E+01   2.966163E+01
   8.188275E+01   2.965546E+01
   8.188079E+01   2.965224E+01
   8.187609E+01   2.964806E+01
   8.187332E+01   2.964391E+01
   8.187260E+01   2.964044E+01
   8.186725E+01   2.963397E+01
   8.185604E+01   2.962327E+01
