   8.768273E+01   2.726769E+01
   8.784131E+01   2.728199E+01
   8.801594E+01   2.736140E+01
   8.806769E+01   2.743877E+01
   8.807090E+01   2.743559E+01
   8.807439E+01   2.743332E+01
   8.807721E+01   2.743302E+01
   8.807861E+01   2.743192E+01
   8.807923E+01   2.743051E+01
   8.808009E+01   2.742978E+01
   8.808001E+01   2.742747E+01
   8.807956E+01   2.742675E+01
   8.807750E+01   2.742690E+01
   8.807519E+01   2.742649E+01
   8.807370E+01   2.742640E+01
   8.807255E+01   2.742638E+01
   8.807121E+01   2.742621E+01
   8.807015E+01   2.742615E+01
   8.806815E+01   2.742586E+01
   8.806672E+01   2.742487E+01
   8.806532E+01   2.742402E+01
   8.806151E+01   2.742181E+01
   8.805932E+01   2.742029E+01
   8.805747E+01   2.741858E+01
   8.805610E+01   2.741864E+01
   8.805393E+01   2.741712E+01
   8.805251E+01   2.741481E+01
   8.805041E+01   2.741311E+01
   8.805055E+01   2.741223E+01
   8.805022E+01   2.741062E+01
   8.804941E+01   2.740736E+01
   8.804677E+01   2.740560E+01
   8.804744E+01   2.740396E+01
   8.804829E+01   2.740141E+01
   8.804787E+01   2.739978E+01
   8.804711E+01   2.739841E+01
   8.804571E+01   2.739589E+01
   8.804570E+01   2.739264E+01
   8.804512E+01   2.739144E+01
   8.804484E+01   2.738886E+01
   8.804464E+01   2.738729E+01
   8.804404E+01   2.738524E+01
   8.804481E+01   2.738296E+01
   8.804480E+01   2.738063E+01
   8.804435E+01   2.737921E+01
   8.804297E+01   2.737632E+01
   8.804209E+01   2.737420E+01
   8.804154E+01   2.737221E+01
   8.804210E+01   2.736978E+01
   8.804433E+01   2.736738E+01
   8.804601E+01   2.736514E+01
   8.804711E+01   2.736342E+01
   8.804789E+01   2.736126E+01
   8.805068E+01   2.735846E+01
   8.805344E+01   2.735828E+01
   8.805604E+01   2.735661E+01
   8.805773E+01   2.735529E+01
   8.805859E+01   2.735204E+01
   8.805937E+01   2.735092E+01
   8.806057E+01   2.734853E+01
   8.806134E+01   2.734630E+01
   8.806134E+01   2.734506E+01
   8.806237E+01   2.734348E+01
   8.806335E+01   2.734297E+01
   8.806467E+01   2.734129E+01
   8.806530E+01   2.733835E+01
   8.806640E+01   2.733602E+01
   8.806515E+01   2.733562E+01
   8.806364E+01   2.733471E+01
   8.806231E+01   2.733323E+01
   8.806076E+01   2.733131E+01
   8.806003E+01   2.732939E+01
   8.805903E+01   2.732816E+01
   8.805706E+01   2.732752E+01
   8.805581E+01   2.732621E+01
   8.805385E+01   2.732564E+01
   8.805238E+01   2.732470E+01
   8.805209E+01   2.732305E+01
   8.805085E+01   2.732167E+01
   8.804929E+01   2.731893E+01
   8.804955E+01   2.731564E+01
   8.804874E+01   2.731485E+01
   8.804856E+01   2.731332E+01
   8.804658E+01   2.731105E+01
   8.804428E+01   2.730933E+01
   8.804304E+01   2.730740E+01
   8.804172E+01   2.730496E+01
   8.804090E+01   2.730168E+01
   8.804237E+01   2.729901E+01
   8.804345E+01   2.729668E+01
   8.804389E+01   2.729477E+01
   8.804466E+01   2.729390E+01
   8.804284E+01   2.729181E+01
   8.804052E+01   2.729159E+01
   8.803837E+01   2.729208E+01
   8.803702E+01   2.729050E+01
   8.803571E+01   2.728993E+01
   8.803467E+01   2.728925E+01
   8.803373E+01   2.728757E+01
   8.803198E+01   2.728681E+01
   8.803149E+01   2.728537E+01
   8.803290E+01   2.728154E+01
   8.803215E+01   2.727894E+01
   8.803100E+01   2.727648E+01
   8.803037E+01   2.727330E+01
   8.803059E+01   2.727178E+01
   8.803094E+01   2.727023E+01
   8.803102E+01   2.726789E+01
   8.803173E+01   2.726615E+01
   8.803154E+01   2.726458E+01
   8.803050E+01   2.726345E+01
   8.803103E+01   2.726199E+01
   8.803059E+01   2.726019E+01
   8.803075E+01   2.725853E+01
   8.803043E+01   2.725625E+01
   8.803018E+01   2.725462E+01
   8.803102E+01   2.725266E+01
   8.803072E+01   2.725021E+01
   8.802894E+01   2.725018E+01
   8.802755E+01   2.724953E+01
   8.802733E+01   2.724854E+01
   8.802675E+01   2.724658E+01
   8.802551E+01   2.724496E+01
   8.802423E+01   2.724241E+01
   8.802450E+01   2.724088E+01
   8.802482E+01   2.723842E+01
   8.802341E+01   2.723811E+01
   8.802094E+01   2.723765E+01
   8.801974E+01   2.723685E+01
   8.801890E+01   2.723528E+01
   8.801964E+01   2.723219E+01
   8.801898E+01   2.723034E+01
   8.801887E+01   2.722832E+01
   8.801855E+01   2.722582E+01
   8.801808E+01   2.722449E+01
   8.801787E+01   2.722360E+01
   8.801649E+01   2.722230E+01
   8.801469E+01   2.722055E+01
   8.801358E+01   2.721913E+01
   8.801203E+01   2.721621E+01
   8.801282E+01   2.721491E+01
   8.801434E+01   2.721210E+01
   8.801538E+01   2.721135E+01
   8.801525E+01   2.721029E+01
   8.801449E+01   2.720881E+01
   8.801288E+01   2.720552E+01
   8.801153E+01   2.720395E+01
   8.801275E+01   2.720228E+01
   8.801407E+01   2.720150E+01
   8.801530E+01   2.719999E+01
   8.801581E+01   2.719694E+01
   8.801572E+01   2.719521E+01
   8.801564E+01   2.719301E+01
   8.801445E+01   2.719172E+01
   8.801389E+01   2.718966E+01
   8.801341E+01   2.718807E+01
   8.801334E+01   2.718684E+01
   8.801352E+01   2.718564E+01
   8.801338E+01   2.718394E+01
   8.801291E+01   2.718338E+01
   8.801312E+01   2.718168E+01
   8.801341E+01   2.717994E+01
   8.801236E+01   2.717808E+01
   8.801317E+01   2.717716E+01
   8.801491E+01   2.717598E+01
   8.801684E+01   2.717415E+01
   8.801788E+01   2.717336E+01
   8.801883E+01   2.717201E+01
   8.801821E+01   2.717102E+01
   8.801676E+01   2.717004E+01
   8.801540E+01   2.716898E+01
   8.801420E+01   2.716707E+01
   8.801279E+01   2.716738E+01
   8.801195E+01   2.716677E+01
   8.801103E+01   2.716621E+01
   8.801125E+01   2.716539E+01
   8.801136E+01   2.716411E+01
   8.801122E+01   2.716171E+01
   8.801072E+01   2.716058E+01
   8.801097E+01   2.715937E+01
   8.800979E+01   2.715835E+01
   8.800947E+01   2.715675E+01
   8.800964E+01   2.715388E+01
   8.800908E+01   2.715216E+01
   8.800935E+01   2.715126E+01
   8.800817E+01   2.714993E+01
   8.800854E+01   2.714937E+01
   8.800829E+01   2.714801E+01
   8.800774E+01   2.714552E+01
   8.800745E+01   2.714431E+01
   8.800687E+01   2.714337E+01
   8.800479E+01   2.714313E+01
   8.800432E+01   2.714177E+01
   8.800358E+01   2.714155E+01
   8.800221E+01   2.714130E+01
   8.800049E+01   2.714015E+01
   8.800053E+01   2.713843E+01
   8.799967E+01   2.713768E+01
   8.799916E+01   2.713634E+01
   8.799966E+01   2.713508E+01
   8.799874E+01   2.713429E+01
   8.799727E+01   2.713315E+01
   8.799615E+01   2.713316E+01
   8.799513E+01   2.713254E+01
   8.799377E+01   2.713234E+01
   8.799277E+01   2.713184E+01
   8.799107E+01   2.713097E+01
   8.799125E+01   2.712920E+01
   8.799069E+01   2.712612E+01
   8.799011E+01   2.712508E+01
   8.798879E+01   2.712393E+01
   8.798868E+01   2.712309E+01
   8.798867E+01   2.712182E+01
   8.798903E+01   2.712102E+01
   8.798738E+01   2.711979E+01
   8.798825E+01   2.711918E+01
   8.798838E+01   2.711811E+01
   8.798918E+01   2.711688E+01
   8.798903E+01   2.711583E+01
   8.798976E+01   2.711410E+01
   8.798952E+01   2.711210E+01
   8.799056E+01   2.711119E+01
   8.799107E+01   2.710974E+01
   8.799067E+01   2.710775E+01
   8.799066E+01   2.710609E+01
   8.796043E+01   2.710002E+01
   8.792547E+01   2.710170E+01
   8.789176E+01   2.709201E+01
   8.784905E+01   2.706013E+01
   8.781324E+01   2.703067E+01
   8.776195E+01   2.701127E+01
   8.773033E+01   2.700418E+01
   8.768687E+01   2.697460E+01
   8.769286E+01   2.692095E+01
   8.768490E+01   2.687932E+01
   8.763548E+01   2.685873E+01
   8.753526E+01   2.689769E+01
   8.753622E+01   2.701515E+01
   8.759985E+01   2.710237E+01
   8.771328E+01   2.718655E+01
   8.774133E+01   2.723011E+01
