   8.703393E+01   2.655802E+01
   8.702652E+01   2.654848E+01
   8.701172E+01   2.653111E+01
   8.699326E+01   2.652400E+01
   8.697930E+01   2.652516E+01
   8.697257E+01   2.652085E+01
   8.696588E+01   2.652242E+01
   8.696220E+01   2.652375E+01
   8.695934E+01   2.652054E+01
   8.695236E+01   2.652094E+01
   8.693762E+01   2.651835E+01
   8.695204E+01   2.662740E+01
   8.702830E+01   2.671520E+01
   8.716455E+01   2.686369E+01
   8.728849E+01   2.687532E+01
   8.730900E+01   2.676848E+01
   8.729645E+01   2.662601E+01
   8.723917E+01   2.641419E+01
   8.723148E+01   2.641374E+01
   8.722843E+01   2.641250E+01
   8.722623E+01   2.641014E+01
   8.722077E+01   2.640576E+01
   8.721797E+01   2.640678E+01
   8.721365E+01   2.640837E+01
   8.721198E+01   2.641087E+01
   8.720143E+01   2.641363E+01
   8.718685E+01   2.641426E+01
   8.718894E+01   2.640575E+01
   8.718002E+01   2.640438E+01
   8.717432E+01   2.640361E+01
   8.717162E+01   2.640335E+01
   8.716308E+01   2.640389E+01
   8.715182E+01   2.640844E+01
   8.714024E+01   2.641434E+01
   8.713137E+01   2.642064E+01
   8.711956E+01   2.642943E+01
   8.710709E+01   2.643874E+01
   8.709855E+01   2.644510E+01
   8.709082E+01   2.645410E+01
   8.708890E+01   2.646396E+01
   8.708710E+01   2.647423E+01
   8.708562E+01   2.648505E+01
   8.708383E+01   2.649788E+01
   8.708216E+01   2.650848E+01
   8.708075E+01   2.651925E+01
   8.707677E+01   2.653494E+01
   8.707266E+01   2.654277E+01
   8.707221E+01   2.656408E+01
   8.707302E+01   2.657818E+01
   8.707116E+01   2.658602E+01
   8.706501E+01   2.658646E+01
   8.705392E+01   2.658680E+01
   8.704330E+01   2.657706E+01
   8.703985E+01   2.656505E+01
   8.703393E+01   2.655802E+01
