   8.643386E+01   2.714882E+01
   8.643619E+01   2.715454E+01
   8.644282E+01   2.716118E+01
   8.644592E+01   2.716281E+01
   8.645624E+01   2.716531E+01
   8.646270E+01   2.716658E+01
   8.646836E+01   2.716841E+01
   8.647105E+01   2.717041E+01
   8.647229E+01   2.717509E+01
   8.647818E+01   2.717897E+01
   8.648473E+01   2.718077E+01
   8.649012E+01   2.718617E+01
   8.649410E+01   2.718680E+01
   8.650103E+01   2.718592E+01
   8.650631E+01   2.718612E+01
   8.651184E+01   2.718729E+01
   8.651604E+01   2.718921E+01
   8.652681E+01   2.719367E+01
   8.652847E+01   2.719766E+01
   8.653035E+01   2.720084E+01
   8.653715E+01   2.720451E+01
   8.653777E+01   2.720676E+01
   8.653838E+01   2.720829E+01
   8.654038E+01   2.720836E+01
   8.654299E+01   2.721034E+01
   8.654406E+01   2.721336E+01
   8.654774E+01   2.721593E+01
   8.654706E+01   2.721793E+01
   8.655024E+01   2.721976E+01
   8.655469E+01   2.721833E+01
   8.655576E+01   2.722052E+01
   8.655272E+01   2.722185E+01
   8.655550E+01   2.722647E+01
   8.655872E+01   2.722648E+01
   8.656124E+01   2.722341E+01
   8.656700E+01   2.722611E+01
   8.657407E+01   2.722669E+01
   8.657457E+01   2.722441E+01
   8.657906E+01   2.722531E+01
   8.658205E+01   2.722740E+01
   8.658415E+01   2.722711E+01
   8.658633E+01   2.722442E+01
   8.659041E+01   2.722489E+01
   8.659460E+01   2.723213E+01
   8.659750E+01   2.723460E+01
   8.659943E+01   2.723319E+01
   8.660679E+01   2.723287E+01
   8.661008E+01   2.723689E+01
   8.661268E+01   2.723617E+01
   8.661736E+01   2.723443E+01
   8.661980E+01   2.723646E+01
   8.661925E+01   2.724292E+01
   8.662156E+01   2.724634E+01
   8.662474E+01   2.724708E+01
   8.662993E+01   2.724778E+01
   8.663329E+01   2.725506E+01
   8.663784E+01   2.725795E+01
   8.664211E+01   2.725808E+01
   8.664652E+01   2.726097E+01
   8.664950E+01   2.726386E+01
   8.665431E+01   2.726296E+01
   8.665723E+01   2.726246E+01
   8.665838E+01   2.726631E+01
   8.665976E+01   2.726872E+01
   8.666678E+01   2.726858E+01
   8.666985E+01   2.727137E+01
   8.667080E+01   2.727320E+01
   8.666899E+01   2.727522E+01
   8.666701E+01   2.727674E+01
   8.666671E+01   2.727806E+01
   8.666910E+01   2.727937E+01
   8.666916E+01   2.728201E+01
   8.666895E+01   2.728455E+01
   8.667268E+01   2.728734E+01
   8.667267E+01   2.728939E+01
   8.667210E+01   2.729108E+01
   8.666944E+01   2.729202E+01
   8.666781E+01   2.729300E+01
   8.666678E+01   2.729635E+01
   8.666779E+01   2.729834E+01
   8.667214E+01   2.730002E+01
   8.667437E+01   2.729902E+01
   8.667720E+01   2.729886E+01
   8.667637E+01   2.730157E+01
   8.667962E+01   2.730509E+01
   8.668301E+01   2.730761E+01
   8.668581E+01   2.731231E+01
   8.668448E+01   2.731401E+01
   8.668243E+01   2.731519E+01
   8.668348E+01   2.731804E+01
   8.668147E+01   2.732062E+01
   8.668182E+01   2.732335E+01
   8.668079E+01   2.732540E+01
   8.668314E+01   2.732750E+01
   8.668331E+01   2.732911E+01
   8.668331E+01   2.733136E+01
   8.668150E+01   2.733363E+01
   8.667958E+01   2.733678E+01
   8.667925E+01   2.733902E+01
   8.667799E+01   2.734267E+01
   8.667916E+01   2.734518E+01
   8.667903E+01   2.734867E+01
   8.667923E+01   2.735171E+01
   8.669158E+01   2.739526E+01
   8.675236E+01   2.739367E+01
   8.675965E+01   2.739999E+01
   8.678776E+01   2.741340E+01
   8.681913E+01   2.743910E+01
   8.682822E+01   2.743579E+01
   8.683763E+01   2.743119E+01
   8.696565E+01   2.732534E+01
   8.697453E+01   2.728905E+01
   8.692185E+01   2.723169E+01
   8.690882E+01   2.712110E+01
   8.695677E+01   2.698825E+01
   8.696565E+01   2.692388E+01
   8.692465E+01   2.690046E+01
   8.677903E+01   2.688462E+01
   8.676008E+01   2.701179E+01
   8.670641E+01   2.707898E+01
   8.667247E+01   2.712143E+01
   8.652211E+01   2.711353E+01
   8.643386E+01   2.714882E+01
