   8.536265E+01   2.766288E+01
   8.536286E+01   2.766285E+01
   8.536313E+01   2.766290E+01
   8.536322E+01   2.766270E+01
   8.536341E+01   2.766244E+01
   8.536331E+01   2.766232E+01
   8.536338E+01   2.766214E+01
   8.536332E+01   2.766205E+01
   8.536321E+01   2.766214E+01
   8.536314E+01   2.766213E+01
   8.536333E+01   2.766177E+01
   8.536364E+01   2.766173E+01
   8.536410E+01   2.766143E+01
   8.536412E+01   2.766129E+01
   8.536427E+01   2.766111E+01
   8.536448E+01   2.766106E+01
   8.536466E+01   2.766107E+01
   8.536479E+01   2.766108E+01
   8.536505E+01   2.766088E+01
   8.536516E+01   2.766068E+01
   8.536504E+01   2.766063E+01
   8.536496E+01   2.766059E+01
   8.536509E+01   2.766056E+01
   8.536565E+01   2.766044E+01
   8.536595E+01   2.766044E+01
   8.536606E+01   2.766025E+01
   8.536625E+01   2.766033E+01
   8.536641E+01   2.766031E+01
   8.536665E+01   2.766008E+01
   8.536675E+01   2.766001E+01
   8.536675E+01   2.765981E+01
   8.536693E+01   2.765978E+01
   8.536737E+01   2.766015E+01
   8.536786E+01   2.766033E+01
   8.536812E+01   2.766064E+01
   8.536825E+01   2.766089E+01
   8.536837E+01   2.766093E+01
   8.536862E+01   2.766092E+01
   8.536880E+01   2.766105E+01
   8.536917E+01   2.766099E+01
   8.536931E+01   2.766093E+01
   8.536925E+01   2.766078E+01
   8.536912E+01   2.766070E+01
   8.536925E+01   2.766052E+01
   8.536971E+01   2.766017E+01
   8.536990E+01   2.766020E+01
   8.536997E+01   2.766007E+01
   8.536987E+01   2.765991E+01
   8.536981E+01   2.765968E+01
   8.536971E+01   2.765963E+01
   8.536987E+01   2.765940E+01
   8.536993E+01   2.765923E+01
   8.536995E+01   2.765904E+01
   8.536971E+01   2.765889E+01
   8.536968E+01   2.765854E+01
   8.536965E+01   2.765831E+01
   8.536986E+01   2.765802E+01
   8.537004E+01   2.765764E+01
   8.536998E+01   2.765752E+01
   8.536993E+01   2.765733E+01
   8.537017E+01   2.765719E+01
   8.537027E+01   2.765668E+01
   8.537013E+01   2.765657E+01
   8.536989E+01   2.765633E+01
   8.537000E+01   2.765613E+01
   8.537014E+01   2.765594E+01
   8.537001E+01   2.765587E+01
   8.536981E+01   2.765593E+01
   8.536952E+01   2.765573E+01
   8.536956E+01   2.765555E+01
   8.536965E+01   2.765516E+01
   8.536989E+01   2.765488E+01
   8.536977E+01   2.765469E+01
   8.537002E+01   2.765435E+01
   8.537031E+01   2.765401E+01
   8.537063E+01   2.765372E+01
   8.537092E+01   2.765366E+01
   8.537120E+01   2.765354E+01
   8.537148E+01   2.765356E+01
   8.537165E+01   2.765381E+01
   8.537183E+01   2.765389E+01
   8.537253E+01   2.765365E+01
   8.537272E+01   2.765363E+01
   8.537290E+01   2.765322E+01
   8.537306E+01   2.765301E+01
   8.537296E+01   2.765284E+01
   8.537310E+01   2.765254E+01
   8.537324E+01   2.765246E+01
   8.537359E+01   2.765232E+01
   8.537407E+01   2.765222E+01
   8.537430E+01   2.765208E+01
   8.537414E+01   2.765175E+01
   8.537433E+01   2.765140E+01
   8.537447E+01   2.765131E+01
   8.537464E+01   2.765144E+01
   8.537483E+01   2.765147E+01
   8.537516E+01   2.765148E+01
   8.537528E+01   2.765140E+01
   8.537533E+01   2.765126E+01
   8.537549E+01   2.765123E+01
   8.537577E+01   2.765112E+01
   8.537631E+01   2.765115E+01
   8.537647E+01   2.765111E+01
   8.537659E+01   2.765090E+01
   8.537678E+01   2.765084E+01
   8.537693E+01   2.765081E+01
   8.537716E+01   2.765081E+01
   8.537751E+01   2.765079E+01
   8.537779E+01   2.765082E+01
   8.537803E+01   2.765082E+01
   8.537819E+01   2.765085E+01
   8.537853E+01   2.765107E+01
   8.537908E+01   2.765095E+01
   8.537918E+01   2.765078E+01
   8.537920E+01   2.765055E+01
   8.537956E+01   2.765040E+01
   8.537983E+01   2.765032E+01
   8.538008E+01   2.765041E+01
   8.538039E+01   2.765033E+01
   8.538058E+01   2.765023E+01
   8.538081E+01   2.765025E+01
   8.538119E+01   2.765016E+01
   8.538183E+01   2.764972E+01
   8.538236E+01   2.764930E+01
   8.538268E+01   2.764920E+01
   8.538312E+01   2.764926E+01
   8.538361E+01   2.764928E+01
   8.538404E+01   2.764911E+01
   8.538439E+01   2.764900E+01
   8.538487E+01   2.764884E+01
   8.538492E+01   2.764865E+01
   8.538503E+01   2.764840E+01
   8.538506E+01   2.764807E+01
   8.538531E+01   2.764772E+01
   8.538560E+01   2.764773E+01
   8.538597E+01   2.764766E+01
   8.538655E+01   2.764769E+01
   8.538744E+01   2.764730E+01
   8.538799E+01   2.764663E+01
   8.538868E+01   2.764616E+01
   8.538907E+01   2.764549E+01
   8.538993E+01   2.764492E+01
   8.539463E+01   2.764105E+01
   8.539787E+01   2.763668E+01
   8.539922E+01   2.763506E+01
   8.540351E+01   2.763052E+01
   8.540593E+01   2.762757E+01
   8.540954E+01   2.762255E+01
   8.546797E+01   2.763925E+01
   8.548224E+01   2.764511E+01
   8.551216E+01   2.770059E+01
   8.550343E+01   2.772423E+01
   8.549999E+01   2.772358E+01
   8.549665E+01   2.772261E+01
   8.549133E+01   2.772095E+01
   8.548631E+01   2.771875E+01
   8.547945E+01   2.771872E+01
   8.547634E+01   2.771747E+01
   8.547526E+01   2.771600E+01
   8.547198E+01   2.771725E+01
   8.546941E+01   2.771988E+01
   8.546457E+01   2.772074E+01
   8.545887E+01   2.772074E+01
   8.545301E+01   2.772239E+01
   8.545097E+01   2.772318E+01
   8.544695E+01   2.772459E+01
   8.544295E+01   2.772481E+01
   8.544023E+01   2.772708E+01
   8.543849E+01   2.772831E+01
   8.543593E+01   2.772754E+01
   8.543463E+01   2.772763E+01
   8.543241E+01   2.772666E+01
   8.543063E+01   2.772516E+01
   8.542901E+01   2.772549E+01
   8.542722E+01   2.772410E+01
   8.542374E+01   2.772366E+01
   8.542141E+01   2.772407E+01
   8.542080E+01   2.772050E+01
   8.541898E+01   2.772041E+01
   8.541675E+01   2.772028E+01
   8.541524E+01   2.771944E+01
   8.541561E+01   2.771690E+01
   8.541237E+01   2.771753E+01
   8.541040E+01   2.771697E+01
   8.541131E+01   2.771391E+01
   8.541121E+01   2.771176E+01
   8.540354E+01   2.770843E+01
   8.539917E+01   2.770530E+01
   8.539564E+01   2.770113E+01
   8.539330E+01   2.770254E+01
   8.538987E+01   2.770264E+01
   8.538857E+01   2.770011E+01
   8.538866E+01   2.769670E+01
   8.538522E+01   2.769644E+01
   8.538481E+01   2.769278E+01
   8.538214E+01   2.769434E+01
   8.537811E+01   2.769336E+01
   8.537555E+01   2.769438E+01
   8.537572E+01   2.769120E+01
   8.537363E+01   2.769170E+01
   8.537118E+01   2.768991E+01
   8.536810E+01   2.768877E+01
   8.536378E+01   2.768586E+01
   8.536151E+01   2.768316E+01
   8.535893E+01   2.768209E+01
   8.535620E+01   2.768151E+01
   8.535504E+01   2.767766E+01
   8.535469E+01   2.767367E+01
   8.535286E+01   2.767104E+01
   8.535208E+01   2.766801E+01
   8.535393E+01   2.766802E+01
   8.535553E+01   2.766785E+01
   8.535832E+01   2.766874E+01
   8.535961E+01   2.766934E+01
   8.536039E+01   2.766925E+01
   8.536166E+01   2.766769E+01
   8.536202E+01   2.766682E+01
   8.536278E+01   2.766695E+01
   8.536289E+01   2.766675E+01
   8.536254E+01   2.766591E+01
   8.536302E+01   2.766563E+01
   8.536339E+01   2.766489E+01
   8.536332E+01   2.766412E+01
   8.536317E+01   2.766372E+01
   8.536288E+01   2.766357E+01
   8.536282E+01   2.766331E+01
   8.536242E+01   2.766312E+01
   8.536193E+01   2.766331E+01
   8.536164E+01   2.766333E+01
   8.536145E+01   2.766314E+01
   8.536153E+01   2.766225E+01
   8.536139E+01   2.766183E+01
   8.536095E+01   2.766180E+01
   8.536159E+01   2.766107E+01
   8.536205E+01   2.766181E+01
   8.536232E+01   2.766282E+01
