   8.735923E+01   2.685030E+01
   8.730900E+01   2.669783E+01
   8.728933E+01   2.657436E+01
   8.724439E+01   2.641426E+01
   8.724980E+01   2.640936E+01
   8.726069E+01   2.640942E+01
   8.726546E+01   2.639543E+01
   8.726427E+01   2.638768E+01
   8.726583E+01   2.637396E+01
   8.727338E+01   2.637270E+01
   8.728299E+01   2.637275E+01
   8.729246E+01   2.637176E+01
   8.730109E+01   2.636631E+01
   8.730940E+01   2.637017E+01
   8.731327E+01   2.636774E+01
   8.731763E+01   2.636391E+01
   8.732323E+01   2.635935E+01
   8.733578E+01   2.635240E+01
   8.733927E+01   2.634869E+01
   8.734327E+01   2.634899E+01
   8.734783E+01   2.635176E+01
   8.735627E+01   2.636536E+01
   8.735427E+01   2.637734E+01
   8.735727E+01   2.638999E+01
   8.735924E+01   2.639353E+01
   8.736485E+01   2.640250E+01
   8.737946E+01   2.641034E+01
   8.738843E+01   2.641913E+01
   8.740777E+01   2.642131E+01
   8.742431E+01   2.642261E+01
   8.743663E+01   2.642865E+01
   8.744321E+01   2.643312E+01
   8.745586E+01   2.643713E+01
   8.746649E+01   2.644028E+01
   8.747952E+01   2.643787E+01
   8.748897E+01   2.643678E+01
   8.750186E+01   2.643410E+01
   8.751608E+01   2.643087E+01
   8.751780E+01   2.642949E+01
   8.752947E+01   2.642382E+01
   8.753702E+01   2.642103E+01
   8.754751E+01   2.641848E+01
   8.755145E+01   2.640904E+01
   8.755847E+01   2.640314E+01
   8.756892E+01   2.639807E+01
   8.757339E+01   2.639615E+01
   8.758270E+01   2.639379E+01
   8.758600E+01   2.638982E+01
   8.759394E+01   2.638169E+01
   8.759757E+01   2.638138E+01
   8.760476E+01   2.638052E+01
   8.760752E+01   2.638202E+01
   8.761115E+01   2.638874E+01
   8.762015E+01   2.639214E+01
   8.763684E+01   2.639389E+01
   8.765707E+01   2.647846E+01
   8.764074E+01   2.658257E+01
   8.764284E+01   2.667574E+01
   8.767736E+01   2.678328E+01
   8.765999E+01   2.681162E+01
   8.762125E+01   2.683972E+01
   8.753671E+01   2.686150E+01
   8.737807E+01   2.685478E+01
