   8.490652E+01   2.769755E+01
   8.492108E+01   2.768934E+01
   8.493922E+01   2.768596E+01
   8.495048E+01   2.768328E+01
   8.496852E+01   2.769103E+01
   8.497620E+01   2.769430E+01
   8.498863E+01   2.770349E+01
   8.499971E+01   2.770470E+01
   8.501210E+01   2.770620E+01
   8.502360E+01   2.770226E+01
   8.503196E+01   2.769619E+01
   8.503620E+01   2.769975E+01
   8.503984E+01   2.770421E+01
   8.504310E+01   2.768955E+01
   8.505839E+01   2.769604E+01
   8.506519E+01   2.769577E+01
   8.507661E+01   2.770808E+01
   8.508905E+01   2.771114E+01
   8.510264E+01   2.770406E+01
   8.511257E+01   2.769909E+01
   8.513148E+01   2.768103E+01
   8.513980E+01   2.767368E+01
   8.515125E+01   2.767001E+01
   8.516194E+01   2.767024E+01
   8.518797E+01   2.768131E+01
   8.519225E+01   2.768564E+01
   8.519410E+01   2.769358E+01
   8.519424E+01   2.769642E+01
   8.519755E+01   2.770685E+01
   8.519684E+01   2.770936E+01
   8.519874E+01   2.770934E+01
   8.520039E+01   2.770907E+01
   8.519942E+01   2.771167E+01
   8.520142E+01   2.771346E+01
   8.519926E+01   2.771425E+01
   8.519890E+01   2.771591E+01
   8.519801E+01   2.771694E+01
   8.520068E+01   2.771747E+01
   8.520165E+01   2.772008E+01
   8.520302E+01   2.772066E+01
   8.520539E+01   2.771914E+01
   8.520737E+01   2.771976E+01
   8.520798E+01   2.772254E+01
   8.520880E+01   2.772311E+01
   8.521429E+01   2.772175E+01
   8.521873E+01   2.772339E+01
   8.522094E+01   2.772746E+01
   8.522154E+01   2.773036E+01
   8.521918E+01   2.773439E+01
   8.521605E+01   2.773521E+01
   8.521853E+01   2.773661E+01
   8.522388E+01   2.773815E+01
   8.523173E+01   2.774142E+01
   8.523783E+01   2.774584E+01
   8.524916E+01   2.774640E+01
   8.525344E+01   2.774854E+01
   8.525521E+01   2.774543E+01
   8.525852E+01   2.774531E+01
   8.526585E+01   2.774628E+01
   8.526933E+01   2.775002E+01
   8.526940E+01   2.775629E+01
   8.526908E+01   2.776313E+01
   8.526638E+01   2.776459E+01
   8.526362E+01   2.776745E+01
   8.526278E+01   2.777190E+01
   8.525837E+01   2.777316E+01
   8.525683E+01   2.777398E+01
   8.525446E+01   2.777450E+01
   8.525320E+01   2.777460E+01
   8.519257E+01   2.777272E+01
   8.517697E+01   2.777097E+01
   8.514704E+01   2.776764E+01
   8.513659E+01   2.776648E+01
   8.511499E+01   2.777582E+01
   8.501648E+01   2.782769E+01
   8.501505E+01   2.783238E+01
   8.500753E+01   2.783940E+01
   8.500526E+01   2.784790E+01
   8.500494E+01   2.785119E+01
   8.499969E+01   2.785320E+01
   8.500014E+01   2.785518E+01
   8.499243E+01   2.785510E+01
   8.498886E+01   2.785893E+01
   8.499140E+01   2.786011E+01
   8.498993E+01   2.786240E+01
   8.499039E+01   2.786467E+01
   8.499154E+01   2.786727E+01
   8.499392E+01   2.787069E+01
   8.499437E+01   2.787692E+01
   8.499298E+01   2.787901E+01
   8.499207E+01   2.788080E+01
   8.499144E+01   2.788268E+01
   8.498864E+01   2.788576E+01
   8.499271E+01   2.788881E+01
   8.499234E+01   2.789266E+01
   8.500136E+01   2.791263E+01
   8.501665E+01   2.794537E+01
   8.501033E+01   2.795123E+01
   8.500758E+01   2.795079E+01
   8.501477E+01   2.795952E+01
   8.501757E+01   2.796509E+01
   8.502877E+01   2.797234E+01
   8.502858E+01   2.798111E+01
   8.503036E+01   2.798903E+01
   8.501992E+01   2.799790E+01
   8.500255E+01   2.799975E+01
   8.500093E+01   2.800804E+01
   8.499065E+01   2.802108E+01
   8.498926E+01   2.802899E+01
   8.499564E+01   2.802589E+01
   8.500865E+01   2.802702E+01
   8.502256E+01   2.803070E+01
   8.504016E+01   2.803634E+01
   8.506027E+01   2.806757E+01
   8.508126E+01   2.806696E+01
   8.509942E+01   2.807315E+01
   8.511363E+01   2.807700E+01
   8.512028E+01   2.808986E+01
   8.511947E+01   2.810508E+01
   8.513423E+01   2.810967E+01
   8.515106E+01   2.811813E+01
   8.515795E+01   2.813175E+01
   8.516153E+01   2.814431E+01
   8.517183E+01   2.816324E+01
   8.519585E+01   2.816846E+01
   8.520016E+01   2.817911E+01
   8.520064E+01   2.819050E+01
   8.520344E+01   2.819723E+01
   8.519354E+01   2.821694E+01
   8.519427E+01   2.824590E+01
   8.519165E+01   2.826531E+01
   8.518578E+01   2.827180E+01
   8.517201E+01   2.827137E+01
   8.515903E+01   2.828107E+01
   8.514362E+01   2.829863E+01
   8.512292E+01   2.832088E+01
   8.511762E+01   2.833802E+01
   8.509629E+01   2.834422E+01
   8.505120E+01   2.832418E+01
   8.502327E+01   2.826041E+01
   8.500127E+01   2.825332E+01
   8.499726E+01   2.823986E+01
   8.498634E+01   2.823944E+01
   8.497607E+01   2.822461E+01
   8.496383E+01   2.821744E+01
   8.496271E+01   2.820733E+01
   8.497050E+01   2.819346E+01
   8.496724E+01   2.818489E+01
   8.496155E+01   2.816689E+01
   8.495845E+01   2.815758E+01
   8.495556E+01   2.814602E+01
   8.495638E+01   2.813967E+01
   8.495648E+01   2.813252E+01
   8.495403E+01   2.812433E+01
   8.493996E+01   2.812425E+01
   8.492888E+01   2.812630E+01
   8.492363E+01   2.811965E+01
   8.492228E+01   2.811806E+01
   8.492063E+01   2.811613E+01
   8.491996E+01   2.811520E+01
   8.492061E+01   2.811223E+01
   8.492099E+01   2.810982E+01
   8.492144E+01   2.810848E+01
   8.492133E+01   2.810730E+01
   8.492114E+01   2.810599E+01
   8.491939E+01   2.810509E+01
   8.491800E+01   2.810354E+01
   8.491616E+01   2.810287E+01
   8.491483E+01   2.810278E+01
   8.491344E+01   2.810303E+01
   8.491210E+01   2.810347E+01
   8.490972E+01   2.810456E+01
   8.490799E+01   2.810480E+01
   8.490575E+01   2.810504E+01
   8.490281E+01   2.810554E+01
   8.490064E+01   2.810678E+01
   8.489684E+01   2.810467E+01
   8.489515E+01   2.810296E+01
   8.489286E+01   2.810094E+01
   8.489231E+01   2.810009E+01
   8.489011E+01   2.810275E+01
   8.488786E+01   2.810391E+01
   8.488672E+01   2.810473E+01
   8.488515E+01   2.810579E+01
   8.488526E+01   2.810701E+01
   8.488442E+01   2.810842E+01
   8.488336E+01   2.811028E+01
   8.488169E+01   2.811210E+01
   8.487999E+01   2.811342E+01
   8.487813E+01   2.811381E+01
   8.487578E+01   2.811535E+01
   8.487291E+01   2.811673E+01
   8.487187E+01   2.811756E+01
   8.487103E+01   2.811840E+01
   8.487037E+01   2.811965E+01
   8.486871E+01   2.812070E+01
   8.486561E+01   2.812085E+01
   8.486288E+01   2.812170E+01
   8.486065E+01   2.812129E+01
   8.485937E+01   2.812074E+01
   8.485856E+01   2.812038E+01
   8.485655E+01   2.812177E+01
   8.485426E+01   2.812255E+01
   8.485205E+01   2.812068E+01
   8.484946E+01   2.811866E+01
   8.484424E+01   2.811683E+01
   8.484229E+01   2.811520E+01
   8.484210E+01   2.811355E+01
   8.484257E+01   2.811142E+01
   8.484020E+01   2.810909E+01
   8.483851E+01   2.810708E+01
   8.483718E+01   2.810465E+01
   8.483717E+01   2.810247E+01
   8.483752E+01   2.809995E+01
   8.483690E+01   2.809814E+01
   8.483589E+01   2.809348E+01
   8.483136E+01   2.808746E+01
   8.482814E+01   2.807686E+01
   8.482526E+01   2.807113E+01
   8.482176E+01   2.806424E+01
   8.482079E+01   2.806327E+01
   8.482056E+01   2.806109E+01
   8.482097E+01   2.805987E+01
   8.482097E+01   2.805746E+01
   8.481992E+01   2.805584E+01
   8.481824E+01   2.805329E+01
   8.481807E+01   2.804724E+01
   8.481043E+01   2.803997E+01
   8.480878E+01   2.803634E+01
   8.481187E+01   2.803265E+01
   8.481304E+01   2.802750E+01
   8.481296E+01   2.802328E+01
   8.480963E+01   2.801433E+01
   8.481109E+01   2.800280E+01
   8.480513E+01   2.800087E+01
   8.480102E+01   2.800060E+01
   8.479715E+01   2.800245E+01
   8.479684E+01   2.799792E+01
   8.478838E+01   2.799628E+01
   8.478584E+01   2.798816E+01
   8.478428E+01   2.798329E+01
   8.477756E+01   2.798042E+01
   8.477612E+01   2.797738E+01
   8.477192E+01   2.797766E+01
   8.477472E+01   2.797416E+01
   8.476730E+01   2.796748E+01
   8.475681E+01   2.796309E+01
   8.474564E+01   2.795326E+01
   8.473943E+01   2.794081E+01
   8.473403E+01   2.793130E+01
   8.473247E+01   2.792698E+01
   8.473245E+01   2.792494E+01
   8.473438E+01   2.791711E+01
   8.473321E+01   2.790734E+01
   8.473778E+01   2.789659E+01
   8.473954E+01   2.788986E+01
   8.474571E+01   2.788069E+01
   8.475138E+01   2.787624E+01
   8.475490E+01   2.786686E+01
   8.475772E+01   2.786057E+01
   8.476500E+01   2.785988E+01
   8.476598E+01   2.785303E+01
   8.476779E+01   2.784863E+01
   8.476733E+01   2.784438E+01
   8.477076E+01   2.784131E+01
   8.477232E+01   2.783825E+01
   8.477564E+01   2.783640E+01
   8.477317E+01   2.782971E+01
   8.477802E+01   2.781852E+01
   8.477526E+01   2.780844E+01
   8.477001E+01   2.781441E+01
   8.475629E+01   2.781230E+01
   8.474704E+01   2.780580E+01
   8.473770E+01   2.780325E+01
   8.472639E+01   2.780042E+01
   8.471471E+01   2.780120E+01
   8.470772E+01   2.780659E+01
   8.469539E+01   2.780874E+01
   8.468805E+01   2.781053E+01
   8.466720E+01   2.781866E+01
   8.466513E+01   2.782595E+01
   8.464796E+01   2.782205E+01
   8.463904E+01   2.782212E+01
   8.461824E+01   2.781007E+01
   8.461886E+01   2.780900E+01
   8.462042E+01   2.780915E+01
   8.462206E+01   2.780930E+01
   8.462404E+01   2.780964E+01
   8.462487E+01   2.780940E+01
   8.462595E+01   2.780847E+01
   8.462671E+01   2.780780E+01
   8.462845E+01   2.780761E+01
   8.462978E+01   2.780803E+01
   8.463036E+01   2.780761E+01
   8.463090E+01   2.780680E+01
   8.463219E+01   2.780654E+01
   8.463278E+01   2.780726E+01
   8.463370E+01   2.780752E+01
   8.463416E+01   2.780701E+01
   8.463473E+01   2.780670E+01
   8.463510E+01   2.780714E+01
   8.463552E+01   2.780730E+01
   8.463592E+01   2.780680E+01
   8.463669E+01   2.780643E+01
   8.463769E+01   2.780620E+01
   8.463822E+01   2.780550E+01
   8.463953E+01   2.780409E+01
   8.464044E+01   2.780356E+01
   8.464147E+01   2.780287E+01
   8.464240E+01   2.780198E+01
   8.464351E+01   2.780139E+01
   8.464417E+01   2.780053E+01
   8.464555E+01   2.780036E+01
   8.464608E+01   2.780019E+01
   8.464604E+01   2.779972E+01
   8.464528E+01   2.779928E+01
   8.464498E+01   2.779871E+01
   8.464536E+01   2.779773E+01
   8.464550E+01   2.779667E+01
   8.464512E+01   2.779561E+01
   8.464539E+01   2.779428E+01
   8.464316E+01   2.779325E+01
   8.464118E+01   2.779302E+01
   8.464011E+01   2.779302E+01
   8.463882E+01   2.779360E+01
   8.463758E+01   2.779466E+01
   8.463769E+01   2.778308E+01
   8.466190E+01   2.778124E+01
   8.466848E+01   2.776626E+01
   8.468144E+01   2.775958E+01
   8.467954E+01   2.775057E+01
   8.467511E+01   2.774353E+01
   8.467537E+01   2.773035E+01
   8.468229E+01   2.772814E+01
   8.468842E+01   2.772547E+01
   8.470035E+01   2.772719E+01
   8.471166E+01   2.772719E+01
   8.472473E+01   2.772964E+01
   8.474398E+01   2.773390E+01
   8.475764E+01   2.773501E+01
   8.477549E+01   2.772060E+01
   8.478793E+01   2.771529E+01
   8.479297E+01   2.770032E+01
   8.478621E+01   2.769185E+01
   8.479683E+01   2.768371E+01
   8.480147E+01   2.767294E+01
   8.481837E+01   2.768261E+01
   8.485288E+01   2.768638E+01
   8.488232E+01   2.766978E+01
   8.489684E+01   2.768672E+01
