   8.091173E+01   2.944403E+01
   8.090764E+01   2.944175E+01
   8.090822E+01   2.943933E+01
   8.090285E+01   2.943759E+01
   8.090030E+01   2.943409E+01
   8.089564E+01   2.943115E+01
   8.089074E+01   2.942392E+01
   8.088381E+01   2.942185E+01
   8.087720E+01   2.941570E+01
   8.087000E+01   2.941163E+01
   8.086563E+01   2.941284E+01
   8.085989E+01   2.940955E+01
   8.085242E+01   2.940831E+01
   8.085223E+01   2.940487E+01
   8.085627E+01   2.940187E+01
   8.085965E+01   2.939547E+01
   8.085214E+01   2.937735E+01
   8.084478E+01   2.937571E+01
   8.083784E+01   2.938019E+01
   8.083423E+01   2.938093E+01
   8.082655E+01   2.937092E+01
   8.081698E+01   2.936682E+01
   8.080718E+01   2.936538E+01
   8.079502E+01   2.936614E+01
   8.078222E+01   2.936592E+01
   8.077368E+01   2.936320E+01
   8.076866E+01   2.935725E+01
   8.076502E+01   2.936288E+01
   8.076190E+01   2.936199E+01
   8.076229E+01   2.935338E+01
   8.076039E+01   2.934876E+01
   8.075738E+01   2.934553E+01
   8.076244E+01   2.933641E+01
   8.076258E+01   2.932582E+01
   8.076839E+01   2.932373E+01
   8.077647E+01   2.931465E+01
   8.077217E+01   2.930386E+01
   8.076968E+01   2.930248E+01
   8.076673E+01   2.930190E+01
   8.076474E+01   2.930517E+01
   8.075982E+01   2.930682E+01
   8.075459E+01   2.930850E+01
   8.075125E+01   2.930673E+01
   8.074967E+01   2.930443E+01
   8.074451E+01   2.930197E+01
   8.073932E+01   2.930261E+01
   8.073727E+01   2.929863E+01
   8.073429E+01   2.929819E+01
   8.073557E+01   2.929680E+01
   8.073507E+01   2.929596E+01
   8.073248E+01   2.929427E+01
   8.073550E+01   2.929008E+01
   8.073954E+01   2.928838E+01
   8.074641E+01   2.928242E+01
   8.074362E+01   2.927460E+01
   8.075599E+01   2.926974E+01
   8.075624E+01   2.926813E+01
   8.075665E+01   2.926748E+01
   8.075633E+01   2.926704E+01
   8.075478E+01   2.926715E+01
   8.075444E+01   2.926644E+01
   8.075464E+01   2.926559E+01
   8.075484E+01   2.926450E+01
   8.075377E+01   2.926513E+01
   8.075355E+01   2.926468E+01
   8.075372E+01   2.926345E+01
   8.075260E+01   2.926225E+01
   8.075167E+01   2.926077E+01
   8.075117E+01   2.925961E+01
   8.075077E+01   2.925847E+01
   8.074856E+01   2.925627E+01
   8.074847E+01   2.925524E+01
   8.074690E+01   2.925492E+01
   8.074287E+01   2.925203E+01
   8.074134E+01   2.924921E+01
   8.073708E+01   2.924849E+01
   8.073778E+01   2.924711E+01
   8.073959E+01   2.924534E+01
   8.073418E+01   2.924315E+01
   8.072733E+01   2.923912E+01
   8.072414E+01   2.923616E+01
   8.072166E+01   2.923515E+01
   8.071963E+01   2.923605E+01
   8.070694E+01   2.923156E+01
   8.070625E+01   2.922358E+01
   8.070496E+01   2.921380E+01
   8.070662E+01   2.921090E+01
   8.070544E+01   2.919675E+01
   8.069967E+01   2.919442E+01
   8.068710E+01   2.919073E+01
   8.067807E+01   2.919114E+01
   8.067339E+01   2.918584E+01
   8.066475E+01   2.918274E+01
   8.065276E+01   2.918052E+01
   8.064510E+01   2.917830E+01
   8.063817E+01   2.917774E+01
   8.063069E+01   2.917600E+01
   8.062016E+01   2.918067E+01
   8.061175E+01   2.917663E+01
   8.060636E+01   2.917323E+01
   8.060425E+01   2.916983E+01
   8.060094E+01   2.917013E+01
   8.059480E+01   2.916758E+01
   8.059123E+01   2.915776E+01
   8.059427E+01   2.915438E+01
   8.059147E+01   2.914995E+01
   8.058683E+01   2.914699E+01
   8.057469E+01   2.914553E+01
   8.056692E+01   2.914484E+01
   8.056496E+01   2.914007E+01
   8.056663E+01   2.913473E+01
   8.057189E+01   2.912972E+01
   8.057054E+01   2.912457E+01
   8.056718E+01   2.912077E+01
   8.056206E+01   2.911851E+01
   8.055655E+01   2.911687E+01
   8.055373E+01   2.911531E+01
   8.054975E+01   2.911375E+01
   8.054689E+01   2.911147E+01
   8.054191E+01   2.910985E+01
   8.053451E+01   2.910687E+01
   8.052784E+01   2.910631E+01
   8.052636E+01   2.910353E+01
   8.052802E+01   2.909892E+01
   8.053016E+01   2.909354E+01
   8.053370E+01   2.908896E+01
   8.054138E+01   2.908352E+01
   8.055881E+01   2.907634E+01
   8.056118E+01   2.906981E+01
   8.057019E+01   2.906529E+01
   8.057280E+01   2.906238E+01
   8.057760E+01   2.905928E+01
   8.058300E+01   2.905945E+01
   8.058834E+01   2.905543E+01
   8.059091E+01   2.905300E+01
   8.060756E+01   2.904911E+01
   8.061189E+01   2.905755E+01
   8.061603E+01   2.905919E+01
   8.062371E+01   2.904902E+01
   8.063138E+01   2.904245E+01
   8.064665E+01   2.902711E+01
   8.065649E+01   2.902213E+01
   8.066289E+01   2.902050E+01
   8.067125E+01   2.901811E+01
   8.067654E+01   2.901898E+01
   8.067906E+01   2.901536E+01
   8.068763E+01   2.901407E+01
   8.069814E+01   2.901190E+01
   8.071764E+01   2.901084E+01
   8.072319E+01   2.901053E+01
   8.074016E+01   2.901021E+01
   8.075392E+01   2.900262E+01
   8.076340E+01   2.899977E+01
   8.076038E+01   2.899001E+01
   8.077562E+01   2.898574E+01
   8.079181E+01   2.897901E+01
   8.080492E+01   2.895962E+01
   8.080549E+01   2.894409E+01
   8.081484E+01   2.893967E+01
   8.082035E+01   2.893102E+01
   8.082913E+01   2.893626E+01
   8.083440E+01   2.894393E+01
   8.083783E+01   2.894729E+01
   8.083709E+01   2.895465E+01
   8.084345E+01   2.896521E+01
   8.085124E+01   2.897595E+01
   8.086316E+01   2.897380E+01
   8.088158E+01   2.896763E+01
   8.088523E+01   2.895812E+01
   8.088034E+01   2.894452E+01
   8.088964E+01   2.894069E+01
   8.089633E+01   2.894218E+01
   8.090188E+01   2.893626E+01
   8.091065E+01   2.893194E+01
   8.092436E+01   2.894184E+01
   8.095823E+01   2.893664E+01
   8.098324E+01   2.894263E+01
   8.099965E+01   2.895571E+01
   8.101927E+01   2.895239E+01
   8.104683E+01   2.897565E+01
   8.109067E+01   2.896781E+01
   8.110208E+01   2.897097E+01
   8.110580E+01   2.897770E+01
   8.112832E+01   2.897979E+01
   8.113511E+01   2.898831E+01
   8.114295E+01   2.898991E+01
   8.115005E+01   2.900620E+01
   8.114480E+01   2.901534E+01
   8.114468E+01   2.903262E+01
   8.113959E+01   2.903869E+01
   8.113159E+01   2.905198E+01
   8.112709E+01   2.906182E+01
   8.112090E+01   2.907364E+01
   8.112549E+01   2.907457E+01
   8.111110E+01   2.908416E+01
   8.110915E+01   2.909326E+01
   8.110971E+01   2.909760E+01
   8.110326E+01   2.909985E+01
   8.109985E+01   2.910270E+01
   8.109308E+01   2.910889E+01
   8.108280E+01   2.912016E+01
   8.107315E+01   2.912773E+01
   8.107243E+01   2.913335E+01
   8.106501E+01   2.913593E+01
   8.106495E+01   2.914598E+01
   8.105827E+01   2.915275E+01
   8.105340E+01   2.916198E+01
   8.104868E+01   2.916376E+01
   8.104875E+01   2.917081E+01
   8.104414E+01   2.918176E+01
   8.104124E+01   2.918562E+01
   8.103278E+01   2.918610E+01
   8.102668E+01   2.919271E+01
   8.102691E+01   2.919564E+01
   8.103555E+01   2.919903E+01
   8.104800E+01   2.919794E+01
   8.107359E+01   2.920195E+01
   8.109079E+01   2.921511E+01
   8.111324E+01   2.922737E+01
   8.111078E+01   2.924203E+01
   8.109814E+01   2.925403E+01
   8.110242E+01   2.926704E+01
   8.111160E+01   2.928446E+01
   8.112284E+01   2.930086E+01
   8.113573E+01   2.930522E+01
   8.113630E+01   2.932122E+01
   8.114080E+01   2.933402E+01
   8.114250E+01   2.934315E+01
   8.114700E+01   2.935690E+01
   8.115240E+01   2.936483E+01
   8.115697E+01   2.938457E+01
   8.117117E+01   2.938882E+01
   8.118467E+01   2.939692E+01
   8.118538E+01   2.940604E+01
   8.116225E+01   2.939453E+01
   8.113947E+01   2.939339E+01
   8.112865E+01   2.940450E+01
   8.112302E+01   2.939595E+01
   8.110953E+01   2.939955E+01
   8.109256E+01   2.940776E+01
   8.107863E+01   2.940757E+01
   8.106746E+01   2.940675E+01
   8.105160E+01   2.940802E+01
   8.103204E+01   2.941241E+01
   8.102150E+01   2.942129E+01
   8.099842E+01   2.941203E+01
   8.095685E+01   2.940089E+01
   8.093490E+01   2.940339E+01
   8.092683E+01   2.942301E+01
   8.091563E+01   2.943279E+01
   8.091173E+01   2.944403E+01
