   8.148725E+01   2.917317E+01
   8.149492E+01   2.916934E+01
   8.149615E+01   2.915894E+01
   8.149894E+01   2.915244E+01
   8.151060E+01   2.915212E+01
   8.152491E+01   2.915308E+01
   8.153323E+01   2.914643E+01
   8.153589E+01   2.913636E+01
   8.155788E+01   2.912796E+01
   8.155546E+01   2.912294E+01
   8.154734E+01   2.910129E+01
   8.156412E+01   2.909017E+01
   8.156556E+01   2.907884E+01
   8.156354E+01   2.906271E+01
   8.156923E+01   2.905272E+01
   8.158345E+01   2.904897E+01
   8.159436E+01   2.904569E+01
   8.160249E+01   2.904308E+01
   8.160763E+01   2.903768E+01
   8.161428E+01   2.903531E+01
   8.162341E+01   2.904225E+01
   8.163706E+01   2.904237E+01
   8.165766E+01   2.904068E+01
   8.167924E+01   2.904655E+01
   8.169050E+01   2.904907E+01
   8.169750E+01   2.904098E+01
   8.169989E+01   2.903507E+01
   8.171310E+01   2.902914E+01
   8.171459E+01   2.902085E+01
   8.172308E+01   2.902013E+01
   8.172995E+01   2.902161E+01
   8.173824E+01   2.901821E+01
   8.174167E+01   2.901354E+01
   8.175183E+01   2.901018E+01
   8.176736E+01   2.901895E+01
   8.177314E+01   2.901769E+01
   8.178252E+01   2.901831E+01
   8.179098E+01   2.901237E+01
   8.179487E+01   2.901324E+01
   8.179437E+01   2.900840E+01
   8.179658E+01   2.900269E+01
   8.180791E+01   2.899478E+01
   8.181363E+01   2.899212E+01
   8.181869E+01   2.898618E+01
   8.182340E+01   2.898367E+01
   8.182982E+01   2.898498E+01
   8.183508E+01   2.898165E+01
   8.184334E+01   2.897895E+01
   8.185584E+01   2.897221E+01
   8.187372E+01   2.897147E+01
   8.188117E+01   2.897603E+01
   8.189272E+01   2.898235E+01
   8.190089E+01   2.898201E+01
   8.190961E+01   2.898683E+01
   8.192058E+01   2.897765E+01
   8.195875E+01   2.898592E+01
   8.197523E+01   2.899772E+01
   8.199098E+01   2.901328E+01
   8.201098E+01   2.903150E+01
   8.201163E+01   2.905575E+01
   8.201642E+01   2.907510E+01
   8.201434E+01   2.909501E+01
   8.197703E+01   2.911012E+01
   8.195615E+01   2.912920E+01
   8.194753E+01   2.914430E+01
   8.193302E+01   2.915446E+01
   8.189283E+01   2.917274E+01
   8.190972E+01   2.919522E+01
   8.190494E+01   2.920757E+01
   8.189675E+01   2.921307E+01
   8.188984E+01   2.921860E+01
   8.188625E+01   2.922048E+01
   8.187341E+01   2.922709E+01
   8.186721E+01   2.922684E+01
   8.184817E+01   2.924499E+01
   8.184624E+01   2.926653E+01
   8.187396E+01   2.927225E+01
   8.188008E+01   2.927386E+01
   8.187923E+01   2.927828E+01
   8.187980E+01   2.928167E+01
   8.188323E+01   2.928773E+01
   8.189664E+01   2.929881E+01
   8.189745E+01   2.930784E+01
   8.190264E+01   2.931346E+01
   8.190570E+01   2.931955E+01
   8.191799E+01   2.932492E+01
   8.192982E+01   2.933334E+01
   8.193024E+01   2.933890E+01
   8.192871E+01   2.934241E+01
   8.192473E+01   2.935425E+01
   8.192628E+01   2.937958E+01
   8.193027E+01   2.939386E+01
   8.192767E+01   2.940274E+01
   8.193006E+01   2.941594E+01
   8.192279E+01   2.944476E+01
   8.188459E+01   2.944374E+01
   8.185868E+01   2.945924E+01
   8.183667E+01   2.946051E+01
   8.182344E+01   2.945515E+01
   8.180776E+01   2.945366E+01
   8.180355E+01   2.944976E+01
   8.180513E+01   2.943913E+01
   8.179937E+01   2.942706E+01
   8.179682E+01   2.941434E+01
   8.179747E+01   2.940691E+01
   8.179239E+01   2.939820E+01
   8.178960E+01   2.938982E+01
   8.177173E+01   2.939090E+01
   8.176636E+01   2.939062E+01
   8.176135E+01   2.938682E+01
   8.175769E+01   2.938203E+01
   8.174873E+01   2.936350E+01
   8.174998E+01   2.935373E+01
   8.175056E+01   2.934918E+01
   8.174847E+01   2.934746E+01
   8.174678E+01   2.934642E+01
   8.174654E+01   2.934425E+01
   8.174733E+01   2.932914E+01
   8.172251E+01   2.933210E+01
   8.170233E+01   2.933036E+01
   8.168270E+01   2.931918E+01
   8.167297E+01   2.931819E+01
   8.166400E+01   2.931923E+01
   8.165447E+01   2.932107E+01
   8.164632E+01   2.932311E+01
   8.164186E+01   2.933255E+01
   8.164221E+01   2.935233E+01
   8.163808E+01   2.935676E+01
   8.162698E+01   2.936594E+01
   8.161803E+01   2.937067E+01
   8.160416E+01   2.936726E+01
   8.158384E+01   2.936524E+01
   8.157745E+01   2.936298E+01
   8.157022E+01   2.935050E+01
   8.156030E+01   2.935291E+01
   8.155382E+01   2.935361E+01
   8.154974E+01   2.934302E+01
   8.153925E+01   2.933106E+01
   8.152953E+01   2.932634E+01
   8.152657E+01   2.931953E+01
   8.152447E+01   2.931723E+01
   8.151785E+01   2.931469E+01
   8.150792E+01   2.931453E+01
   8.150096E+01   2.929828E+01
   8.148879E+01   2.928787E+01
   8.148051E+01   2.927794E+01
   8.148726E+01   2.926531E+01
   8.149422E+01   2.925610E+01
   8.149899E+01   2.924049E+01
   8.148532E+01   2.922221E+01
   8.148063E+01   2.920292E+01
   8.148346E+01   2.919428E+01
   8.149037E+01   2.918155E+01
   8.148725E+01   2.917317E+01
