   8.321248E+01   2.775948E+01
   8.320123E+01   2.776014E+01
   8.318636E+01   2.775371E+01
   8.316844E+01   2.775795E+01
   8.315815E+01   2.775828E+01
   8.314208E+01   2.776092E+01
   8.313192E+01   2.776707E+01
   8.312304E+01   2.776485E+01
   8.311732E+01   2.776640E+01
   8.310645E+01   2.776872E+01
   8.309932E+01   2.777177E+01
   8.308935E+01   2.778209E+01
   8.309058E+01   2.777783E+01
   8.309017E+01   2.777417E+01
   8.308951E+01   2.777150E+01
   8.308591E+01   2.777471E+01
   8.308344E+01   2.776979E+01
   8.307428E+01   2.776456E+01
   8.306639E+01   2.776433E+01
   8.306624E+01   2.775792E+01
   8.306170E+01   2.776221E+01
   8.305250E+01   2.775681E+01
   8.305004E+01   2.776544E+01
   8.304820E+01   2.776981E+01
   8.304245E+01   2.777663E+01
   8.302787E+01   2.779697E+01
   8.302046E+01   2.780420E+01
   8.301980E+01   2.781682E+01
   8.301896E+01   2.782005E+01
   8.300906E+01   2.780622E+01
   8.299562E+01   2.779281E+01
   8.298207E+01   2.779303E+01
   8.296069E+01   2.779597E+01
   8.295290E+01   2.779012E+01
   8.294530E+01   2.779010E+01
   8.293749E+01   2.778794E+01
   8.292536E+01   2.778764E+01
   8.291827E+01   2.778514E+01
   8.291014E+01   2.778812E+01
   8.290251E+01   2.779267E+01
   8.287748E+01   2.779355E+01
   8.286104E+01   2.779006E+01
   8.284144E+01   2.779029E+01
   8.282663E+01   2.779196E+01
   8.280911E+01   2.779445E+01
   8.280141E+01   2.779452E+01
   8.279870E+01   2.780063E+01
   8.279347E+01   2.780590E+01
   8.278796E+01   2.779566E+01
   8.278426E+01   2.779628E+01
   8.277193E+01   2.780587E+01
   8.276450E+01   2.781054E+01
   8.275773E+01   2.781236E+01
   8.275546E+01   2.781975E+01
   8.275022E+01   2.782929E+01
   8.276569E+01   2.783988E+01
   8.278990E+01   2.785227E+01
   8.280448E+01   2.785582E+01
   8.279416E+01   2.786294E+01
   8.280527E+01   2.786756E+01
   8.281032E+01   2.787054E+01
   8.280437E+01   2.787234E+01
   8.280497E+01   2.787781E+01
   8.281950E+01   2.789552E+01
   8.282306E+01   2.790249E+01
   8.282323E+01   2.790494E+01
   8.283115E+01   2.790635E+01
   8.284116E+01   2.790408E+01
   8.284837E+01   2.790154E+01
   8.285619E+01   2.790504E+01
   8.286283E+01   2.790441E+01
   8.286283E+01   2.790778E+01
   8.286719E+01   2.790942E+01
   8.287190E+01   2.790476E+01
   8.287739E+01   2.790080E+01
   8.288045E+01   2.790620E+01
   8.288406E+01   2.790729E+01
   8.288964E+01   2.790802E+01
   8.289059E+01   2.791210E+01
   8.289433E+01   2.791413E+01
   8.289893E+01   2.791110E+01
   8.290428E+01   2.790870E+01
   8.291588E+01   2.790417E+01
   8.291909E+01   2.790637E+01
   8.292206E+01   2.791137E+01
   8.292553E+01   2.791291E+01
   8.292525E+01   2.791657E+01
   8.292773E+01   2.792079E+01
   8.294194E+01   2.792833E+01
   8.295013E+01   2.792977E+01
   8.295632E+01   2.792802E+01
   8.296137E+01   2.792775E+01
   8.296595E+01   2.792783E+01
   8.297211E+01   2.792844E+01
   8.297993E+01   2.792791E+01
   8.298534E+01   2.792956E+01
   8.298723E+01   2.792574E+01
   8.299096E+01   2.792599E+01
   8.299459E+01   2.793068E+01
   8.299907E+01   2.793234E+01
   8.300298E+01   2.793094E+01
   8.300446E+01   2.793191E+01
   8.300668E+01   2.792721E+01
   8.300941E+01   2.792114E+01
   8.301130E+01   2.792010E+01
   8.301401E+01   2.792251E+01
   8.301581E+01   2.792779E+01
   8.301306E+01   2.793246E+01
   8.301491E+01   2.793503E+01
   8.301546E+01   2.793692E+01
   8.301356E+01   2.793982E+01
   8.301410E+01   2.794354E+01
   8.301721E+01   2.794770E+01
   8.301387E+01   2.794927E+01
   8.301727E+01   2.795198E+01
   8.301589E+01   2.795448E+01
   8.301645E+01   2.795685E+01
   8.301378E+01   2.795953E+01
   8.301094E+01   2.796202E+01
   8.300826E+01   2.796741E+01
   8.300221E+01   2.796941E+01
   8.299888E+01   2.797505E+01
   8.299895E+01   2.797812E+01
   8.299523E+01   2.797666E+01
   8.299264E+01   2.797583E+01
   8.298838E+01   2.797720E+01
   8.298697E+01   2.798088E+01
   8.298462E+01   2.798203E+01
   8.298185E+01   2.798149E+01
   8.297709E+01   2.798376E+01
   8.297492E+01   2.798607E+01
   8.297630E+01   2.798955E+01
   8.296945E+01   2.799335E+01
   8.296764E+01   2.799321E+01
   8.296682E+01   2.799051E+01
   8.296516E+01   2.798773E+01
   8.296371E+01   2.798856E+01
   8.296060E+01   2.799199E+01
   8.295739E+01   2.799211E+01
   8.295225E+01   2.799365E+01
   8.295420E+01   2.799618E+01
   8.295513E+01   2.799822E+01
   8.295741E+01   2.799837E+01
   8.295792E+01   2.799942E+01
   8.295974E+01   2.799884E+01
   8.296101E+01   2.799938E+01
   8.296447E+01   2.800186E+01
   8.296630E+01   2.800382E+01
   8.296855E+01   2.800226E+01
   8.296918E+01   2.800349E+01
   8.296797E+01   2.800576E+01
   8.297019E+01   2.800599E+01
   8.297322E+01   2.800583E+01
   8.297349E+01   2.800694E+01
   8.297288E+01   2.800873E+01
   8.297219E+01   2.801208E+01
   8.297202E+01   2.801467E+01
   8.297340E+01   2.801436E+01
   8.297468E+01   2.801463E+01
   8.297430E+01   2.801510E+01
   8.297447E+01   2.801579E+01
   8.297439E+01   2.801704E+01
   8.297444E+01   2.801825E+01
   8.297574E+01   2.801883E+01
   8.297607E+01   2.801945E+01
   8.297577E+01   2.802077E+01
   8.297602E+01   2.802216E+01
   8.297659E+01   2.802364E+01
   8.297511E+01   2.802628E+01
   8.297488E+01   2.802819E+01
   8.297479E+01   2.803124E+01
   8.297334E+01   2.803262E+01
   8.297207E+01   2.803292E+01
   8.297277E+01   2.803464E+01
   8.297054E+01   2.803781E+01
   8.297005E+01   2.803868E+01
   8.296783E+01   2.803957E+01
   8.296686E+01   2.803918E+01
   8.296570E+01   2.804058E+01
   8.296310E+01   2.804040E+01
   8.296070E+01   2.804100E+01
   8.296078E+01   2.804248E+01
   8.296122E+01   2.804576E+01
   8.296308E+01   2.804985E+01
   8.297012E+01   2.805603E+01
   8.297605E+01   2.806177E+01
   8.298399E+01   2.807140E+01
   8.299177E+01   2.808667E+01
   8.299531E+01   2.809157E+01
   8.299960E+01   2.809444E+01
   8.300167E+01   2.810292E+01
   8.300433E+01   2.811178E+01
   8.301228E+01   2.810783E+01
   8.302735E+01   2.809945E+01
   8.303688E+01   2.810357E+01
   8.304247E+01   2.810131E+01
   8.305024E+01   2.810879E+01
   8.305607E+01   2.810734E+01
   8.306726E+01   2.810929E+01
   8.307031E+01   2.810823E+01
   8.307319E+01   2.809097E+01
   8.309846E+01   2.809514E+01
   8.309662E+01   2.808989E+01
   8.309702E+01   2.808472E+01
   8.310218E+01   2.807773E+01
   8.311921E+01   2.808314E+01
   8.312480E+01   2.808429E+01
   8.312917E+01   2.806761E+01
   8.314790E+01   2.806160E+01
   8.315835E+01   2.806569E+01
   8.317080E+01   2.807916E+01
   8.318373E+01   2.808714E+01
   8.319253E+01   2.808362E+01
   8.319558E+01   2.807481E+01
   8.320500E+01   2.806737E+01
   8.321509E+01   2.806064E+01
   8.321985E+01   2.805449E+01
   8.323062E+01   2.804639E+01
   8.323317E+01   2.803183E+01
   8.323651E+01   2.801609E+01
   8.323676E+01   2.801529E+01
   8.323812E+01   2.801195E+01
   8.323886E+01   2.801006E+01
   8.323948E+01   2.800908E+01
   8.324113E+01   2.800892E+01
   8.324370E+01   2.800885E+01
   8.324350E+01   2.800738E+01
   8.324442E+01   2.800589E+01
   8.324391E+01   2.800472E+01
   8.324396E+01   2.800302E+01
   8.324491E+01   2.799978E+01
   8.324523E+01   2.799932E+01
   8.324594E+01   2.799769E+01
   8.324895E+01   2.799744E+01
   8.324922E+01   2.799681E+01
   8.325182E+01   2.799562E+01
   8.325164E+01   2.799209E+01
   8.325266E+01   2.798713E+01
   8.325331E+01   2.798667E+01
   8.325698E+01   2.798680E+01
   8.326180E+01   2.798873E+01
   8.326339E+01   2.798580E+01
   8.326862E+01   2.798315E+01
   8.327577E+01   2.797375E+01
   8.327992E+01   2.796772E+01
   8.328324E+01   2.796820E+01
   8.328466E+01   2.796832E+01
   8.328696E+01   2.796764E+01
   8.328977E+01   2.796721E+01
   8.329502E+01   2.796831E+01
   8.329817E+01   2.796774E+01
   8.330107E+01   2.796740E+01
   8.330085E+01   2.796509E+01
   8.329854E+01   2.795985E+01
   8.330266E+01   2.795582E+01
   8.329800E+01   2.795243E+01
   8.329365E+01   2.795056E+01
   8.329355E+01   2.794655E+01
   8.328553E+01   2.794393E+01
   8.328238E+01   2.793674E+01
   8.327865E+01   2.793208E+01
   8.327963E+01   2.792711E+01
   8.328454E+01   2.792572E+01
   8.329621E+01   2.792706E+01
   8.330800E+01   2.792812E+01
   8.330889E+01   2.792450E+01
   8.330801E+01   2.791778E+01
   8.330657E+01   2.791452E+01
   8.329792E+01   2.790961E+01
   8.330585E+01   2.790653E+01
   8.331004E+01   2.790288E+01
   8.331178E+01   2.790087E+01
   8.331032E+01   2.789214E+01
   8.330908E+01   2.788935E+01
   8.330984E+01   2.788898E+01
   8.331151E+01   2.788811E+01
   8.331568E+01   2.788575E+01
   8.331790E+01   2.788253E+01
   8.332013E+01   2.787932E+01
   8.332357E+01   2.787755E+01
   8.332696E+01   2.787768E+01
   8.332953E+01   2.787911E+01
   8.332987E+01   2.787656E+01
   8.332826E+01   2.787441E+01
   8.332777E+01   2.787041E+01
   8.332635E+01   2.786989E+01
   8.332445E+01   2.786648E+01
   8.331750E+01   2.785963E+01
   8.330732E+01   2.785641E+01
   8.330382E+01   2.785448E+01
   8.330143E+01   2.784596E+01
   8.329731E+01   2.784347E+01
   8.329471E+01   2.783938E+01
   8.329267E+01   2.783610E+01
   8.329101E+01   2.783352E+01
   8.329058E+01   2.782866E+01
   8.328504E+01   2.782642E+01
   8.327829E+01   2.782691E+01
   8.327337E+01   2.782672E+01
   8.326256E+01   2.782768E+01
   8.325716E+01   2.783018E+01
   8.324973E+01   2.783220E+01
   8.324622E+01   2.783093E+01
   8.324336E+01   2.782866E+01
   8.323902E+01   2.782755E+01
   8.323542E+01   2.782514E+01
   8.323262E+01   2.782390E+01
   8.323053E+01   2.782328E+01
   8.323206E+01   2.782240E+01
   8.323367E+01   2.782242E+01
   8.323768E+01   2.781887E+01
   8.323920E+01   2.781792E+01
   8.324045E+01   2.781657E+01
   8.324088E+01   2.781497E+01
   8.324317E+01   2.781240E+01
   8.324386E+01   2.781158E+01
   8.324603E+01   2.781061E+01
   8.324585E+01   2.780906E+01
   8.324779E+01   2.780877E+01
   8.324730E+01   2.780639E+01
   8.324717E+01   2.780570E+01
   8.324937E+01   2.780435E+01
   8.324893E+01   2.780234E+01
   8.324604E+01   2.779841E+01
   8.324512E+01   2.778995E+01
   8.325825E+01   2.778395E+01
   8.325668E+01   2.777617E+01
   8.325726E+01   2.777286E+01
   8.325406E+01   2.776482E+01
   8.324744E+01   2.775811E+01
   8.324588E+01   2.775070E+01
   8.323745E+01   2.774981E+01
   8.323223E+01   2.775656E+01
   8.322651E+01   2.776213E+01
   8.322129E+01   2.776108E+01
   8.321248E+01   2.775948E+01
