   8.071873E+01   2.941902E+01
   8.071997E+01   2.941153E+01
   8.072704E+01   2.940674E+01
   8.073967E+01   2.940200E+01
   8.076232E+01   2.939992E+01
   8.076609E+01   2.939762E+01
   8.076250E+01   2.939234E+01
   8.076371E+01   2.938491E+01
   8.076878E+01   2.938275E+01
   8.077394E+01   2.938079E+01
   8.077797E+01   2.937987E+01
   8.078346E+01   2.937532E+01
   8.078569E+01   2.936666E+01
   8.079977E+01   2.936493E+01
   8.081235E+01   2.936467E+01
   8.081925E+01   2.936838E+01
   8.082863E+01   2.937427E+01
   8.083568E+01   2.938120E+01
   8.083915E+01   2.937817E+01
   8.084694E+01   2.937548E+01
   8.085444E+01   2.938057E+01
   8.086011E+01   2.939741E+01
   8.085486E+01   2.940278E+01
   8.085160E+01   2.940633E+01
   8.085328E+01   2.940870E+01
   8.086118E+01   2.941283E+01
   8.086665E+01   2.941190E+01
   8.087421E+01   2.941181E+01
   8.087957E+01   2.941794E+01
   8.088598E+01   2.942299E+01
   8.089251E+01   2.942619E+01
   8.089646E+01   2.943198E+01
   8.090065E+01   2.943583E+01
   8.090490E+01   2.943773E+01
   8.090862E+01   2.944037E+01
   8.090335E+01   2.944192E+01
   8.089694E+01   2.944441E+01
   8.089395E+01   2.944337E+01
   8.089024E+01   2.944345E+01
   8.088679E+01   2.944234E+01
   8.088462E+01   2.944707E+01
   8.087842E+01   2.945641E+01
   8.087425E+01   2.946490E+01
   8.086315E+01   2.946548E+01
   8.085661E+01   2.946846E+01
   8.085598E+01   2.947322E+01
   8.085350E+01   2.947676E+01
   8.084917E+01   2.948341E+01
   8.084237E+01   2.949175E+01
   8.082621E+01   2.950000E+01
   8.082295E+01   2.950635E+01
   8.081972E+01   2.951243E+01
   8.081737E+01   2.951466E+01
   8.081456E+01   2.951549E+01
   8.081181E+01   2.951428E+01
   8.080845E+01   2.951350E+01
   8.080465E+01   2.951550E+01
   8.080136E+01   2.951253E+01
   8.079556E+01   2.950834E+01
   8.079114E+01   2.950645E+01
   8.078862E+01   2.950590E+01
   8.078645E+01   2.950842E+01
   8.078522E+01   2.951319E+01
   8.078136E+01   2.951848E+01
   8.078103E+01   2.952057E+01
   8.078178E+01   2.952242E+01
   8.077571E+01   2.952455E+01
   8.076765E+01   2.952665E+01
   8.076209E+01   2.952725E+01
   8.075564E+01   2.952849E+01
   8.075235E+01   2.953059E+01
   8.074904E+01   2.953108E+01
   8.074805E+01   2.953270E+01
   8.074821E+01   2.953678E+01
   8.074848E+01   2.954364E+01
   8.074726E+01   2.955515E+01
   8.074982E+01   2.955702E+01
   8.075793E+01   2.955658E+01
   8.077214E+01   2.955295E+01
   8.077493E+01   2.955858E+01
   8.077677E+01   2.956228E+01
   8.077577E+01   2.956477E+01
   8.077641E+01   2.956777E+01
   8.078023E+01   2.957238E+01
   8.077853E+01   2.957844E+01
   8.077844E+01   2.958879E+01
   8.078604E+01   2.960006E+01
   8.078591E+01   2.960842E+01
   8.078692E+01   2.961461E+01
   8.078449E+01   2.961960E+01
   8.078214E+01   2.962897E+01
   8.078474E+01   2.963536E+01
   8.079101E+01   2.964116E+01
   8.078410E+01   2.964588E+01
   8.077160E+01   2.964243E+01
   8.076368E+01   2.965702E+01
   8.076914E+01   2.966798E+01
   8.077801E+01   2.966536E+01
   8.077883E+01   2.966815E+01
   8.077924E+01   2.967148E+01
   8.077945E+01   2.967628E+01
   8.078412E+01   2.968026E+01
   8.078828E+01   2.967775E+01
   8.079214E+01   2.967787E+01
   8.079240E+01   2.968265E+01
   8.079552E+01   2.968882E+01
   8.078763E+01   2.969514E+01
   8.078238E+01   2.969876E+01
   8.077249E+01   2.970240E+01
   8.076225E+01   2.970422E+01
   8.075049E+01   2.970659E+01
   8.073520E+01   2.970644E+01
   8.071088E+01   2.969962E+01
   8.069496E+01   2.970627E+01
   8.068218E+01   2.969824E+01
   8.067579E+01   2.969111E+01
   8.066994E+01   2.968732E+01
   8.066513E+01   2.968611E+01
   8.065940E+01   2.968232E+01
   8.065321E+01   2.968180E+01
   8.064567E+01   2.968521E+01
   8.064237E+01   2.968759E+01
   8.063285E+01   2.969049E+01
   8.062193E+01   2.968759E+01
   8.061018E+01   2.968689E+01
   8.060456E+01   2.968879E+01
   8.059927E+01   2.969146E+01
   8.059378E+01   2.969102E+01
   8.058745E+01   2.968855E+01
   8.057656E+01   2.968779E+01
   8.057222E+01   2.968707E+01
   8.056986E+01   2.968316E+01
   8.056982E+01   2.968028E+01
   8.056731E+01   2.967785E+01
   8.055945E+01   2.967272E+01
   8.055812E+01   2.967038E+01
   8.055407E+01   2.967154E+01
   8.054901E+01   2.966810E+01
   8.054195E+01   2.966534E+01
   8.053756E+01   2.966363E+01
   8.052377E+01   2.965471E+01
   8.051776E+01   2.965280E+01
   8.051060E+01   2.964723E+01
   8.050563E+01   2.963841E+01
   8.049825E+01   2.962737E+01
   8.049303E+01   2.962372E+01
   8.048395E+01   2.962314E+01
   8.047550E+01   2.962156E+01
   8.047173E+01   2.962183E+01
   8.046798E+01   2.962035E+01
   8.046532E+01   2.962164E+01
   8.046105E+01   2.962339E+01
   8.045732E+01   2.962644E+01
   8.044999E+01   2.962578E+01
   8.044490E+01   2.961750E+01
   8.044094E+01   2.961656E+01
   8.043779E+01   2.961976E+01
   8.043387E+01   2.961871E+01
   8.042851E+01   2.961597E+01
   8.042439E+01   2.961207E+01
   8.041798E+01   2.961439E+01
   8.041787E+01   2.960918E+01
   8.041444E+01   2.960415E+01
   8.040881E+01   2.960059E+01
   8.040613E+01   2.959328E+01
   8.040157E+01   2.958787E+01
   8.039831E+01   2.958716E+01
   8.039688E+01   2.958503E+01
   8.039259E+01   2.958241E+01
   8.039064E+01   2.957823E+01
   8.038881E+01   2.957263E+01
   8.038502E+01   2.957146E+01
   8.037936E+01   2.957158E+01
   8.037850E+01   2.957098E+01
   8.037926E+01   2.956398E+01
   8.037893E+01   2.956081E+01
   8.037373E+01   2.956219E+01
   8.036781E+01   2.956280E+01
   8.036394E+01   2.956410E+01
   8.036227E+01   2.956308E+01
   8.036264E+01   2.955962E+01
   8.036443E+01   2.955753E+01
   8.036317E+01   2.955628E+01
   8.035933E+01   2.955578E+01
   8.035575E+01   2.955511E+01
   8.034871E+01   2.955536E+01
   8.034666E+01   2.955434E+01
   8.034365E+01   2.955366E+01
   8.034244E+01   2.955197E+01
   8.034573E+01   2.954908E+01
   8.034280E+01   2.954413E+01
   8.034138E+01   2.954109E+01
   8.034284E+01   2.954000E+01
   8.034588E+01   2.954028E+01
   8.034904E+01   2.954016E+01
   8.035073E+01   2.953843E+01
   8.035384E+01   2.953541E+01
   8.035758E+01   2.953370E+01
   8.035784E+01   2.953178E+01
   8.035664E+01   2.952971E+01
   8.035564E+01   2.952781E+01
   8.035084E+01   2.952579E+01
   8.034841E+01   2.952435E+01
   8.034870E+01   2.952222E+01
   8.034997E+01   2.951930E+01
   8.034823E+01   2.951762E+01
   8.034583E+01   2.951423E+01
   8.034137E+01   2.950992E+01
   8.033933E+01   2.950994E+01
   8.033463E+01   2.951308E+01
   8.033241E+01   2.951313E+01
   8.033146E+01   2.951249E+01
   8.033043E+01   2.950760E+01
   8.032871E+01   2.950533E+01
   8.032019E+01   2.950211E+01
   8.031438E+01   2.949954E+01
   8.031300E+01   2.949756E+01
   8.031313E+01   2.949521E+01
   8.031437E+01   2.949210E+01
   8.031450E+01   2.948898E+01
   8.031310E+01   2.948442E+01
   8.031204E+01   2.948444E+01
   8.031095E+01   2.948516E+01
   8.030612E+01   2.948561E+01
   8.030314E+01   2.948700E+01
   8.030038E+01   2.949056E+01
   8.029813E+01   2.949001E+01
   8.029653E+01   2.948836E+01
   8.029667E+01   2.948559E+01
   8.029614E+01   2.948372E+01
   8.029320E+01   2.947902E+01
   8.028932E+01   2.947806E+01
   8.028718E+01   2.947720E+01
   8.028731E+01   2.947352E+01
   8.029076E+01   2.946935E+01
   8.029371E+01   2.946399E+01
   8.029919E+01   2.945845E+01
   8.030274E+01   2.945440E+01
   8.030034E+01   2.945122E+01
   8.029556E+01   2.945321E+01
   8.028998E+01   2.945193E+01
   8.028332E+01   2.945127E+01
   8.027951E+01   2.945232E+01
   8.027965E+01   2.945510E+01
   8.028009E+01   2.945811E+01
   8.027709E+01   2.945868E+01
   8.027215E+01   2.945733E+01
   8.026953E+01   2.945579E+01
   8.026921E+01   2.945433E+01
   8.027060E+01   2.945366E+01
   8.027396E+01   2.945261E+01
   8.027458E+01   2.944983E+01
   8.027267E+01   2.944978E+01
   8.027018E+01   2.945022E+01
   8.026790E+01   2.944885E+01
   8.026594E+01   2.944859E+01
   8.026067E+01   2.945067E+01
   8.025866E+01   2.945150E+01
   8.025732E+01   2.945136E+01
   8.025636E+01   2.944907E+01
   8.025550E+01   2.944799E+01
   8.025150E+01   2.944709E+01
   8.024603E+01   2.944689E+01
   8.024418E+01   2.944564E+01
   8.024307E+01   2.944142E+01
   8.024740E+01   2.943523E+01
   8.024703E+01   2.943165E+01
   8.024472E+01   2.942602E+01
   8.024444E+01   2.941974E+01
   8.024388E+01   2.941377E+01
   8.024333E+01   2.941060E+01
   8.024736E+01   2.940694E+01
   8.025454E+01   2.940367E+01
   8.026332E+01   2.939747E+01
   8.027092E+01   2.939536E+01
   8.027483E+01   2.939263E+01
   8.027385E+01   2.938916E+01
   8.027498E+01   2.938265E+01
   8.027911E+01   2.937827E+01
   8.027119E+01   2.937334E+01
   8.027166E+01   2.937007E+01
   8.027103E+01   2.936449E+01
   8.027980E+01   2.935942E+01
   8.027907E+01   2.935223E+01
   8.028060E+01   2.934555E+01
   8.028557E+01   2.933973E+01
   8.028920E+01   2.933779E+01
   8.029018E+01   2.933325E+01
   8.029471E+01   2.932562E+01
   8.030008E+01   2.932391E+01
   8.030911E+01   2.932231E+01
   8.031640E+01   2.931518E+01
   8.031966E+01   2.931103E+01
   8.033133E+01   2.931132E+01
   8.033511E+01   2.931348E+01
   8.033432E+01   2.931697E+01
   8.033333E+01   2.931950E+01
   8.033846E+01   2.932193E+01
   8.034111E+01   2.932367E+01
   8.034261E+01   2.932428E+01
   8.034415E+01   2.932735E+01
   8.035003E+01   2.932750E+01
   8.035035E+01   2.933152E+01
   8.035414E+01   2.933444E+01
   8.035421E+01   2.933142E+01
   8.035974E+01   2.932792E+01
   8.036285E+01   2.932889E+01
   8.036353E+01   2.933330E+01
   8.036665E+01   2.933270E+01
   8.036853E+01   2.933518E+01
   8.037106E+01   2.933655E+01
   8.036723E+01   2.933933E+01
   8.036621E+01   2.934239E+01
   8.036728E+01   2.934809E+01
   8.036782E+01   2.935001E+01
   8.037105E+01   2.934814E+01
   8.037275E+01   2.934794E+01
   8.037504E+01   2.934979E+01
   8.037930E+01   2.935383E+01
   8.038209E+01   2.935333E+01
   8.038427E+01   2.934910E+01
   8.038675E+01   2.935010E+01
   8.038548E+01   2.935386E+01
   8.038668E+01   2.935610E+01
   8.039134E+01   2.935711E+01
   8.039963E+01   2.935813E+01
   8.040325E+01   2.936023E+01
   8.040182E+01   2.935613E+01
   8.040568E+01   2.935691E+01
   8.041744E+01   2.936018E+01
   8.041899E+01   2.936876E+01
   8.041673E+01   2.937260E+01
   8.041716E+01   2.937379E+01
   8.041772E+01   2.937537E+01
   8.041977E+01   2.937911E+01
   8.042234E+01   2.937819E+01
   8.042466E+01   2.938077E+01
   8.042496E+01   2.938220E+01
   8.042487E+01   2.938390E+01
   8.042533E+01   2.938531E+01
   8.042949E+01   2.938816E+01
   8.043123E+01   2.939044E+01
   8.043339E+01   2.939269E+01
   8.043862E+01   2.939251E+01
   8.043925E+01   2.938897E+01
   8.043973E+01   2.938696E+01
   8.044185E+01   2.938657E+01
   8.044209E+01   2.938914E+01
   8.044508E+01   2.938857E+01
   8.044528E+01   2.939150E+01
   8.044683E+01   2.939405E+01
   8.045174E+01   2.939248E+01
   8.045545E+01   2.939347E+01
   8.045837E+01   2.939571E+01
   8.046280E+01   2.939348E+01
   8.046888E+01   2.939164E+01
   8.047937E+01   2.938553E+01
   8.049887E+01   2.939732E+01
   8.050544E+01   2.939595E+01
   8.051002E+01   2.939506E+01
   8.051449E+01   2.939305E+01
   8.052070E+01   2.939305E+01
   8.052914E+01   2.939205E+01
   8.053780E+01   2.939372E+01
   8.054757E+01   2.940726E+01
   8.055044E+01   2.941823E+01
   8.055659E+01   2.941758E+01
   8.057235E+01   2.941464E+01
   8.057766E+01   2.940798E+01
   8.058152E+01   2.939993E+01
   8.058288E+01   2.939641E+01
   8.059578E+01   2.939742E+01
   8.061162E+01   2.939600E+01
   8.061961E+01   2.939506E+01
   8.062273E+01   2.939353E+01
   8.062303E+01   2.939024E+01
   8.063113E+01   2.938791E+01
   8.063712E+01   2.938713E+01
   8.064479E+01   2.938690E+01
   8.065039E+01   2.938279E+01
   8.065840E+01   2.939285E+01
   8.066660E+01   2.939745E+01
   8.067695E+01   2.939966E+01
   8.067885E+01   2.940559E+01
   8.067546E+01   2.941406E+01
   8.066949E+01   2.941754E+01
   8.067577E+01   2.942267E+01
   8.068761E+01   2.942354E+01
   8.069706E+01   2.942038E+01
   8.070560E+01   2.941764E+01
   8.071124E+01   2.941461E+01
   8.071873E+01   2.941902E+01
