   8.178355E+01   2.962387E+01
   8.179097E+01   2.962767E+01
   8.181197E+01   2.962216E+01
   8.182241E+01   2.962064E+01
   8.182925E+01   2.962129E+01
   8.184229E+01   2.962218E+01
   8.185259E+01   2.961969E+01
   8.186249E+01   2.962784E+01
   8.187287E+01   2.963672E+01
   8.187279E+01   2.964299E+01
   8.187653E+01   2.964619E+01
   8.187998E+01   2.965148E+01
   8.188331E+01   2.965488E+01
   8.188271E+01   2.965813E+01
   8.188795E+01   2.966669E+01
   8.189552E+01   2.966874E+01
   8.190830E+01   2.966321E+01
   8.191928E+01   2.967061E+01
   8.192894E+01   2.967616E+01
   8.193284E+01   2.967703E+01
   8.194582E+01   2.967457E+01
   8.195190E+01   2.967870E+01
   8.195464E+01   2.968128E+01
   8.196533E+01   2.968826E+01
   8.197251E+01   2.969228E+01
   8.198353E+01   2.969837E+01
   8.198767E+01   2.970055E+01
   8.199882E+01   2.971231E+01
   8.200427E+01   2.972279E+01
   8.200567E+01   2.972685E+01
   8.201553E+01   2.973559E+01
   8.202310E+01   2.973912E+01
   8.202709E+01   2.973999E+01
   8.203308E+01   2.974658E+01
   8.204577E+01   2.975105E+01
   8.205586E+01   2.974816E+01
   8.205976E+01   2.974612E+01
   8.205904E+01   2.973237E+01
   8.206690E+01   2.972372E+01
   8.207418E+01   2.971274E+01
   8.207777E+01   2.971086E+01
   8.208787E+01   2.970239E+01
   8.209280E+01   2.969072E+01
   8.209848E+01   2.967994E+01
   8.210013E+01   2.966625E+01
   8.210682E+01   2.965874E+01
   8.210789E+01   2.964981E+01
   8.210059E+01   2.963924E+01
   8.210809E+01   2.963789E+01
   8.212231E+01   2.964178E+01
   8.212935E+01   2.964375E+01
   8.213513E+01   2.964434E+01
   8.214197E+01   2.964614E+01
   8.214899E+01   2.965531E+01
   8.215475E+01   2.965783E+01
   8.215775E+01   2.965797E+01
   8.215971E+01   2.965737E+01
   8.216438E+01   2.965505E+01
   8.217544E+01   2.965635E+01
   8.218370E+01   2.965816E+01
   8.219545E+01   2.965489E+01
   8.220209E+01   2.966064E+01
   8.220660E+01   2.965757E+01
   8.221083E+01   2.965673E+01
   8.221515E+01   2.965551E+01
   8.221831E+01   2.966164E+01
   8.222860E+01   2.966469E+01
   8.223564E+01   2.966416E+01
   8.223620E+01   2.966968E+01
   8.222997E+01   2.967482E+01
   8.223415E+01   2.967662E+01
   8.222947E+01   2.968461E+01
   8.223078E+01   2.969943E+01
   8.224523E+01   2.969748E+01
   8.225757E+01   2.970119E+01
   8.227092E+01   2.969496E+01
   8.227844E+01   2.969288E+01
   8.228565E+01   2.969463E+01
   8.229321E+01   2.969541E+01
   8.230085E+01   2.970064E+01
   8.230668E+01   2.970576E+01
   8.231358E+01   2.971132E+01
   8.232507E+01   2.971052E+01
   8.233395E+01   2.971253E+01
   8.234317E+01   2.971498E+01
   8.235460E+01   2.970522E+01
   8.236382E+01   2.970422E+01
   8.238275E+01   2.969505E+01
   8.239785E+01   2.970236E+01
   8.240304E+01   2.970953E+01
   8.241329E+01   2.971559E+01
   8.241144E+01   2.972795E+01
   8.241170E+01   2.973466E+01
   8.240182E+01   2.974944E+01
   8.239842E+01   2.976087E+01
   8.240426E+01   2.976686E+01
   8.241181E+01   2.977740E+01
   8.240996E+01   2.978329E+01
   8.240400E+01   2.979165E+01
   8.240374E+01   2.980196E+01
   8.240541E+01   2.981113E+01
   8.242346E+01   2.980853E+01
   8.243748E+01   2.981320E+01
   8.243533E+01   2.983262E+01
   8.243189E+01   2.984126E+01
   8.243612E+01   2.986028E+01
   8.244899E+01   2.986118E+01
   8.245975E+01   2.986376E+01
   8.246279E+01   2.986997E+01
   8.245997E+01   2.988187E+01
   8.244891E+01   2.988590E+01
   8.245405E+01   2.989657E+01
   8.246004E+01   2.989899E+01
   8.246715E+01   2.989855E+01
   8.246942E+01   2.990496E+01
   8.247441E+01   2.991168E+01
   8.247277E+01   2.991752E+01
   8.247360E+01   2.992107E+01
   8.247599E+01   2.992174E+01
   8.248047E+01   2.992373E+01
   8.249058E+01   2.993177E+01
   8.249339E+01   2.993556E+01
   8.249593E+01   2.993978E+01
   8.249668E+01   2.994407E+01
   8.249235E+01   2.995276E+01
   8.248555E+01   2.995670E+01
   8.248040E+01   2.995942E+01
   8.247571E+01   2.996305E+01
   8.247526E+01   2.996683E+01
   8.247677E+01   2.997273E+01
   8.247012E+01   2.997621E+01
   8.246422E+01   2.997999E+01
   8.245862E+01   2.998014E+01
   8.245560E+01   2.997636E+01
   8.244924E+01   2.998165E+01
   8.244062E+01   2.998755E+01
   8.243639E+01   2.998892E+01
   8.243185E+01   2.998998E+01
   8.242670E+01   2.999376E+01
   8.242353E+01   2.999572E+01
   8.241960E+01   3.000571E+01
   8.241128E+01   3.000918E+01
   8.240613E+01   3.001251E+01
   8.240296E+01   3.001478E+01
   8.240099E+01   3.001781E+01
   8.239706E+01   3.002340E+01
   8.239222E+01   3.002492E+01
   8.238481E+01   3.002159E+01
   8.237996E+01   3.002764E+01
   8.237603E+01   3.002371E+01
   8.237558E+01   3.001508E+01
   8.237376E+01   3.001448E+01
   8.237134E+01   3.001493E+01
   8.236212E+01   3.001599E+01
   8.235561E+01   3.002461E+01
   8.235138E+01   3.002567E+01
   8.234729E+01   3.002764E+01
   8.234412E+01   3.003051E+01
   8.234139E+01   3.003944E+01
   8.233761E+01   3.004458E+01
   8.233398E+01   3.004761E+01
   8.232793E+01   3.004776E+01
   8.232006E+01   3.004882E+01
   8.231795E+01   3.004292E+01
   8.231053E+01   3.003808E+01
   8.230040E+01   3.003883E+01
   8.229722E+01   3.004065E+01
   8.229193E+01   3.004277E+01
   8.228557E+01   3.004700E+01
   8.228406E+01   3.005457E+01
   8.228285E+01   3.005880E+01
   8.227226E+01   3.006092E+01
   8.226395E+01   3.006288E+01
   8.225729E+01   3.006651E+01
   8.225457E+01   3.006969E+01
   8.225184E+01   3.007181E+01
   8.224231E+01   3.007544E+01
   8.223309E+01   3.006939E+01
   8.221690E+01   3.006818E+01
   8.220011E+01   3.006667E+01
   8.218892E+01   3.006954E+01
   8.218105E+01   3.006727E+01
   8.216668E+01   3.008240E+01
   8.217182E+01   3.008799E+01
   8.218166E+01   3.009722E+01
   8.218135E+01   3.010645E+01
   8.218196E+01   3.011401E+01
   8.217682E+01   3.011794E+01
   8.217576E+01   3.012294E+01
   8.217848E+01   3.013005E+01
   8.218498E+01   3.013322E+01
   8.219134E+01   3.013564E+01
   8.219769E+01   3.013761E+01
   8.220283E+01   3.015031E+01
   8.220344E+01   3.015485E+01
   8.219542E+01   3.015788E+01
   8.218272E+01   3.016030E+01
   8.218287E+01   3.016665E+01
   8.218589E+01   3.017089E+01
   8.218756E+01   3.017739E+01
   8.218680E+01   3.018450E+01
   8.218256E+01   3.019070E+01
   8.217455E+01   3.019040E+01
   8.215685E+01   3.019055E+01
   8.215186E+01   3.019388E+01
   8.214581E+01   3.019675E+01
   8.213809E+01   3.019993E+01
   8.213371E+01   3.020643E+01
   8.213280E+01   3.021007E+01
   8.213325E+01   3.021884E+01
   8.213129E+01   3.022292E+01
   8.212977E+01   3.022534E+01
   8.212584E+01   3.022670E+01
   8.211056E+01   3.022610E+01
   8.210360E+01   3.023502E+01
   8.210451E+01   3.024304E+01
   8.210572E+01   3.024879E+01
   8.210739E+01   3.025469E+01
   8.211434E+01   3.025620E+01
   8.211616E+01   3.026346E+01
   8.211707E+01   3.027163E+01
   8.211329E+01   3.027602E+01
   8.211268E+01   3.027859E+01
   8.211419E+01   3.028464E+01
   8.211767E+01   3.029220E+01
   8.211979E+01   3.029734E+01
   8.212357E+01   3.030173E+01
   8.212584E+01   3.030581E+01
   8.212266E+01   3.031187E+01
   8.212070E+01   3.031807E+01
   8.211873E+01   3.032003E+01
   8.211934E+01   3.032457E+01
   8.211465E+01   3.032896E+01
   8.211071E+01   3.033516E+01
   8.211132E+01   3.034257E+01
   8.210723E+01   3.034817E+01
   8.209997E+01   3.034802E+01
   8.209135E+01   3.035210E+01
   8.208787E+01   3.035588E+01
   8.208591E+01   3.035982E+01
   8.208243E+01   3.036103E+01
   8.207365E+01   3.035936E+01
   8.206881E+01   3.035709E+01
   8.206367E+01   3.035135E+01
   8.206488E+01   3.034756E+01
   8.206095E+01   3.034469E+01
   8.205656E+01   3.033970E+01
   8.204158E+01   3.034106E+01
   8.203538E+01   3.034166E+01
   8.202782E+01   3.033985E+01
   8.202207E+01   3.034363E+01
   8.201088E+01   3.034212E+01
   8.200997E+01   3.033017E+01
   8.200286E+01   3.032790E+01
   8.199530E+01   3.032094E+01
   8.199152E+01   3.032215E+01
   8.198577E+01   3.032654E+01
   8.197805E+01   3.033002E+01
   8.197110E+01   3.033592E+01
   8.196520E+01   3.033849E+01
   8.196111E+01   3.033985E+01
   8.195794E+01   3.034272E+01
   8.196278E+01   3.034711E+01
   8.196232E+01   3.035210E+01
   8.195688E+01   3.035437E+01
   8.194982E+01   3.035893E+01
   8.194629E+01   3.035679E+01
   8.194417E+01   3.035165E+01
   8.193525E+01   3.034741E+01
   8.192360E+01   3.034923E+01
   8.191135E+01   3.035074E+01
   8.190212E+01   3.035377E+01
   8.189199E+01   3.035755E+01
   8.188714E+01   3.036163E+01
   8.188125E+01   3.036163E+01
   8.187610E+01   3.037071E+01
   8.186733E+01   3.037646E+01
   8.185961E+01   3.037751E+01
   8.185266E+01   3.037933E+01
   8.184630E+01   3.037404E+01
   8.184025E+01   3.037600E+01
   8.183375E+01   3.037419E+01
   8.182845E+01   3.037464E+01
   8.182089E+01   3.037721E+01
   8.181650E+01   3.038205E+01
   8.181197E+01   3.038402E+01
   8.180833E+01   3.038674E+01
   8.179951E+01   3.038679E+01
   8.179070E+01   3.038889E+01
   8.178276E+01   3.038538E+01
   8.177717E+01   3.038553E+01
   8.177264E+01   3.038478E+01
   8.176855E+01   3.038629E+01
   8.176386E+01   3.038795E+01
   8.175917E+01   3.038826E+01
   8.174995E+01   3.038871E+01
   8.173845E+01   3.039370E+01
   8.173406E+01   3.039718E+01
   8.172892E+01   3.040187E+01
   8.172862E+01   3.040883E+01
   8.172151E+01   3.041185E+01
   8.171168E+01   3.041261E+01
   8.170653E+01   3.041684E+01
   8.169852E+01   3.041972E+01
   8.169171E+01   3.042441E+01
   8.168112E+01   3.042607E+01
   8.166962E+01   3.042910E+01
   8.166554E+01   3.043000E+01
   8.165828E+01   3.043303E+01
   8.164573E+01   3.043863E+01
   8.163907E+01   3.044059E+01
   8.163075E+01   3.044543E+01
   8.162137E+01   3.044694E+01
   8.161835E+01   3.044437E+01
   8.162011E+01   3.043270E+01
   8.162152E+01   3.042486E+01
   8.161608E+01   3.042063E+01
   8.161154E+01   3.041382E+01
   8.160428E+01   3.041306E+01
   8.159672E+01   3.041457E+01
   8.158870E+01   3.041866E+01
   8.158114E+01   3.042380E+01
   8.156465E+01   3.042940E+01
   8.155905E+01   3.042032E+01
   8.155829E+01   3.040716E+01
   8.155103E+01   3.040353E+01
   8.155013E+01   3.038220E+01
   8.155300E+01   3.037736E+01
   8.155436E+01   3.037343E+01
   8.155028E+01   3.037343E+01
   8.154377E+01   3.037283E+01
   8.153001E+01   3.037419E+01
   8.151307E+01   3.037933E+01
   8.149779E+01   3.038205E+01
   8.148584E+01   3.038387E+01
   8.147631E+01   3.038947E+01
   8.146980E+01   3.040232E+01
   8.146103E+01   3.040731E+01
   8.145271E+01   3.041125E+01
   8.144485E+01   3.041533E+01
   8.143728E+01   3.041473E+01
   8.143320E+01   3.041291E+01
   8.143229E+01   3.041684E+01
   8.142836E+01   3.042153E+01
   8.140869E+01   3.042108E+01
   8.140703E+01   3.041457E+01
   8.140310E+01   3.041034E+01
   8.140446E+01   3.040626E+01
   8.140098E+01   3.039794E+01
   8.140537E+01   3.039567E+01
   8.140915E+01   3.039355E+01
   8.141384E+01   3.039128E+01
   8.141837E+01   3.038841E+01
   8.142019E+01   3.038493E+01
   8.142911E+01   3.038326E+01
   8.142367E+01   3.037600E+01
   8.141928E+01   3.037056E+01
   8.141172E+01   3.037207E+01
   8.140688E+01   3.037146E+01
   8.140143E+01   3.036980E+01
   8.139735E+01   3.037056E+01
   8.139856E+01   3.036526E+01
   8.140007E+01   3.035967E+01
   8.140537E+01   3.035346E+01
   8.140295E+01   3.034393E+01
   8.140537E+01   3.034015E+01
   8.140521E+01   3.033592E+01
   8.139901E+01   3.032972E+01
   8.139826E+01   3.032230E+01
   8.140521E+01   3.031504E+01
   8.140900E+01   3.031610E+01
   8.141353E+01   3.031580E+01
   8.141898E+01   3.031126E+01
   8.142079E+01   3.030672E+01
   8.142004E+01   3.030339E+01
   8.141490E+01   3.030052E+01
   8.140990E+01   3.029750E+01
   8.140158E+01   3.029311E+01
   8.140279E+01   3.028585E+01
   8.140355E+01   3.028222E+01
   8.141278E+01   3.028388E+01
   8.141671E+01   3.028207E+01
   8.141490E+01   3.027405E+01
   8.141187E+01   3.026921E+01
   8.140930E+01   3.026286E+01
   8.140204E+01   3.025726E+01
   8.139659E+01   3.025136E+01
   8.139493E+01   3.024637E+01
   8.139553E+01   3.023986E+01
   8.139069E+01   3.023003E+01
   8.139523E+01   3.022080E+01
   8.139493E+01   3.021370E+01
   8.139553E+01   3.020689E+01
   8.137874E+01   3.019902E+01
   8.137375E+01   3.019312E+01
   8.137179E+01   3.018692E+01
   8.136770E+01   3.018526E+01
   8.135742E+01   3.018057E+01
   8.134047E+01   3.016559E+01
   8.133335E+01   3.015293E+01
   8.132523E+01   3.015236E+01
   8.131903E+01   3.015215E+01
   8.131714E+01   3.015136E+01
   8.131472E+01   3.015410E+01
   8.131158E+01   3.015561E+01
   8.130890E+01   3.015936E+01
   8.130698E+01   3.016302E+01
   8.130388E+01   3.016398E+01
   8.130402E+01   3.015894E+01
   8.128995E+01   3.015742E+01
   8.128103E+01   3.015531E+01
   8.126726E+01   3.015395E+01
   8.126106E+01   3.015152E+01
   8.125713E+01   3.014351E+01
   8.126136E+01   3.013746E+01
   8.127286E+01   3.013156E+01
   8.127906E+01   3.012460E+01
   8.128314E+01   3.012173E+01
   8.128496E+01   3.011492E+01
   8.128882E+01   3.010998E+01
   8.128662E+01   3.010554E+01
   8.128889E+01   3.009843E+01
   8.128783E+01   3.009178E+01
   8.128874E+01   3.008300E+01
   8.128723E+01   3.007604E+01
   8.128783E+01   3.007272E+01
   8.128360E+01   3.006757E+01
   8.127815E+01   3.006228E+01
   8.127392E+01   3.005441E+01
   8.127180E+01   3.004730E+01
   8.128237E+01   3.004022E+01
   8.130694E+01   3.003132E+01
   8.132467E+01   3.002514E+01
   8.134570E+01   3.001880E+01
   8.137640E+01   3.000567E+01
   8.140488E+01   3.001789E+01
   8.144565E+01   3.000042E+01
   8.146016E+01   2.998556E+01
   8.145267E+01   2.994944E+01
   8.146093E+01   2.991112E+01
   8.146001E+01   2.989083E+01
   8.149377E+01   2.988886E+01
   8.151217E+01   2.991361E+01
   8.151751E+01   2.992256E+01
   8.153198E+01   2.992628E+01
   8.154167E+01   2.992718E+01
   8.155992E+01   2.992584E+01
   8.156784E+01   2.993161E+01
   8.157746E+01   2.993375E+01
   8.158656E+01   2.993667E+01
   8.159377E+01   2.993036E+01
   8.160525E+01   2.993247E+01
   8.161231E+01   2.994283E+01
   8.162070E+01   2.993962E+01
   8.163419E+01   2.994070E+01
   8.164656E+01   2.994725E+01
   8.165919E+01   2.994252E+01
   8.168733E+01   2.994956E+01
   8.169756E+01   2.993154E+01
   8.171057E+01   2.991402E+01
   8.171740E+01   2.991033E+01
   8.173172E+01   2.990910E+01
   8.174175E+01   2.990708E+01
   8.175129E+01   2.990916E+01
   8.177077E+01   2.990934E+01
   8.177903E+01   2.991126E+01
   8.178950E+01   2.990909E+01
   8.180037E+01   2.990172E+01
   8.179312E+01   2.989593E+01
   8.179703E+01   2.987891E+01
   8.179126E+01   2.985448E+01
   8.178803E+01   2.984343E+01
   8.178595E+01   2.983072E+01
   8.176469E+01   2.980182E+01
   8.175203E+01   2.980011E+01
   8.173923E+01   2.979277E+01
   8.173581E+01   2.977646E+01
   8.173157E+01   2.975589E+01
   8.172769E+01   2.974219E+01
   8.171260E+01   2.971582E+01
   8.170393E+01   2.969102E+01
   8.169717E+01   2.967724E+01
   8.170270E+01   2.965411E+01
   8.169929E+01   2.964333E+01
   8.170236E+01   2.963795E+01
   8.171322E+01   2.962502E+01
   8.171970E+01   2.962161E+01
   8.172472E+01   2.961501E+01
   8.172829E+01   2.961466E+01
   8.173256E+01   2.961103E+01
   8.176547E+01   2.960575E+01
   8.177382E+01   2.960933E+01
   8.178343E+01   2.962230E+01
