   8.466352E+01   2.743058E+01
   8.468917E+01   2.743322E+01
   8.470947E+01   2.743233E+01
   8.471765E+01   2.743230E+01
   8.472967E+01   2.744501E+01
   8.473701E+01   2.744277E+01
   8.474659E+01   2.743845E+01
   8.476305E+01   2.743824E+01
   8.477337E+01   2.743925E+01
   8.478967E+01   2.743858E+01
   8.479756E+01   2.743272E+01
   8.481502E+01   2.741958E+01
   8.483370E+01   2.741821E+01
   8.484100E+01   2.741258E+01
   8.484764E+01   2.740917E+01
   8.485211E+01   2.739914E+01
   8.487167E+01   2.739965E+01
   8.487862E+01   2.739373E+01
   8.489152E+01   2.738768E+01
   8.490136E+01   2.737525E+01
   8.492206E+01   2.737104E+01
   8.493350E+01   2.736508E+01
   8.494119E+01   2.736365E+01
   8.494729E+01   2.736188E+01
   8.497920E+01   2.727594E+01
   8.495645E+01   2.712402E+01
   8.491655E+01   2.702633E+01
   8.487378E+01   2.698668E+01
   8.487260E+01   2.698734E+01
   8.487231E+01   2.698763E+01
   8.487157E+01   2.698778E+01
   8.487115E+01   2.698858E+01
   8.487096E+01   2.698898E+01
   8.487034E+01   2.698929E+01
   8.487009E+01   2.698901E+01
   8.486978E+01   2.698890E+01
   8.486900E+01   2.698912E+01
   8.486851E+01   2.698898E+01
   8.486772E+01   2.698929E+01
   8.486683E+01   2.698912E+01
   8.486686E+01   2.698840E+01
   8.486720E+01   2.698826E+01
   8.486766E+01   2.698812E+01
   8.486801E+01   2.698845E+01
   8.486841E+01   2.698823E+01
   8.486802E+01   2.698776E+01
   8.486730E+01   2.698746E+01
   8.486732E+01   2.698689E+01
   8.486712E+01   2.698586E+01
   8.486682E+01   2.698489E+01
   8.486653E+01   2.698467E+01
   8.486465E+01   2.698444E+01
   8.486302E+01   2.698633E+01
   8.486029E+01   2.698759E+01
   8.485943E+01   2.698761E+01
   8.485877E+01   2.698906E+01
   8.485802E+01   2.698965E+01
   8.485735E+01   2.698895E+01
   8.485762E+01   2.698841E+01
   8.485814E+01   2.698719E+01
   8.485724E+01   2.698631E+01
   8.485585E+01   2.698543E+01
   8.485521E+01   2.698737E+01
   8.485563E+01   2.698908E+01
   8.485727E+01   2.698982E+01
   8.485767E+01   2.699033E+01
   8.485571E+01   2.699120E+01
   8.485473E+01   2.699295E+01
   8.485504E+01   2.699386E+01
   8.485636E+01   2.699294E+01
   8.485714E+01   2.699171E+01
   8.485737E+01   2.699326E+01
   8.485793E+01   2.699466E+01
   8.485744E+01   2.699491E+01
   8.485717E+01   2.699571E+01
   8.485794E+01   2.699566E+01
   8.485805E+01   2.699615E+01
   8.485736E+01   2.699656E+01
   8.485596E+01   2.699606E+01
   8.485547E+01   2.699635E+01
   8.485629E+01   2.699692E+01
   8.485736E+01   2.699722E+01
   8.485726E+01   2.699858E+01
   8.485619E+01   2.699878E+01
   8.485535E+01   2.699824E+01
   8.485482E+01   2.699809E+01
   8.485399E+01   2.699918E+01
   8.485314E+01   2.699919E+01
   8.485293E+01   2.699876E+01
   8.485330E+01   2.699799E+01
   8.485280E+01   2.699784E+01
   8.485209E+01   2.699865E+01
   8.485136E+01   2.699857E+01
   8.485050E+01   2.699795E+01
   8.485039E+01   2.699864E+01
   8.485143E+01   2.700087E+01
   8.485247E+01   2.700119E+01
   8.485239E+01   2.700222E+01
   8.485121E+01   2.700245E+01
   8.485099E+01   2.700314E+01
   8.485175E+01   2.700394E+01
   8.485198E+01   2.700461E+01
   8.485256E+01   2.700605E+01
   8.485373E+01   2.700609E+01
   8.485460E+01   2.700637E+01
   8.485415E+01   2.700763E+01
   8.484636E+01   2.701126E+01
   8.483784E+01   2.701446E+01
   8.483113E+01   2.701813E+01
   8.482790E+01   2.701977E+01
   8.482237E+01   2.702157E+01
   8.482049E+01   2.702146E+01
   8.481945E+01   2.702163E+01
   8.481838E+01   2.702051E+01
   8.481784E+01   2.702013E+01
   8.481590E+01   2.701932E+01
   8.481165E+01   2.701787E+01
   8.480907E+01   2.701686E+01
   8.480683E+01   2.701485E+01
   8.480723E+01   2.701335E+01
   8.480917E+01   2.701420E+01
   8.481010E+01   2.701401E+01
   8.480925E+01   2.701118E+01
   8.480811E+01   2.701188E+01
   8.480654E+01   2.701149E+01
   8.480628E+01   2.700869E+01
   8.480732E+01   2.700772E+01
   8.480712E+01   2.700713E+01
   8.480645E+01   2.700695E+01
   8.480568E+01   2.700686E+01
   8.480544E+01   2.700626E+01
   8.480450E+01   2.700624E+01
   8.480164E+01   2.700524E+01
   8.480089E+01   2.700407E+01
   8.480111E+01   2.700336E+01
   8.480107E+01   2.700286E+01
   8.480085E+01   2.700229E+01
   8.480059E+01   2.700119E+01
   8.480011E+01   2.700085E+01
   8.479949E+01   2.700146E+01
   8.479862E+01   2.700381E+01
   8.479741E+01   2.700431E+01
   8.479706E+01   2.700400E+01
   8.479704E+01   2.700326E+01
   8.479655E+01   2.700321E+01
   8.479609E+01   2.700329E+01
   8.479601E+01   2.700256E+01
   8.479617E+01   2.700118E+01
   8.479588E+01   2.700033E+01
   8.479512E+01   2.699924E+01
   8.479436E+01   2.699828E+01
   8.479384E+01   2.699600E+01
   8.479300E+01   2.699606E+01
   8.479247E+01   2.699665E+01
   8.479137E+01   2.699695E+01
   8.479053E+01   2.699773E+01
   8.479115E+01   2.699892E+01
   8.479149E+01   2.699920E+01
   8.479121E+01   2.699967E+01
   8.479014E+01   2.699920E+01
   8.478964E+01   2.699820E+01
   8.478945E+01   2.699738E+01
   8.478844E+01   2.699703E+01
   8.478823E+01   2.699773E+01
   8.478838E+01   2.699861E+01
   8.478654E+01   2.699841E+01
   8.478765E+01   2.700331E+01
   8.478737E+01   2.700407E+01
   8.478714E+01   2.700490E+01
   8.478766E+01   2.700577E+01
   8.478853E+01   2.700596E+01
   8.478812E+01   2.700698E+01
   8.478776E+01   2.700761E+01
   8.478893E+01   2.700855E+01
   8.478897E+01   2.700914E+01
   8.478857E+01   2.700956E+01
   8.478762E+01   2.700874E+01
   8.478706E+01   2.700884E+01
   8.478632E+01   2.701061E+01
   8.478585E+01   2.701107E+01
   8.478531E+01   2.701062E+01
   8.478577E+01   2.700920E+01
   8.478567E+01   2.700779E+01
   8.478520E+01   2.700743E+01
   8.478435E+01   2.700753E+01
   8.478383E+01   2.700817E+01
   8.478353E+01   2.700970E+01
   8.478219E+01   2.701183E+01
   8.478244E+01   2.701359E+01
   8.477885E+01   2.701551E+01
   8.477331E+01   2.701773E+01
   8.477227E+01   2.701771E+01
   8.477179E+01   2.701776E+01
   8.477134E+01   2.701730E+01
   8.477016E+01   2.701663E+01
   8.476858E+01   2.701548E+01
   8.476811E+01   2.701484E+01
   8.476751E+01   2.701484E+01
   8.476677E+01   2.701404E+01
   8.476631E+01   2.701407E+01
   8.476582E+01   2.701404E+01
   8.476533E+01   2.701348E+01
   8.476443E+01   2.701318E+01
   8.476419E+01   2.701195E+01
   8.476388E+01   2.701049E+01
   8.476296E+01   2.700980E+01
   8.476218E+01   2.700908E+01
   8.476190E+01   2.700781E+01
   8.476097E+01   2.700657E+01
   8.476101E+01   2.700574E+01
   8.476039E+01   2.700563E+01
   8.475999E+01   2.700499E+01
   8.475889E+01   2.700406E+01
   8.475808E+01   2.700338E+01
   8.475785E+01   2.700287E+01
   8.475528E+01   2.700353E+01
   8.474342E+01   2.700900E+01
   8.473333E+01   2.701373E+01
   8.473191E+01   2.701414E+01
   8.472977E+01   2.701493E+01
   8.472782E+01   2.701351E+01
   8.472474E+01   2.701370E+01
   8.472126E+01   2.701415E+01
   8.471931E+01   2.701537E+01
   8.471910E+01   2.701725E+01
   8.471836E+01   2.701755E+01
   8.471783E+01   2.701766E+01
   8.471750E+01   2.701740E+01
   8.471711E+01   2.701737E+01
   8.471715E+01   2.701888E+01
   8.471543E+01   2.701993E+01
   8.471470E+01   2.702074E+01
   8.471289E+01   2.702187E+01
   8.471162E+01   2.702122E+01
   8.470990E+01   2.702145E+01
   8.470704E+01   2.702314E+01
   8.470354E+01   2.702592E+01
   8.470214E+01   2.702670E+01
   8.470081E+01   2.702680E+01
   8.469913E+01   2.702763E+01
   8.468571E+01   2.703066E+01
   8.467761E+01   2.703319E+01
   8.465821E+01   2.704052E+01
   8.464622E+01   2.704501E+01
   8.464300E+01   2.704680E+01
   8.464265E+01   2.704867E+01
   8.464444E+01   2.704896E+01
   8.464313E+01   2.705013E+01
   8.464373E+01   2.705119E+01
   8.464591E+01   2.705114E+01
   8.464630E+01   2.705209E+01
   8.464517E+01   2.705416E+01
   8.464511E+01   2.705548E+01
   8.464441E+01   2.705681E+01
   8.464562E+01   2.705824E+01
   8.464553E+01   2.705879E+01
   8.464462E+01   2.705859E+01
   8.464360E+01   2.705895E+01
   8.464278E+01   2.705956E+01
   8.464314E+01   2.706047E+01
   8.464443E+01   2.706164E+01
   8.464423E+01   2.706216E+01
   8.464402E+01   2.706281E+01
   8.464529E+01   2.706371E+01
   8.464498E+01   2.706413E+01
   8.464391E+01   2.706496E+01
   8.464311E+01   2.706602E+01
   8.464478E+01   2.706693E+01
   8.464499E+01   2.706786E+01
   8.464567E+01   2.706879E+01
   8.464625E+01   2.707077E+01
   8.464711E+01   2.707091E+01
   8.464732E+01   2.707143E+01
   8.464666E+01   2.707285E+01
   8.464619E+01   2.707499E+01
   8.464629E+01   2.707587E+01
   8.464696E+01   2.707581E+01
   8.464706E+01   2.707632E+01
   8.464729E+01   2.707636E+01
   8.464748E+01   2.707573E+01
   8.464796E+01   2.707502E+01
   8.464869E+01   2.707658E+01
   8.465003E+01   2.707724E+01
   8.465086E+01   2.707711E+01
   8.465110E+01   2.707778E+01
   8.465206E+01   2.707846E+01
   8.465253E+01   2.707775E+01
   8.465287E+01   2.707754E+01
   8.465322E+01   2.707842E+01
   8.465298E+01   2.707913E+01
   8.465236E+01   2.707985E+01
   8.465231E+01   2.708045E+01
   8.465308E+01   2.708070E+01
   8.465449E+01   2.707963E+01
   8.465610E+01   2.707924E+01
   8.465740E+01   2.707965E+01
   8.465808E+01   2.707960E+01
   8.465864E+01   2.708000E+01
   8.465879E+01   2.708054E+01
   8.465825E+01   2.708116E+01
   8.465715E+01   2.708129E+01
   8.465645E+01   2.708130E+01
   8.465553E+01   2.708210E+01
   8.465500E+01   2.708220E+01
   8.465406E+01   2.708191E+01
   8.465370E+01   2.708272E+01
   8.465428E+01   2.708336E+01
   8.465497E+01   2.708425E+01
   8.465553E+01   2.708416E+01
   8.465654E+01   2.708312E+01
   8.465719E+01   2.708304E+01
   8.465724E+01   2.708277E+01
   8.465765E+01   2.708284E+01
   8.465800E+01   2.708388E+01
   8.465930E+01   2.708491E+01
   8.466005E+01   2.708491E+01
   8.466141E+01   2.708534E+01
   8.466175E+01   2.708574E+01
   8.466237E+01   2.708643E+01
   8.466293E+01   2.708647E+01
   8.466346E+01   2.708618E+01
   8.466396E+01   2.708598E+01
   8.466415E+01   2.708621E+01
   8.466441E+01   2.708636E+01
   8.466467E+01   2.708640E+01
   8.466463E+01   2.708669E+01
   8.466370E+01   2.708732E+01
   8.466325E+01   2.708809E+01
   8.466296E+01   2.708864E+01
   8.466279E+01   2.708911E+01
   8.466334E+01   2.708944E+01
   8.466441E+01   2.708872E+01
   8.466593E+01   2.708768E+01
   8.466619E+01   2.708783E+01
   8.466636E+01   2.708923E+01
   8.466636E+01   2.709040E+01
   8.466680E+01   2.709058E+01
   8.466763E+01   2.708997E+01
   8.466850E+01   2.708969E+01
   8.466899E+01   2.709009E+01
   8.466958E+01   2.709081E+01
   8.467034E+01   2.709124E+01
   8.466941E+01   2.709203E+01
   8.466898E+01   2.709204E+01
   8.466902E+01   2.709178E+01
   8.466881E+01   2.709165E+01
   8.466824E+01   2.709201E+01
   8.466822E+01   2.709256E+01
   8.466786E+01   2.709273E+01
   8.466727E+01   2.709244E+01
   8.466701E+01   2.709270E+01
   8.466613E+01   2.709297E+01
   8.466441E+01   2.709262E+01
   8.466373E+01   2.709248E+01
   8.466371E+01   2.709319E+01
   8.466413E+01   2.709414E+01
   8.466440E+01   2.709458E+01
   8.466676E+01   2.709344E+01
   8.466717E+01   2.709346E+01
   8.466679E+01   2.709399E+01
   8.466684E+01   2.709436E+01
   8.466798E+01   2.709455E+01
   8.466878E+01   2.709511E+01
   8.466919E+01   2.709601E+01
   8.466945E+01   2.709676E+01
   8.466955E+01   2.709829E+01
   8.467051E+01   2.709809E+01
   8.467312E+01   2.709637E+01
   8.467367E+01   2.709596E+01
   8.467450E+01   2.709656E+01
   8.467424E+01   2.709940E+01
   8.467513E+01   2.710078E+01
   8.467314E+01   2.710535E+01
   8.467321E+01   2.710718E+01
   8.467403E+01   2.710898E+01
   8.467280E+01   2.710920E+01
   8.467044E+01   2.710713E+01
   8.466948E+01   2.710768E+01
   8.466888E+01   2.710901E+01
   8.466932E+01   2.711035E+01
   8.467116E+01   2.711200E+01
   8.467251E+01   2.711394E+01
   8.467563E+01   2.711446E+01
   8.467688E+01   2.711570E+01
   8.467683E+01   2.711767E+01
   8.467688E+01   2.711931E+01
   8.467620E+01   2.711964E+01
   8.467623E+01   2.712015E+01
   8.467593E+01   2.712055E+01
   8.467541E+01   2.712121E+01
   8.467535E+01   2.712265E+01
   8.467560E+01   2.712384E+01
   8.467741E+01   2.712449E+01
   8.467776E+01   2.712487E+01
   8.467728E+01   2.712506E+01
   8.467724E+01   2.712549E+01
   8.467807E+01   2.712601E+01
   8.467845E+01   2.712625E+01
   8.467782E+01   2.712658E+01
   8.467767E+01   2.712692E+01
   8.467813E+01   2.712711E+01
   8.467873E+01   2.712711E+01
   8.467885E+01   2.712777E+01
   8.467808E+01   2.712831E+01
   8.467787E+01   2.712956E+01
   8.467841E+01   2.713167E+01
   8.467902E+01   2.713218E+01
   8.467925E+01   2.713286E+01
   8.467873E+01   2.713312E+01
   8.467837E+01   2.713291E+01
   8.467787E+01   2.713255E+01
   8.467738E+01   2.713295E+01
   8.467745E+01   2.713398E+01
   8.467836E+01   2.713494E+01
   8.467948E+01   2.713561E+01
   8.468052E+01   2.713724E+01
   8.468150E+01   2.713961E+01
   8.468380E+01   2.714293E+01
   8.468351E+01   2.715013E+01
   8.468228E+01   2.715009E+01
   8.468116E+01   2.715090E+01
   8.468241E+01   2.715235E+01
   8.468475E+01   2.715579E+01
   8.468599E+01   2.715743E+01
   8.468428E+01   2.716069E+01
   8.468160E+01   2.715921E+01
   8.467991E+01   2.716030E+01
   8.467733E+01   2.716201E+01
   8.467739E+01   2.716421E+01
   8.467966E+01   2.716681E+01
   8.468038E+01   2.716994E+01
   8.467736E+01   2.717012E+01
   8.467539E+01   2.717086E+01
   8.468034E+01   2.717502E+01
   8.468355E+01   2.717761E+01
   8.468216E+01   2.717874E+01
   8.468377E+01   2.718046E+01
   8.468551E+01   2.718043E+01
   8.468376E+01   2.718183E+01
   8.468441E+01   2.718279E+01
   8.468353E+01   2.718446E+01
   8.468130E+01   2.718505E+01
   8.468128E+01   2.718627E+01
   8.468031E+01   2.718557E+01
   8.468147E+01   2.718753E+01
   8.468210E+01   2.718920E+01
   8.468276E+01   2.719100E+01
   8.468360E+01   2.719588E+01
   8.468300E+01   2.719850E+01
   8.468073E+01   2.720087E+01
   8.468250E+01   2.720256E+01
   8.468404E+01   2.720569E+01
   8.468550E+01   2.720597E+01
   8.468538E+01   2.720706E+01
   8.468565E+01   2.720818E+01
   8.468671E+01   2.720896E+01
   8.468586E+01   2.721075E+01
   8.468441E+01   2.721306E+01
   8.468567E+01   2.721305E+01
   8.468699E+01   2.721451E+01
   8.468820E+01   2.721533E+01
   8.469059E+01   2.721578E+01
   8.468953E+01   2.721734E+01
   8.468895E+01   2.722132E+01
   8.468831E+01   2.722407E+01
   8.468610E+01   2.722527E+01
   8.468469E+01   2.722779E+01
   8.468487E+01   2.723028E+01
   8.468260E+01   2.723543E+01
   8.468115E+01   2.723748E+01
   8.467847E+01   2.724303E+01
   8.464748E+01   2.729887E+01
   8.463687E+01   2.731627E+01
   8.462207E+01   2.733715E+01
   8.461719E+01   2.733881E+01
   8.461263E+01   2.733787E+01
   8.460771E+01   2.733654E+01
   8.460413E+01   2.733777E+01
   8.459862E+01   2.733903E+01
   8.459356E+01   2.734068E+01
   8.458852E+01   2.734131E+01
   8.458079E+01   2.734318E+01
   8.456706E+01   2.734702E+01
   8.455496E+01   2.734914E+01
   8.454511E+01   2.734985E+01
   8.453385E+01   2.735037E+01
   8.452564E+01   2.735232E+01
   8.451803E+01   2.735321E+01
   8.451070E+01   2.735452E+01
   8.449658E+01   2.735665E+01
   8.448623E+01   2.735891E+01
   8.449476E+01   2.737663E+01
   8.450981E+01   2.738047E+01
   8.452980E+01   2.738207E+01
   8.453873E+01   2.738886E+01
   8.453517E+01   2.740333E+01
   8.453912E+01   2.741252E+01
   8.453650E+01   2.741579E+01
   8.454774E+01   2.742686E+01
   8.455547E+01   2.744131E+01
   8.456466E+01   2.746375E+01
   8.458175E+01   2.745464E+01
   8.459359E+01   2.745359E+01
   8.460683E+01   2.745468E+01
   8.462801E+01   2.745099E+01
   8.464716E+01   2.742923E+01
