   8.190976E+01   2.920325E+01
   8.190268E+01   2.921011E+01
   8.189379E+01   2.921398E+01
   8.188982E+01   2.921862E+01
   8.188008E+01   2.922317E+01
   8.187153E+01   2.922673E+01
   8.186298E+01   2.923299E+01
   8.184894E+01   2.924942E+01
   8.185192E+01   2.926689E+01
   8.187467E+01   2.927251E+01
   8.188070E+01   2.927480E+01
   8.187957E+01   2.928018E+01
   8.188011E+01   2.928217E+01
   8.188656E+01   2.928795E+01
   8.189835E+01   2.930080E+01
   8.189849E+01   2.931010E+01
   8.190468E+01   2.931553E+01
   8.190680E+01   2.932162E+01
   8.192527E+01   2.932854E+01
   8.193039E+01   2.933569E+01
   8.193000E+01   2.934027E+01
   8.192973E+01   2.934370E+01
   8.192518E+01   2.936098E+01
   8.192343E+01   2.938449E+01
   8.193096E+01   2.939553E+01
   8.192812E+01   2.940730E+01
   8.193075E+01   2.944009E+01
   8.197140E+01   2.945582E+01
   8.197819E+01   2.947347E+01
   8.199818E+01   2.947148E+01
   8.202076E+01   2.947031E+01
   8.204316E+01   2.948470E+01
   8.206130E+01   2.948076E+01
   8.208367E+01   2.948237E+01
   8.209457E+01   2.946370E+01
   8.211107E+01   2.946504E+01
   8.212811E+01   2.947083E+01
   8.214472E+01   2.944780E+01
   8.215093E+01   2.942830E+01
   8.216066E+01   2.941706E+01
   8.217506E+01   2.941547E+01
   8.218437E+01   2.940644E+01
   8.220477E+01   2.941106E+01
   8.221530E+01   2.940894E+01
   8.222328E+01   2.942641E+01
   8.223000E+01   2.943094E+01
   8.223653E+01   2.943735E+01
   8.224327E+01   2.943735E+01
   8.225017E+01   2.943428E+01
   8.225595E+01   2.943776E+01
   8.226251E+01   2.944369E+01
   8.227292E+01   2.944205E+01
   8.228271E+01   2.944366E+01
   8.229918E+01   2.944919E+01
   8.230112E+01   2.946606E+01
   8.230147E+01   2.948161E+01
   8.230614E+01   2.949589E+01
   8.231710E+01   2.950655E+01
   8.235620E+01   2.949224E+01
   8.240344E+01   2.947420E+01
   8.241113E+01   2.945643E+01
   8.241700E+01   2.944963E+01
   8.243252E+01   2.944515E+01
   8.245245E+01   2.945840E+01
   8.246692E+01   2.947247E+01
   8.247497E+01   2.948043E+01
   8.248008E+01   2.948574E+01
   8.248859E+01   2.949141E+01
   8.249933E+01   2.948828E+01
   8.249988E+01   2.947984E+01
   8.250018E+01   2.947446E+01
   8.250544E+01   2.946843E+01
   8.250190E+01   2.946014E+01
   8.250272E+01   2.944497E+01
   8.250786E+01   2.943691E+01
   8.251136E+01   2.942831E+01
   8.253182E+01   2.942158E+01
   8.255345E+01   2.941389E+01
   8.255685E+01   2.940090E+01
   8.255281E+01   2.938804E+01
   8.254892E+01   2.938059E+01
   8.254873E+01   2.937570E+01
   8.255396E+01   2.937358E+01
   8.256261E+01   2.936658E+01
   8.256853E+01   2.936262E+01
   8.257030E+01   2.935299E+01
   8.257471E+01   2.933868E+01
   8.258252E+01   2.933489E+01
   8.258774E+01   2.932906E+01
   8.258952E+01   2.932307E+01
   8.258994E+01   2.931070E+01
   8.258840E+01   2.930299E+01
   8.258302E+01   2.929452E+01
   8.257221E+01   2.929111E+01
   8.255991E+01   2.928923E+01
   8.255284E+01   2.928271E+01
   8.255086E+01   2.927020E+01
   8.254661E+01   2.925937E+01
   8.253513E+01   2.925196E+01
   8.253918E+01   2.924549E+01
   8.253616E+01   2.923747E+01
   8.253995E+01   2.922962E+01
   8.254207E+01   2.922230E+01
   8.254334E+01   2.921469E+01
   8.254861E+01   2.921032E+01
   8.255375E+01   2.920469E+01
   8.256495E+01   2.920147E+01
   8.257137E+01   2.919418E+01
   8.258169E+01   2.918967E+01
   8.258090E+01   2.918470E+01
   8.257870E+01   2.917941E+01
   8.257275E+01   2.917233E+01
   8.256906E+01   2.917226E+01
   8.255829E+01   2.916804E+01
   8.255415E+01   2.916594E+01
   8.254729E+01   2.916354E+01
   8.254244E+01   2.916275E+01
   8.253824E+01   2.916304E+01
   8.253110E+01   2.916393E+01
   8.252451E+01   2.916157E+01
   8.251337E+01   2.915590E+01
   8.250442E+01   2.915986E+01
   8.248380E+01   2.915982E+01
   8.244696E+01   2.915739E+01
   8.243456E+01   2.914175E+01
   8.241751E+01   2.913600E+01
   8.241411E+01   2.912347E+01
   8.241618E+01   2.911455E+01
   8.241458E+01   2.910596E+01
   8.240801E+01   2.909744E+01
   8.237525E+01   2.911065E+01
   8.235058E+01   2.911703E+01
   8.233766E+01   2.911528E+01
   8.230021E+01   2.912004E+01
   8.228397E+01   2.912479E+01
   8.227331E+01   2.912279E+01
   8.226514E+01   2.911526E+01
   8.226246E+01   2.910616E+01
   8.225593E+01   2.910553E+01
   8.224963E+01   2.910738E+01
   8.223816E+01   2.910181E+01
   8.222926E+01   2.910632E+01
   8.222467E+01   2.909716E+01
   8.221678E+01   2.909008E+01
   8.220064E+01   2.908927E+01
   8.219997E+01   2.907830E+01
   8.219516E+01   2.907450E+01
   8.218406E+01   2.906501E+01
   8.216820E+01   2.906875E+01
   8.216143E+01   2.906086E+01
   8.215518E+01   2.905291E+01
   8.214717E+01   2.904885E+01
   8.214663E+01   2.903856E+01
   8.214583E+01   2.903080E+01
   8.213584E+01   2.902936E+01
   8.212561E+01   2.902109E+01
   8.211730E+01   2.900731E+01
   8.212275E+01   2.899629E+01
   8.209522E+01   2.897912E+01
   8.207268E+01   2.897129E+01
   8.206091E+01   2.897639E+01
   8.204747E+01   2.898412E+01
   8.204324E+01   2.900567E+01
   8.201587E+01   2.905166E+01
   8.201104E+01   2.907335E+01
   8.201612E+01   2.909183E+01
   8.199020E+01   2.910559E+01
   8.196582E+01   2.912084E+01
   8.195181E+01   2.914035E+01
   8.193481E+01   2.915071E+01
   8.190220E+01   2.915785E+01
   8.190764E+01   2.918692E+01
