   8.494729E+01   2.736188E+01
   8.495582E+01   2.736431E+01
   8.496196E+01   2.736360E+01
   8.496998E+01   2.735545E+01
   8.497868E+01   2.736092E+01
   8.499434E+01   2.736557E+01
   8.499966E+01   2.736245E+01
   8.500287E+01   2.735289E+01
   8.502128E+01   2.735161E+01
   8.503258E+01   2.735821E+01
   8.504160E+01   2.735833E+01
   8.504991E+01   2.736361E+01
   8.505775E+01   2.736409E+01
   8.505934E+01   2.736289E+01
   8.506503E+01   2.736237E+01
   8.508456E+01   2.736144E+01
   8.509007E+01   2.735297E+01
   8.509246E+01   2.734262E+01
   8.509312E+01   2.733292E+01
   8.510182E+01   2.732339E+01
   8.511440E+01   2.731874E+01
   8.511852E+01   2.730733E+01
   8.512512E+01   2.729267E+01
   8.514245E+01   2.728380E+01
   8.515033E+01   2.726786E+01
   8.516092E+01   2.726189E+01
   8.517365E+01   2.725331E+01
   8.518016E+01   2.725324E+01
   8.518402E+01   2.724804E+01
   8.519153E+01   2.724474E+01
   8.519639E+01   2.724616E+01
   8.518954E+01   2.714400E+01
   8.516741E+01   2.698162E+01
   8.517345E+01   2.686903E+01
   8.516761E+01   2.686869E+01
   8.516043E+01   2.686926E+01
   8.515210E+01   2.687082E+01
   8.513985E+01   2.687119E+01
   8.513494E+01   2.686789E+01
   8.512819E+01   2.686948E+01
   8.512404E+01   2.687148E+01
   8.511684E+01   2.687205E+01
   8.511086E+01   2.687237E+01
   8.510938E+01   2.687125E+01
   8.510474E+01   2.687093E+01
   8.509865E+01   2.687066E+01
   8.509652E+01   2.686800E+01
   8.509341E+01   2.686726E+01
   8.509099E+01   2.686776E+01
   8.509037E+01   2.686842E+01
   8.508992E+01   2.686834E+01
   8.508940E+01   2.686787E+01
   8.508870E+01   2.686808E+01
   8.508878E+01   2.686743E+01
   8.508768E+01   2.686695E+01
   8.508658E+01   2.686719E+01
   8.508577E+01   2.686600E+01
   8.508566E+01   2.686439E+01
   8.508738E+01   2.686260E+01
   8.508861E+01   2.686143E+01
   8.508932E+01   2.686046E+01
   8.508776E+01   2.685929E+01
   8.508716E+01   2.685816E+01
   8.508769E+01   2.685703E+01
   8.508539E+01   2.685592E+01
   8.508484E+01   2.685527E+01
   8.508535E+01   2.685421E+01
   8.508715E+01   2.685379E+01
   8.508731E+01   2.685281E+01
   8.508623E+01   2.685292E+01
   8.508533E+01   2.685351E+01
   8.508335E+01   2.685489E+01
   8.508311E+01   2.685660E+01
   8.508152E+01   2.685713E+01
   8.507820E+01   2.685877E+01
   8.507763E+01   2.685588E+01
   8.507521E+01   2.685593E+01
   8.506774E+01   2.685428E+01
   8.506504E+01   2.684961E+01
   8.505953E+01   2.685532E+01
   8.505829E+01   2.685514E+01
   8.505731E+01   2.685214E+01
   8.505895E+01   2.684995E+01
   8.505599E+01   2.684946E+01
   8.504955E+01   2.685043E+01
   8.504076E+01   2.685171E+01
   8.503267E+01   2.685320E+01
   8.502832E+01   2.685378E+01
   8.502455E+01   2.685432E+01
   8.502282E+01   2.685544E+01
   8.502317E+01   2.685659E+01
   8.502425E+01   2.685708E+01
   8.502752E+01   2.685853E+01
   8.502996E+01   2.685993E+01
   8.502762E+01   2.686333E+01
   8.502771E+01   2.686764E+01
   8.502788E+01   2.687094E+01
   8.502952E+01   2.687563E+01
   8.503548E+01   2.687444E+01
   8.503701E+01   2.687674E+01
   8.503893E+01   2.687704E+01
   8.504174E+01   2.687418E+01
   8.504313E+01   2.687895E+01
   8.504579E+01   2.687859E+01
   8.505163E+01   2.687984E+01
   8.505204E+01   2.688155E+01
   8.504959E+01   2.688208E+01
   8.504876E+01   2.688464E+01
   8.505053E+01   2.688308E+01
   8.505247E+01   2.688389E+01
   8.505484E+01   2.688330E+01
   8.505886E+01   2.688262E+01
   8.506054E+01   2.688483E+01
   8.506031E+01   2.688604E+01
   8.505923E+01   2.688461E+01
   8.505641E+01   2.688554E+01
   8.505246E+01   2.688581E+01
   8.505086E+01   2.688946E+01
   8.504452E+01   2.689028E+01
   8.503924E+01   2.689119E+01
   8.502849E+01   2.689177E+01
   8.502231E+01   2.689172E+01
   8.502057E+01   2.689234E+01
   8.501485E+01   2.689382E+01
   8.500509E+01   2.689475E+01
   8.500254E+01   2.689606E+01
   8.499848E+01   2.689932E+01
   8.499381E+01   2.690256E+01
   8.499281E+01   2.690322E+01
   8.499310E+01   2.690567E+01
   8.499372E+01   2.690568E+01
   8.499444E+01   2.690614E+01
   8.499580E+01   2.690671E+01
   8.499691E+01   2.690613E+01
   8.499844E+01   2.690480E+01
   8.500052E+01   2.690434E+01
   8.500133E+01   2.690408E+01
   8.500153E+01   2.690346E+01
   8.500218E+01   2.690336E+01
   8.500240E+01   2.690424E+01
   8.500174E+01   2.690480E+01
   8.500163E+01   2.690571E+01
   8.500096E+01   2.690585E+01
   8.500053E+01   2.690606E+01
   8.500073E+01   2.690700E+01
   8.500080E+01   2.690782E+01
   8.500031E+01   2.690846E+01
   8.500105E+01   2.690919E+01
   8.500120E+01   2.690961E+01
   8.500112E+01   2.691020E+01
   8.500065E+01   2.691102E+01
   8.499938E+01   2.691214E+01
   8.499483E+01   2.691286E+01
   8.498595E+01   2.691394E+01
   8.498188E+01   2.691453E+01
   8.497476E+01   2.691538E+01
   8.496916E+01   2.691644E+01
   8.496959E+01   2.691814E+01
   8.497166E+01   2.692250E+01
   8.497145E+01   2.692781E+01
   8.497219E+01   2.692924E+01
   8.497321E+01   2.693041E+01
   8.497612E+01   2.693180E+01
   8.497729E+01   2.693395E+01
   8.497726E+01   2.693697E+01
   8.497507E+01   2.693878E+01
   8.497591E+01   2.693995E+01
   8.497840E+01   2.694011E+01
   8.497499E+01   2.694487E+01
   8.496863E+01   2.695347E+01
   8.496608E+01   2.695640E+01
   8.496626E+01   2.695827E+01
   8.496514E+01   2.695803E+01
   8.496419E+01   2.695830E+01
   8.496301E+01   2.695920E+01
   8.496280E+01   2.696025E+01
   8.496023E+01   2.696096E+01
   8.495882E+01   2.696081E+01
   8.495665E+01   2.696079E+01
   8.495579E+01   2.695991E+01
   8.495418E+01   2.695991E+01
   8.495214E+01   2.696069E+01
   8.495023E+01   2.696138E+01
   8.494836E+01   2.696207E+01
   8.493959E+01   2.696549E+01
   8.493672E+01   2.696658E+01
   8.493353E+01   2.696782E+01
   8.492981E+01   2.696862E+01
   8.492751E+01   2.696787E+01
   8.492453E+01   2.696820E+01
   8.492310E+01   2.696771E+01
   8.492110E+01   2.696819E+01
   8.491742E+01   2.696909E+01
   8.491408E+01   2.696894E+01
   8.491235E+01   2.696844E+01
   8.491151E+01   2.696792E+01
   8.490932E+01   2.696809E+01
   8.490163E+01   2.697032E+01
   8.489900E+01   2.697012E+01
   8.489662E+01   2.697315E+01
   8.489342E+01   2.697265E+01
   8.489151E+01   2.697114E+01
   8.489051E+01   2.697103E+01
   8.488867E+01   2.697630E+01
   8.488389E+01   2.697879E+01
   8.487559E+01   2.698082E+01
   8.486866E+01   2.698396E+01
   8.486698E+01   2.698328E+01
   8.486621E+01   2.698398E+01
   8.486674E+01   2.698484E+01
   8.486698E+01   2.698536E+01
   8.486729E+01   2.698660E+01
   8.486731E+01   2.698733E+01
   8.486751E+01   2.698767E+01
   8.486834E+01   2.698806E+01
   8.486816E+01   2.698843E+01
   8.486776E+01   2.698820E+01
   8.486735E+01   2.698821E+01
   8.486692E+01   2.698831E+01
   8.486676E+01   2.698896E+01
   8.486724E+01   2.698925E+01
   8.486833E+01   2.698905E+01
   8.486884E+01   2.698911E+01
   8.486957E+01   2.698900E+01
   8.486996E+01   2.698889E+01
   8.487025E+01   2.698925E+01
   8.487078E+01   2.698910E+01
   8.487107E+01   2.698876E+01
   8.487145E+01   2.698782E+01
   8.487219E+01   2.698767E+01
   8.487247E+01   2.698742E+01
   8.487347E+01   2.698691E+01
   8.487405E+01   2.698661E+01
   8.494055E+01   2.709822E+01
   8.497577E+01   2.723410E+01
   8.495089E+01   2.735785E+01
