   8.354984E+01   2.797679E+01
   8.354184E+01   2.797164E+01
   8.353382E+01   2.796819E+01
   8.353115E+01   2.796472E+01
   8.352509E+01   2.796592E+01
   8.351004E+01   2.796801E+01
   8.350734E+01   2.797156E+01
   8.350340E+01   2.797492E+01
   8.349737E+01   2.797736E+01
   8.348248E+01   2.798121E+01
   8.347800E+01   2.797480E+01
   8.347409E+01   2.797195E+01
   8.347166E+01   2.796873E+01
   8.346848E+01   2.796579E+01
   8.346672E+01   2.796380E+01
   8.346506E+01   2.796164E+01
   8.346451E+01   2.795806E+01
   8.346389E+01   2.795613E+01
   8.346247E+01   2.795383E+01
   8.345745E+01   2.795074E+01
   8.345052E+01   2.794828E+01
   8.344505E+01   2.794551E+01
   8.344365E+01   2.794322E+01
   8.344569E+01   2.793887E+01
   8.344008E+01   2.793405E+01
   8.344177E+01   2.793210E+01
   8.344752E+01   2.792840E+01
   8.345227E+01   2.793275E+01
   8.346333E+01   2.793241E+01
   8.347594E+01   2.792568E+01
   8.348377E+01   2.792257E+01
   8.348755E+01   2.792691E+01
   8.349540E+01   2.792715E+01
   8.350968E+01   2.793269E+01
   8.350355E+01   2.793714E+01
   8.351030E+01   2.794061E+01
   8.352252E+01   2.793089E+01
   8.352436E+01   2.792408E+01
   8.352724E+01   2.792904E+01
   8.353039E+01   2.793756E+01
   8.353225E+01   2.793953E+01
   8.353703E+01   2.793226E+01
   8.354026E+01   2.792775E+01
   8.355477E+01   2.793102E+01
   8.356403E+01   2.793393E+01
   8.356684E+01   2.793546E+01
   8.357051E+01   2.794356E+01
   8.357677E+01   2.793601E+01
   8.357381E+01   2.793072E+01
   8.358884E+01   2.793157E+01
   8.360093E+01   2.792351E+01
   8.361366E+01   2.792829E+01
   8.361808E+01   2.793025E+01
   8.361905E+01   2.792739E+01
   8.362478E+01   2.792670E+01
   8.362667E+01   2.792486E+01
   8.362105E+01   2.791742E+01
   8.363107E+01   2.791461E+01
   8.363171E+01   2.791156E+01
   8.363310E+01   2.790104E+01
   8.363439E+01   2.789924E+01
   8.364370E+01   2.789917E+01
   8.364874E+01   2.790245E+01
   8.366006E+01   2.791144E+01
   8.367121E+01   2.792532E+01
   8.367872E+01   2.792682E+01
   8.368125E+01   2.792232E+01
   8.368418E+01   2.791673E+01
   8.368732E+01   2.792338E+01
   8.369739E+01   2.791682E+01
   8.371121E+01   2.791678E+01
   8.371748E+01   2.792060E+01
   8.372181E+01   2.791685E+01
   8.373480E+01   2.790471E+01
   8.374612E+01   2.789945E+01
   8.374428E+01   2.790744E+01
   8.375785E+01   2.790294E+01
   8.375612E+01   2.790947E+01
   8.376719E+01   2.790701E+01
   8.378364E+01   2.789220E+01
   8.378975E+01   2.788499E+01
   8.379823E+01   2.788199E+01
   8.381538E+01   2.787409E+01
   8.382894E+01   2.787277E+01
   8.384589E+01   2.786914E+01
   8.384377E+01   2.788066E+01
   8.385092E+01   2.787736E+01
   8.385758E+01   2.787353E+01
   8.385993E+01   2.787972E+01
   8.386561E+01   2.788426E+01
   8.387394E+01   2.788598E+01
   8.387659E+01   2.788823E+01
   8.388069E+01   2.788792E+01
   8.388065E+01   2.788542E+01
   8.388253E+01   2.788233E+01
   8.388818E+01   2.788535E+01
   8.389115E+01   2.788638E+01
   8.389471E+01   2.788497E+01
   8.389966E+01   2.788297E+01
   8.390449E+01   2.788225E+01
   8.391265E+01   2.787916E+01
   8.391082E+01   2.787514E+01
   8.391192E+01   2.787162E+01
   8.391716E+01   2.787136E+01
   8.392295E+01   2.786911E+01
   8.392479E+01   2.786795E+01
   8.392916E+01   2.787089E+01
   8.393382E+01   2.787375E+01
   8.393629E+01   2.787724E+01
   8.393769E+01   2.787820E+01
   8.394075E+01   2.787848E+01
   8.394049E+01   2.788004E+01
   8.393866E+01   2.788085E+01
   8.393917E+01   2.788404E+01
   8.394114E+01   2.789048E+01
   8.394276E+01   2.789432E+01
   8.395193E+01   2.788910E+01
   8.395350E+01   2.789518E+01
   8.395827E+01   2.789839E+01
   8.396907E+01   2.790241E+01
   8.397472E+01   2.790318E+01
   8.397550E+01   2.790865E+01
   8.397799E+01   2.791449E+01
   8.397657E+01   2.791856E+01
   8.397611E+01   2.792140E+01
   8.397352E+01   2.792268E+01
   8.397332E+01   2.792816E+01
   8.397325E+01   2.793225E+01
   8.397246E+01   2.793576E+01
   8.396919E+01   2.793848E+01
   8.396985E+01   2.794223E+01
   8.397026E+01   2.794477E+01
   8.396975E+01   2.794719E+01
   8.396881E+01   2.795037E+01
   8.396828E+01   2.795301E+01
   8.396728E+01   2.795551E+01
   8.396767E+01   2.795965E+01
   8.397019E+01   2.795840E+01
   8.397169E+01   2.796082E+01
   8.397135E+01   2.796249E+01
   8.397324E+01   2.796392E+01
   8.397517E+01   2.796572E+01
   8.397639E+01   2.796673E+01
   8.397783E+01   2.796825E+01
   8.397872E+01   2.797144E+01
   8.397910E+01   2.798179E+01
   8.398101E+01   2.799226E+01
   8.398047E+01   2.799838E+01
   8.398798E+01   2.799816E+01
   8.400131E+01   2.800598E+01
   8.401339E+01   2.801370E+01
   8.403140E+01   2.801979E+01
   8.402848E+01   2.802374E+01
   8.401997E+01   2.802849E+01
   8.401476E+01   2.802997E+01
   8.400933E+01   2.802867E+01
   8.400472E+01   2.803076E+01
   8.400214E+01   2.803453E+01
   8.399670E+01   2.803453E+01
   8.399665E+01   2.803882E+01
   8.399624E+01   2.804444E+01
   8.399604E+01   2.804697E+01
   8.399155E+01   2.804521E+01
   8.399064E+01   2.804504E+01
   8.398885E+01   2.804466E+01
   8.398779E+01   2.804389E+01
   8.398652E+01   2.804263E+01
   8.398616E+01   2.804166E+01
   8.398451E+01   2.803997E+01
   8.398225E+01   2.803932E+01
   8.398134E+01   2.803869E+01
   8.398062E+01   2.803776E+01
   8.397920E+01   2.803776E+01
   8.397789E+01   2.803818E+01
   8.397658E+01   2.803802E+01
   8.397532E+01   2.803812E+01
   8.397422E+01   2.803807E+01
   8.397304E+01   2.803817E+01
   8.397211E+01   2.803834E+01
   8.397091E+01   2.803822E+01
   8.396999E+01   2.803796E+01
   8.396912E+01   2.803816E+01
   8.396846E+01   2.803794E+01
   8.396769E+01   2.803769E+01
   8.396658E+01   2.803824E+01
   8.396581E+01   2.803887E+01
   8.396459E+01   2.803891E+01
   8.396371E+01   2.803895E+01
   8.396324E+01   2.803969E+01
   8.396228E+01   2.803987E+01
   8.396127E+01   2.803996E+01
   8.396155E+01   2.804057E+01
   8.396109E+01   2.804145E+01
   8.396171E+01   2.804233E+01
   8.396139E+01   2.804336E+01
   8.396140E+01   2.804395E+01
   8.396092E+01   2.804465E+01
   8.396006E+01   2.804552E+01
   8.395945E+01   2.804628E+01
   8.395926E+01   2.804701E+01
   8.395849E+01   2.804726E+01
   8.395814E+01   2.804783E+01
   8.395754E+01   2.804837E+01
   8.394807E+01   2.805144E+01
   8.394483E+01   2.805674E+01
   8.394034E+01   2.806728E+01
   8.394744E+01   2.806752E+01
   8.395465E+01   2.807023E+01
   8.396939E+01   2.807569E+01
   8.396895E+01   2.807631E+01
   8.396872E+01   2.807702E+01
   8.396775E+01   2.807702E+01
   8.396582E+01   2.807700E+01
   8.396465E+01   2.807769E+01
   8.396339E+01   2.807818E+01
   8.396244E+01   2.807879E+01
   8.396142E+01   2.807941E+01
   8.395962E+01   2.807956E+01
   8.395867E+01   2.807992E+01
   8.395880E+01   2.808082E+01
   8.395889E+01   2.808160E+01
   8.396260E+01   2.808798E+01
   8.397301E+01   2.809111E+01
   8.397953E+01   2.809810E+01
   8.398491E+01   2.809826E+01
   8.399511E+01   2.810233E+01
   8.400471E+01   2.811569E+01
   8.400436E+01   2.811709E+01
   8.400350E+01   2.811755E+01
   8.400148E+01   2.811818E+01
   8.400022E+01   2.812020E+01
   8.399924E+01   2.812278E+01
   8.399925E+01   2.812518E+01
   8.399879E+01   2.812645E+01
   8.400072E+01   2.812850E+01
   8.400209E+01   2.812918E+01
   8.400268E+01   2.813047E+01
   8.400173E+01   2.813165E+01
   8.399968E+01   2.813148E+01
   8.399771E+01   2.813283E+01
   8.399691E+01   2.813351E+01
   8.399665E+01   2.813392E+01
   8.399486E+01   2.813350E+01
   8.399358E+01   2.813460E+01
   8.399186E+01   2.813598E+01
   8.399014E+01   2.813423E+01
   8.398985E+01   2.813571E+01
   8.399104E+01   2.813659E+01
   8.398767E+01   2.813654E+01
   8.398666E+01   2.813841E+01
   8.398365E+01   2.813786E+01
   8.398268E+01   2.813991E+01
   8.398066E+01   2.813997E+01
   8.398020E+01   2.814277E+01
   8.397740E+01   2.814319E+01
   8.397238E+01   2.814222E+01
   8.397089E+01   2.814204E+01
   8.396916E+01   2.814273E+01
   8.396711E+01   2.814265E+01
   8.396442E+01   2.814109E+01
   8.396045E+01   2.813900E+01
   8.395831E+01   2.813968E+01
   8.395345E+01   2.814022E+01
   8.395227E+01   2.814235E+01
   8.393935E+01   2.814193E+01
   8.393156E+01   2.814419E+01
   8.392630E+01   2.814903E+01
   8.392284E+01   2.815425E+01
   8.392705E+01   2.816129E+01
   8.392379E+01   2.816864E+01
   8.391826E+01   2.817128E+01
   8.391267E+01   2.817237E+01
   8.390280E+01   2.818081E+01
   8.389850E+01   2.818780E+01
   8.389209E+01   2.819407E+01
   8.388054E+01   2.819354E+01
   8.387361E+01   2.819742E+01
   8.386513E+01   2.819728E+01
   8.385794E+01   2.819550E+01
   8.384678E+01   2.819966E+01
   8.384294E+01   2.820426E+01
   8.383944E+01   2.821096E+01
   8.383238E+01   2.821389E+01
   8.382343E+01   2.821441E+01
   8.380929E+01   2.821941E+01
   8.380278E+01   2.822017E+01
   8.379958E+01   2.820901E+01
   8.379534E+01   2.820688E+01
   8.379373E+01   2.820558E+01
   8.379173E+01   2.820404E+01
   8.378811E+01   2.820301E+01
   8.378688E+01   2.819966E+01
   8.378344E+01   2.819874E+01
   8.378266E+01   2.819636E+01
   8.378111E+01   2.819743E+01
   8.377904E+01   2.819847E+01
   8.377805E+01   2.819977E+01
   8.377674E+01   2.819994E+01
   8.377234E+01   2.819846E+01
   8.376549E+01   2.819289E+01
   8.375727E+01   2.818281E+01
   8.376577E+01   2.817095E+01
   8.376385E+01   2.815733E+01
   8.375929E+01   2.814609E+01
   8.374885E+01   2.814865E+01
   8.374112E+01   2.814869E+01
   8.372695E+01   2.814467E+01
   8.371141E+01   2.813342E+01
   8.370785E+01   2.812768E+01
   8.370695E+01   2.812120E+01
   8.370856E+01   2.811642E+01
   8.371660E+01   2.811160E+01
   8.372307E+01   2.810661E+01
   8.372958E+01   2.810097E+01
   8.372153E+01   2.809564E+01
   8.371330E+01   2.808895E+01
   8.370873E+01   2.808262E+01
   8.371125E+01   2.807212E+01
   8.370684E+01   2.805841E+01
   8.370229E+01   2.805218E+01
   8.369798E+01   2.805285E+01
   8.369385E+01   2.805261E+01
   8.369404E+01   2.804125E+01
   8.369157E+01   2.803247E+01
   8.369482E+01   2.802872E+01
   8.368801E+01   2.802494E+01
   8.367911E+01   2.801849E+01
   8.367224E+01   2.801688E+01
   8.366347E+01   2.801452E+01
   8.363930E+01   2.801666E+01
   8.362710E+01   2.801202E+01
   8.362708E+01   2.800536E+01
   8.362520E+01   2.800721E+01
   8.361999E+01   2.800897E+01
   8.361483E+01   2.801181E+01
   8.360630E+01   2.801061E+01
   8.360514E+01   2.800817E+01
   8.360398E+01   2.799966E+01
   8.359766E+01   2.799230E+01
   8.358638E+01   2.798812E+01
   8.358432E+01   2.798561E+01
   8.357943E+01   2.797929E+01
   8.357341E+01   2.797572E+01
   8.356340E+01   2.797466E+01
   8.355110E+01   2.797699E+01
