   8.172874E+01   2.865521E+01
   8.173572E+01   2.864850E+01
   8.174471E+01   2.864572E+01
   8.175351E+01   2.864543E+01
   8.176825E+01   2.863833E+01
   8.178348E+01   2.863543E+01
   8.178133E+01   2.864958E+01
   8.179426E+01   2.865822E+01
   8.179821E+01   2.866844E+01
   8.180915E+01   2.867810E+01
   8.181051E+01   2.868272E+01
   8.181145E+01   2.869846E+01
   8.182242E+01   2.873098E+01
   8.183626E+01   2.874082E+01
   8.185964E+01   2.873916E+01
   8.187125E+01   2.874493E+01
   8.188215E+01   2.875588E+01
   8.189851E+01   2.877223E+01
   8.190719E+01   2.878951E+01
   8.189162E+01   2.880756E+01
   8.188731E+01   2.881959E+01
   8.187994E+01   2.883745E+01
   8.187977E+01   2.886570E+01
   8.188720E+01   2.888063E+01
   8.189380E+01   2.890113E+01
   8.192651E+01   2.893831E+01
   8.192033E+01   2.896729E+01
   8.192058E+01   2.897765E+01
   8.190961E+01   2.898683E+01
   8.190089E+01   2.898201E+01
   8.189272E+01   2.898235E+01
   8.188117E+01   2.897603E+01
   8.187372E+01   2.897147E+01
   8.185584E+01   2.897221E+01
   8.184334E+01   2.897895E+01
   8.183508E+01   2.898165E+01
   8.182982E+01   2.898498E+01
   8.182340E+01   2.898367E+01
   8.181869E+01   2.898618E+01
   8.181363E+01   2.899212E+01
   8.180791E+01   2.899478E+01
   8.179658E+01   2.900269E+01
   8.179437E+01   2.900840E+01
   8.179487E+01   2.901324E+01
   8.179098E+01   2.901237E+01
   8.178252E+01   2.901831E+01
   8.177314E+01   2.901769E+01
   8.176736E+01   2.901895E+01
   8.175183E+01   2.901018E+01
   8.174167E+01   2.901354E+01
   8.173824E+01   2.901821E+01
   8.172995E+01   2.902161E+01
   8.172308E+01   2.902013E+01
   8.171459E+01   2.902085E+01
   8.171310E+01   2.902914E+01
   8.169989E+01   2.903507E+01
   8.169750E+01   2.904098E+01
   8.169050E+01   2.904907E+01
   8.167924E+01   2.904655E+01
   8.165766E+01   2.904068E+01
   8.163706E+01   2.904237E+01
   8.162341E+01   2.904225E+01
   8.161428E+01   2.903531E+01
   8.160763E+01   2.903768E+01
   8.160249E+01   2.904308E+01
   8.159436E+01   2.904569E+01
   8.158345E+01   2.904897E+01
   8.156923E+01   2.905272E+01
   8.156354E+01   2.906271E+01
   8.156556E+01   2.907884E+01
   8.156412E+01   2.909017E+01
   8.154734E+01   2.910129E+01
   8.153105E+01   2.910637E+01
   8.152290E+01   2.910405E+01
   8.151787E+01   2.909575E+01
   8.150870E+01   2.909024E+01
   8.150014E+01   2.909113E+01
   8.148784E+01   2.908633E+01
   8.147636E+01   2.908117E+01
   8.146901E+01   2.907645E+01
   8.146752E+01   2.906935E+01
   8.146212E+01   2.906541E+01
   8.145275E+01   2.905951E+01
   8.144268E+01   2.904634E+01
   8.143729E+01   2.903886E+01
   8.143120E+01   2.903304E+01
   8.141819E+01   2.902278E+01
   8.141350E+01   2.901589E+01
   8.141943E+01   2.900634E+01
   8.141157E+01   2.899785E+01
   8.141497E+01   2.899427E+01
   8.142014E+01   2.898777E+01
   8.142482E+01   2.898099E+01
   8.142404E+01   2.897343E+01
   8.142427E+01   2.896592E+01
   8.142753E+01   2.896511E+01
   8.142986E+01   2.896040E+01
   8.143812E+01   2.895700E+01
   8.144367E+01   2.895938E+01
   8.144514E+01   2.894641E+01
   8.144606E+01   2.894001E+01
   8.145138E+01   2.893974E+01
   8.145547E+01   2.893381E+01
   8.145713E+01   2.893044E+01
   8.146284E+01   2.892830E+01
   8.146609E+01   2.892959E+01
   8.147094E+01   2.892249E+01
   8.147955E+01   2.891057E+01
   8.148385E+01   2.890192E+01
   8.149536E+01   2.889209E+01
   8.150516E+01   2.888951E+01
   8.150935E+01   2.888968E+01
   8.151280E+01   2.887983E+01
   8.151906E+01   2.887194E+01
   8.152283E+01   2.886689E+01
   8.152925E+01   2.885823E+01
   8.153540E+01   2.884889E+01
   8.153795E+01   2.884065E+01
   8.153989E+01   2.883444E+01
   8.154415E+01   2.882740E+01
   8.154861E+01   2.881921E+01
   8.155195E+01   2.880949E+01
   8.155529E+01   2.880388E+01
   8.156868E+01   2.878904E+01
   8.158024E+01   2.877917E+01
   8.158087E+01   2.876968E+01
   8.158083E+01   2.875831E+01
   8.154640E+01   2.874886E+01
   8.155921E+01   2.873650E+01
   8.156150E+01   2.872735E+01
   8.157025E+01   2.871927E+01
   8.157665E+01   2.871150E+01
   8.158293E+01   2.870917E+01
   8.159327E+01   2.870618E+01
   8.160551E+01   2.870275E+01
   8.162183E+01   2.869173E+01
   8.162870E+01   2.869196E+01
   8.163490E+01   2.868434E+01
   8.164410E+01   2.867607E+01
   8.165664E+01   2.867835E+01
   8.166230E+01   2.867974E+01
   8.167006E+01   2.867671E+01
   8.167909E+01   2.867729E+01
   8.169380E+01   2.867150E+01
   8.170026E+01   2.866209E+01
   8.171213E+01   2.865606E+01
   8.172351E+01   2.865517E+01
