   8.818581E+01   2.677371E+01
   8.818115E+01   2.678868E+01
   8.818110E+01   2.679218E+01
   8.818038E+01   2.679425E+01
   8.818052E+01   2.679680E+01
   8.817899E+01   2.679886E+01
   8.817762E+01   2.680256E+01
   8.817724E+01   2.680611E+01
   8.817801E+01   2.680875E+01
   8.817805E+01   2.681173E+01
   8.817834E+01   2.681394E+01
   8.817815E+01   2.681697E+01
   8.817618E+01   2.681971E+01
   8.817339E+01   2.682305E+01
   8.817085E+01   2.682594E+01
   8.817133E+01   2.682978E+01
   8.817344E+01   2.683261E+01
   8.817210E+01   2.683529E+01
   8.816878E+01   2.683668E+01
   8.816854E+01   2.683990E+01
   8.816974E+01   2.684355E+01
   8.816821E+01   2.684687E+01
   8.816821E+01   2.685014E+01
   8.817210E+01   2.685156E+01
   8.817407E+01   2.685377E+01
   8.817311E+01   2.685579E+01
   8.817315E+01   2.685954E+01
   8.817330E+01   2.686376E+01
   8.817253E+01   2.686722E+01
   8.817094E+01   2.686928E+01
   8.816849E+01   2.686932E+01
   8.816566E+01   2.687235E+01
   8.816448E+01   2.687619E+01
   8.816198E+01   2.688095E+01
   8.815732E+01   2.688410E+01
   8.815223E+01   2.688650E+01
   8.814600E+01   2.688972E+01
   8.814263E+01   2.689265E+01
   8.813927E+01   2.689647E+01
   8.813625E+01   2.689824E+01
   8.813744E+01   2.690113E+01
   8.813881E+01   2.690405E+01
   8.814033E+01   2.690734E+01
   8.814180E+01   2.691001E+01
   8.814197E+01   2.691113E+01
   8.814329E+01   2.691298E+01
   8.814442E+01   2.691521E+01
   8.814485E+01   2.691583E+01
   8.814427E+01   2.691630E+01
   8.814420E+01   2.691712E+01
   8.814387E+01   2.691777E+01
   8.814423E+01   2.691862E+01
   8.814499E+01   2.692000E+01
   8.814593E+01   2.692092E+01
   8.814449E+01   2.692288E+01
   8.814349E+01   2.692378E+01
   8.814238E+01   2.692527E+01
   8.814154E+01   2.692683E+01
   8.814020E+01   2.692790E+01
   8.813924E+01   2.692898E+01
   8.813880E+01   2.693014E+01
   8.813799E+01   2.693225E+01
   8.813708E+01   2.693402E+01
   8.813504E+01   2.693508E+01
   8.813374E+01   2.693638E+01
   8.813255E+01   2.693765E+01
   8.813197E+01   2.693834E+01
   8.813032E+01   2.693890E+01
   8.812857E+01   2.693963E+01
   8.812785E+01   2.694132E+01
   8.812680E+01   2.694228E+01
   8.812544E+01   2.694372E+01
   8.812429E+01   2.694534E+01
   8.812327E+01   2.694688E+01
   8.812262E+01   2.694829E+01
   8.812146E+01   2.694942E+01
   8.812090E+01   2.695010E+01
   8.812031E+01   2.695077E+01
   8.812088E+01   2.695223E+01
   8.812078E+01   2.695284E+01
   8.812113E+01   2.695481E+01
   8.812139E+01   2.695687E+01
   8.812197E+01   2.695868E+01
   8.812289E+01   2.696047E+01
   8.812232E+01   2.696162E+01
   8.812249E+01   2.696293E+01
   8.812226E+01   2.696384E+01
   8.812183E+01   2.696547E+01
   8.812215E+01   2.696741E+01
   8.812308E+01   2.696980E+01
   8.812378E+01   2.697132E+01
   8.812506E+01   2.697279E+01
   8.812572E+01   2.697391E+01
   8.812762E+01   2.697678E+01
   8.812911E+01   2.697833E+01
   8.813027E+01   2.698043E+01
   8.813127E+01   2.698132E+01
   8.813170E+01   2.698199E+01
   8.813393E+01   2.698347E+01
   8.813470E+01   2.698441E+01
   8.813529E+01   2.698480E+01
   8.813514E+01   2.698523E+01
   8.813415E+01   2.698670E+01
   8.813143E+01   2.698700E+01
   8.813010E+01   2.698755E+01
   8.812766E+01   2.698786E+01
   8.812284E+01   2.698766E+01
   8.812111E+01   2.698743E+01
   8.811734E+01   2.698789E+01
   8.811450E+01   2.698924E+01
   8.811245E+01   2.699110E+01
   8.811013E+01   2.699180E+01
   8.810892E+01   2.699308E+01
   8.810893E+01   2.699471E+01
   8.810769E+01   2.699554E+01
   8.810668E+01   2.699613E+01
   8.810535E+01   2.699714E+01
   8.810286E+01   2.699912E+01
   8.810064E+01   2.700193E+01
   8.809875E+01   2.700408E+01
   8.809682E+01   2.700415E+01
   8.809563E+01   2.700434E+01
   8.809397E+01   2.700455E+01
   8.809212E+01   2.700468E+01
   8.809053E+01   2.700645E+01
   8.808971E+01   2.700748E+01
   8.808823E+01   2.700875E+01
   8.808808E+01   2.701028E+01
   8.808798E+01   2.701123E+01
   8.808851E+01   2.701389E+01
   8.808837E+01   2.701583E+01
   8.808750E+01   2.701743E+01
   8.808488E+01   2.702059E+01
   8.808451E+01   2.702163E+01
   8.808349E+01   2.702349E+01
   8.808350E+01   2.702532E+01
   8.808302E+01   2.702878E+01
   8.808218E+01   2.703015E+01
   8.808056E+01   2.703271E+01
   8.807921E+01   2.703398E+01
   8.807774E+01   2.703523E+01
   8.807693E+01   2.703553E+01
   8.807548E+01   2.703548E+01
   8.807342E+01   2.703440E+01
   8.807208E+01   2.703363E+01
   8.806976E+01   2.703171E+01
   8.806799E+01   2.703150E+01
   8.806677E+01   2.703126E+01
   8.806431E+01   2.703135E+01
   8.806272E+01   2.703024E+01
   8.806016E+01   2.702952E+01
   8.805921E+01   2.702943E+01
   8.805772E+01   2.703193E+01
   8.805612E+01   2.703248E+01
   8.805472E+01   2.703280E+01
   8.805353E+01   2.703325E+01
   8.805112E+01   2.703443E+01
   8.804767E+01   2.703519E+01
   8.804390E+01   2.703703E+01
   8.804246E+01   2.703639E+01
   8.804123E+01   2.703646E+01
   8.804005E+01   2.703639E+01
   8.803833E+01   2.703632E+01
   8.803735E+01   2.703717E+01
   8.803726E+01   2.703785E+01
   8.803646E+01   2.703850E+01
   8.803665E+01   2.703993E+01
   8.803609E+01   2.704134E+01
   8.803502E+01   2.704252E+01
   8.803443E+01   2.704364E+01
   8.803332E+01   2.704384E+01
   8.803255E+01   2.704469E+01
   8.803132E+01   2.704638E+01
   8.803039E+01   2.704697E+01
   8.803001E+01   2.704810E+01
   8.802995E+01   2.704892E+01
   8.802881E+01   2.704943E+01
   8.802879E+01   2.705011E+01
   8.802765E+01   2.705095E+01
   8.802676E+01   2.705281E+01
   8.802590E+01   2.705467E+01
   8.802587E+01   2.705662E+01
   8.802575E+01   2.705794E+01
   8.802439E+01   2.705973E+01
   8.802363E+01   2.706083E+01
   8.802260E+01   2.706300E+01
   8.802245E+01   2.706382E+01
   8.802285E+01   2.706481E+01
   8.802144E+01   2.706837E+01
   8.802107E+01   2.706945E+01
   8.801890E+01   2.707009E+01
   8.801732E+01   2.707241E+01
   8.801626E+01   2.707522E+01
   8.801697E+01   2.707774E+01
   8.801808E+01   2.707948E+01
   8.801860E+01   2.708037E+01
   8.802056E+01   2.708223E+01
   8.802067E+01   2.708482E+01
   8.802086E+01   2.708696E+01
   8.801949E+01   2.708751E+01
   8.801755E+01   2.708836E+01
   8.801635E+01   2.708855E+01
   8.801568E+01   2.708879E+01
   8.801525E+01   2.709006E+01
   8.801391E+01   2.709086E+01
   8.801323E+01   2.709321E+01
   8.801245E+01   2.709564E+01
   8.801192E+01   2.709733E+01
   8.801110E+01   2.709775E+01
   8.800942E+01   2.709839E+01
   8.800883E+01   2.709862E+01
   8.800775E+01   2.709921E+01
   8.800829E+01   2.710032E+01
   8.800808E+01   2.710104E+01
   8.800647E+01   2.710203E+01
   8.800406E+01   2.710352E+01
   8.800185E+01   2.710514E+01
   8.800027E+01   2.710395E+01
   8.799870E+01   2.710375E+01
   8.799511E+01   2.710364E+01
   8.799339E+01   2.710477E+01
   8.799114E+01   2.710609E+01
   8.797068E+01   2.710305E+01
   8.794033E+01   2.709891E+01
   8.790967E+01   2.709280E+01
   8.785700E+01   2.706032E+01
   8.782162E+01   2.704037E+01
   8.777430E+01   2.700996E+01
   8.773813E+01   2.701815E+01
   8.769998E+01   2.697582E+01
   8.770165E+01   2.692599E+01
   8.768679E+01   2.689509E+01
   8.764512E+01   2.686493E+01
   8.762125E+01   2.683972E+01
   8.765999E+01   2.681162E+01
   8.767736E+01   2.678328E+01
   8.767551E+01   2.675002E+01
   8.768476E+01   2.675537E+01
   8.769053E+01   2.675101E+01
   8.770058E+01   2.673157E+01
   8.770854E+01   2.670801E+01
   8.770822E+01   2.669407E+01
   8.774015E+01   2.667742E+01
   8.779218E+01   2.666451E+01
   8.782893E+01   2.669042E+01
   8.784735E+01   2.667377E+01
   8.786630E+01   2.667162E+01
   8.786556E+01   2.667883E+01
   8.786399E+01   2.669089E+01
   8.787988E+01   2.668480E+01
   8.788870E+01   2.668687E+01
   8.790315E+01   2.669117E+01
   8.792000E+01   2.669641E+01
   8.793542E+01   2.668913E+01
   8.793466E+01   2.669744E+01
   8.793748E+01   2.670193E+01
   8.793560E+01   2.670417E+01
   8.792735E+01   2.671230E+01
   8.793968E+01   2.672718E+01
   8.795193E+01   2.672895E+01
   8.795884E+01   2.675046E+01
   8.794774E+01   2.676700E+01
   8.795999E+01   2.678607E+01
   8.796345E+01   2.677766E+01
   8.797883E+01   2.677831E+01
   8.797862E+01   2.675924E+01
   8.799799E+01   2.676924E+01
   8.800595E+01   2.677672E+01
   8.802123E+01   2.677111E+01
   8.802490E+01   2.677616E+01
   8.802866E+01   2.676560E+01
   8.805756E+01   2.675915E+01
   8.808268E+01   2.679139E+01
   8.809671E+01   2.679737E+01
   8.809336E+01   2.678597E+01
   8.810488E+01   2.675130E+01
   8.811928E+01   2.675022E+01
   8.812665E+01   2.676775E+01
   8.813712E+01   2.676812E+01
   8.815041E+01   2.679008E+01
   8.815083E+01   2.680961E+01
   8.816182E+01   2.679597E+01
   8.818581E+01   2.677371E+01
