   8.250223E+01   2.901691E+01
   8.248196E+01   2.901374E+01
   8.246798E+01   2.900291E+01
   8.245981E+01   2.899099E+01
   8.245212E+01   2.899057E+01
   8.244058E+01   2.899047E+01
   8.242691E+01   2.899964E+01
   8.240779E+01   2.900464E+01
   8.239705E+01   2.900692E+01
   8.239256E+01   2.901841E+01
   8.239786E+01   2.902682E+01
   8.240288E+01   2.904069E+01
   8.240524E+01   2.905348E+01
   8.240519E+01   2.907059E+01
   8.240731E+01   2.907950E+01
   8.240865E+01   2.908843E+01
   8.240801E+01   2.909744E+01
   8.237525E+01   2.911065E+01
   8.235058E+01   2.911703E+01
   8.233766E+01   2.911528E+01
   8.230021E+01   2.912004E+01
   8.228397E+01   2.912479E+01
   8.227331E+01   2.912279E+01
   8.226514E+01   2.911526E+01
   8.226246E+01   2.910616E+01
   8.225593E+01   2.910553E+01
   8.224963E+01   2.910738E+01
   8.223816E+01   2.910181E+01
   8.222926E+01   2.910632E+01
   8.222467E+01   2.909716E+01
   8.221678E+01   2.909008E+01
   8.220064E+01   2.908927E+01
   8.219997E+01   2.907830E+01
   8.219516E+01   2.907450E+01
   8.218406E+01   2.906501E+01
   8.216820E+01   2.906875E+01
   8.216143E+01   2.906086E+01
   8.215518E+01   2.905291E+01
   8.214717E+01   2.904885E+01
   8.214663E+01   2.903856E+01
   8.214583E+01   2.903080E+01
   8.213584E+01   2.902936E+01
   8.212561E+01   2.902109E+01
   8.211730E+01   2.900731E+01
   8.212275E+01   2.899629E+01
   8.209522E+01   2.897912E+01
   8.207268E+01   2.897129E+01
   8.206091E+01   2.897639E+01
   8.204747E+01   2.898412E+01
   8.204324E+01   2.900567E+01
   8.199706E+01   2.901415E+01
   8.198575E+01   2.900445E+01
   8.196118E+01   2.899132E+01
   8.192963E+01   2.898176E+01
   8.191904E+01   2.896944E+01
   8.192042E+01   2.894205E+01
   8.190498E+01   2.891164E+01
   8.188974E+01   2.888430E+01
   8.188363E+01   2.886735E+01
   8.187803E+01   2.884949E+01
   8.188681E+01   2.882376E+01
   8.188878E+01   2.881245E+01
   8.189707E+01   2.880115E+01
   8.190758E+01   2.877628E+01
   8.188302E+01   2.876199E+01
   8.187984E+01   2.874727E+01
   8.186336E+01   2.874259E+01
   8.184778E+01   2.873765E+01
   8.182746E+01   2.873573E+01
   8.181423E+01   2.871881E+01
   8.184210E+01   2.871126E+01
   8.185957E+01   2.869199E+01
   8.186692E+01   2.866401E+01
   8.187731E+01   2.865441E+01
   8.187823E+01   2.864865E+01
   8.188796E+01   2.864390E+01
   8.190620E+01   2.864530E+01
   8.192493E+01   2.864083E+01
   8.193665E+01   2.864141E+01
   8.194955E+01   2.863727E+01
   8.196881E+01   2.863898E+01
   8.197945E+01   2.864109E+01
   8.201801E+01   2.864474E+01
   8.203792E+01   2.863912E+01
   8.204582E+01   2.863723E+01
   8.205348E+01   2.864318E+01
   8.205817E+01   2.864510E+01
   8.205463E+01   2.863449E+01
   8.207352E+01   2.862823E+01
   8.208716E+01   2.861980E+01
   8.210061E+01   2.862198E+01
   8.211857E+01   2.862353E+01
   8.213557E+01   2.862644E+01
   8.214114E+01   2.861796E+01
   8.215456E+01   2.861343E+01
   8.216722E+01   2.861156E+01
   8.216973E+01   2.861237E+01
   8.217119E+01   2.861619E+01
   8.218334E+01   2.862209E+01
   8.218714E+01   2.863521E+01
   8.219185E+01   2.863861E+01
   8.219807E+01   2.866627E+01
   8.219566E+01   2.867439E+01
   8.219718E+01   2.868301E+01
   8.220574E+01   2.867717E+01
   8.221177E+01   2.868364E+01
   8.223151E+01   2.869142E+01
   8.224016E+01   2.871058E+01
   8.225260E+01   2.870965E+01
   8.226153E+01   2.870583E+01
   8.226803E+01   2.869944E+01
   8.227284E+01   2.869273E+01
   8.228007E+01   2.869458E+01
   8.227950E+01   2.870030E+01
   8.227587E+01   2.870466E+01
   8.228012E+01   2.870982E+01
   8.228521E+01   2.871626E+01
   8.228591E+01   2.872284E+01
   8.228802E+01   2.872896E+01
   8.228303E+01   2.873301E+01
   8.228898E+01   2.873635E+01
   8.228739E+01   2.874450E+01
   8.228443E+01   2.875023E+01
   8.228957E+01   2.875594E+01
   8.228340E+01   2.876190E+01
   8.228808E+01   2.877011E+01
   8.229355E+01   2.878132E+01
   8.230035E+01   2.878622E+01
   8.230719E+01   2.878774E+01
   8.231357E+01   2.878565E+01
   8.232339E+01   2.878550E+01
   8.233532E+01   2.878421E+01
   8.234224E+01   2.878615E+01
   8.234645E+01   2.878980E+01
   8.234782E+01   2.879254E+01
   8.235596E+01   2.879162E+01
   8.235858E+01   2.879399E+01
   8.236417E+01   2.879582E+01
   8.236422E+01   2.880006E+01
   8.236825E+01   2.880540E+01
   8.237403E+01   2.881620E+01
   8.237523E+01   2.882184E+01
   8.237967E+01   2.882497E+01
   8.238293E+01   2.882742E+01
   8.238820E+01   2.883108E+01
   8.239434E+01   2.883587E+01
   8.239900E+01   2.883913E+01
   8.240154E+01   2.884241E+01
   8.240699E+01   2.884413E+01
   8.241392E+01   2.884598E+01
   8.241730E+01   2.884949E+01
   8.242561E+01   2.884907E+01
   8.243343E+01   2.885450E+01
   8.243780E+01   2.885929E+01
   8.244172E+01   2.886415E+01
   8.245292E+01   2.887043E+01
   8.246054E+01   2.887503E+01
   8.246385E+01   2.887155E+01
   8.247398E+01   2.886925E+01
   8.248831E+01   2.887379E+01
   8.249866E+01   2.888502E+01
   8.250356E+01   2.889056E+01
   8.250832E+01   2.890734E+01
   8.251511E+01   2.894033E+01
   8.251781E+01   2.895216E+01
   8.251973E+01   2.895673E+01
   8.252768E+01   2.896426E+01
   8.253101E+01   2.896759E+01
   8.253563E+01   2.897532E+01
   8.254046E+01   2.897899E+01
   8.254646E+01   2.898305E+01
   8.256351E+01   2.898764E+01
   8.257380E+01   2.898926E+01
   8.257847E+01   2.898957E+01
   8.256644E+01   2.900022E+01
   8.254381E+01   2.900616E+01
   8.252333E+01   2.901463E+01
   8.250807E+01   2.901738E+01
