   8.751233E+01   2.729896E+01
   8.749018E+01   2.757645E+01
   8.756301E+01   2.769252E+01
   8.760529E+01   2.767992E+01
   8.768705E+01   2.781332E+01
   8.768005E+01   2.781076E+01
   8.767463E+01   2.780981E+01
   8.766699E+01   2.780726E+01
   8.766477E+01   2.781268E+01
   8.766445E+01   2.782000E+01
   8.766922E+01   2.782923E+01
   8.766063E+01   2.783560E+01
   8.764725E+01   2.783369E+01
   8.763325E+01   2.783337E+01
   8.762942E+01   2.782382E+01
   8.761828E+01   2.782032E+01
   8.761351E+01   2.781204E+01
   8.760586E+01   2.781873E+01
   8.759504E+01   2.782223E+01
   8.758867E+01   2.782637E+01
   8.758995E+01   2.783687E+01
   8.758613E+01   2.785343E+01
   8.757849E+01   2.786202E+01
   8.756957E+01   2.786139E+01
   8.756288E+01   2.786680E+01
   8.755206E+01   2.786521E+01
   8.754537E+01   2.784961E+01
   8.753296E+01   2.784611E+01
   8.752277E+01   2.784388E+01
   8.751163E+01   2.784611E+01
   8.750303E+01   2.784547E+01
   8.749603E+01   2.784388E+01
   8.748329E+01   2.784356E+01
   8.747629E+01   2.783719E+01
   8.746196E+01   2.782891E+01
   8.744731E+01   2.782255E+01
   8.742933E+01   2.782923E+01
   8.741587E+01   2.783230E+01
   8.740264E+01   2.783359E+01
   8.740512E+01   2.783737E+01
   8.742059E+01   2.784163E+01
   8.742803E+01   2.783985E+01
   8.743299E+01   2.784765E+01
   8.742661E+01   2.785367E+01
   8.742496E+01   2.786040E+01
   8.742024E+01   2.786076E+01
   8.741823E+01   2.786241E+01
   8.741351E+01   2.785899E+01
   8.740630E+01   2.785403E+01
   8.739933E+01   2.785166E+01
   8.739024E+01   2.784859E+01
   8.738127E+01   2.784718E+01
   8.737076E+01   2.784382E+01
   8.736065E+01   2.782855E+01
   8.735189E+01   2.782810E+01
   8.734515E+01   2.782833E+01
   8.733797E+01   2.783012E+01
   8.732876E+01   2.782720E+01
   8.732179E+01   2.782698E+01
   8.731371E+01   2.782945E+01
   8.730450E+01   2.783798E+01
   8.729462E+01   2.784427E+01
   8.728698E+01   2.784562E+01
   8.727755E+01   2.784652E+01
   8.726452E+01   2.785079E+01
   8.725913E+01   2.784989E+01
   8.724812E+01   2.784225E+01
   8.723756E+01   2.783804E+01
   8.722918E+01   2.782541E+01
   8.722066E+01   2.782190E+01
   8.720788E+01   2.782340E+01
   8.719234E+01   2.782240E+01
   8.718432E+01   2.782415E+01
   8.717630E+01   2.782390E+01
   8.715871E+01   2.782573E+01
   8.715381E+01   2.783047E+01
   8.713782E+01   2.783781E+01
   8.712803E+01   2.783553E+01
   8.711791E+01   2.784124E+01
   8.711089E+01   2.784564E+01
   8.710828E+01   2.785527E+01
   8.710779E+01   2.787469E+01
   8.710208E+01   2.788040E+01
   8.708902E+01   2.788302E+01
   8.708886E+01   2.788808E+01
   8.708233E+01   2.789982E+01
   8.707956E+01   2.791517E+01
   8.706520E+01   2.792382E+01
   8.705393E+01   2.792626E+01
   8.704937E+01   2.793377E+01
   8.704480E+01   2.794014E+01
   8.704023E+01   2.794862E+01
   8.703305E+01   2.794993E+01
   8.701771E+01   2.795792E+01
   8.700938E+01   2.795303E+01
   8.699959E+01   2.795433E+01
   8.698311E+01   2.794846E+01
   8.700531E+01   2.782016E+01
   8.698400E+01   2.775417E+01
   8.697512E+01   2.763834E+01
   8.696959E+01   2.763355E+01
   8.696373E+01   2.762315E+01
   8.695786E+01   2.761186E+01
   8.695443E+01   2.760326E+01
   8.695652E+01   2.759326E+01
   8.695590E+01   2.758080E+01
   8.695533E+01   2.757055E+01
   8.696567E+01   2.755904E+01
   8.696519E+01   2.753988E+01
   8.694950E+01   2.753056E+01
   8.693997E+01   2.751470E+01
   8.694736E+01   2.750183E+01
   8.695768E+01   2.749076E+01
   8.695960E+01   2.748124E+01
   8.694838E+01   2.747596E+01
   8.694511E+01   2.746483E+01
   8.711486E+01   2.746284E+01
   8.720067E+01   2.735470E+01
   8.720527E+01   2.724944E+01
   8.728522E+01   2.719249E+01
   8.743238E+01   2.718508E+01
   8.751233E+01   2.729896E+01
