   8.580039E+01   2.819741E+01
   8.579128E+01   2.820226E+01
   8.578262E+01   2.820799E+01
   8.577689E+01   2.820872E+01
   8.577483E+01   2.821136E+01
   8.577527E+01   2.821401E+01
   8.577439E+01   2.821680E+01
   8.576940E+01   2.822076E+01
   8.576088E+01   2.822708E+01
   8.575618E+01   2.822928E+01
   8.575530E+01   2.823413E+01
   8.574781E+01   2.824485E+01
   8.574620E+01   2.825336E+01
   8.574194E+01   2.827069E+01
   8.573827E+01   2.828053E+01
   8.573577E+01   2.828744E+01
   8.573342E+01   2.829111E+01
   8.573327E+01   2.829302E+01
   8.573577E+01   2.829948E+01
   8.573533E+01   2.830418E+01
   8.573665E+01   2.831666E+01
   8.573562E+01   2.832445E+01
   8.573004E+01   2.833502E+01
   8.573151E+01   2.833825E+01
   8.572710E+01   2.834266E+01
   8.572578E+01   2.834882E+01
   8.572211E+01   2.835308E+01
   8.572152E+01   2.835631E+01
   8.571962E+01   2.836072E+01
   8.571947E+01   2.836601E+01
   8.572226E+01   2.837276E+01
   8.571668E+01   2.837599E+01
   8.571227E+01   2.838304E+01
   8.570713E+01   2.838510E+01
   8.569582E+01   2.838436E+01
   8.569098E+01   2.838334E+01
   8.568686E+01   2.834545E+01
   8.568216E+01   2.834912E+01
   8.567629E+01   2.834985E+01
   8.566851E+01   2.834809E+01
   8.566660E+01   2.834471E+01
   8.566675E+01   2.834045E+01
   8.566572E+01   2.833179E+01
   8.566234E+01   2.832694E+01
   8.565558E+01   2.832121E+01
   8.565544E+01   2.831328E+01
   8.566205E+01   2.830403E+01
   8.565837E+01   2.829992E+01
   8.565030E+01   2.829199E+01
   8.564207E+01   2.828274E+01
   8.563958E+01   2.827848E+01
   8.562724E+01   2.826673E+01
   8.562063E+01   2.826232E+01
   8.560639E+01   2.825615E+01
   8.560359E+01   2.826673E+01
   8.559919E+01   2.828259E+01
   8.559699E+01   2.829992E+01
   8.559596E+01   2.830682E+01
   8.558818E+01   2.830800E+01
   8.558215E+01   2.830594E+01
   8.557878E+01   2.830858E+01
   8.557158E+01   2.830873E+01
   8.556703E+01   2.830932E+01
   8.556227E+01   2.830891E+01
   8.555989E+01   2.830885E+01
   8.555821E+01   2.830960E+01
   8.555094E+01   2.831356E+01
   8.554699E+01   2.831466E+01
   8.554449E+01   2.831716E+01
   8.554159E+01   2.831884E+01
   8.553636E+01   2.832093E+01
   8.553194E+01   2.832413E+01
   8.552375E+01   2.832843E+01
   8.551852E+01   2.833029E+01
   8.550817E+01   2.833279E+01
   8.550021E+01   2.833389E+01
   8.549068E+01   2.833174E+01
   8.548505E+01   2.833262E+01
   8.547958E+01   2.833331E+01
   8.546854E+01   2.833465E+01
   8.546134E+01   2.833639E+01
   8.545518E+01   2.833604E+01
   8.544274E+01   2.833541E+01
   8.543676E+01   2.833465E+01
   8.543263E+01   2.833174E+01
   8.542897E+01   2.833035E+01
   8.542403E+01   2.833023E+01
   8.542043E+01   2.832855E+01
   8.541741E+01   2.832756E+01
   8.541566E+01   2.832727E+01
   8.541357E+01   2.832477E+01
   8.541398E+01   2.831681E+01
   8.541235E+01   2.830990E+01
   8.540991E+01   2.830751E+01
   8.540770E+01   2.830495E+01
   8.540288E+01   2.830112E+01
   8.540085E+01   2.829984E+01
   8.539811E+01   2.829874E+01
   8.539644E+01   2.829649E+01
   8.539526E+01   2.829223E+01
   8.538962E+01   2.828736E+01
   8.538682E+01   2.828469E+01
   8.538432E+01   2.828302E+01
   8.538177E+01   2.828170E+01
   8.537939E+01   2.827948E+01
   8.537397E+01   2.828268E+01
   8.536330E+01   2.828550E+01
   8.535488E+01   2.828665E+01
   8.535109E+01   2.828676E+01
   8.534709E+01   2.829002E+01
   8.534739E+01   2.829604E+01
   8.534739E+01   2.830368E+01
   8.534078E+01   2.830442E+01
   8.533608E+01   2.830265E+01
   8.532756E+01   2.829957E+01
   8.532198E+01   2.829575E+01
   8.531967E+01   2.829511E+01
   8.530700E+01   2.829149E+01
   8.529907E+01   2.829076E+01
   8.529599E+01   2.829017E+01
   8.529320E+01   2.828826E+01
   8.527381E+01   2.829047E+01
   8.527293E+01   2.829560E+01
   8.526573E+01   2.829766E+01
   8.526192E+01   2.829649E+01
   8.525516E+01   2.829370E+01
   8.525153E+01   2.830033E+01
   8.524687E+01   2.830380E+01
   8.524459E+01   2.831212E+01
   8.524083E+01   2.831802E+01
   8.523647E+01   2.832089E+01
   8.523131E+01   2.832248E+01
   8.522973E+01   2.832446E+01
   8.522492E+01   2.832649E+01
   8.522155E+01   2.832862E+01
   8.521516E+01   2.833199E+01
   8.520401E+01   2.834037E+01
   8.520015E+01   2.834007E+01
   8.519683E+01   2.833769E+01
   8.519470E+01   2.833343E+01
   8.519138E+01   2.833056E+01
   8.518280E+01   2.832322E+01
   8.516891E+01   2.833053E+01
   8.516472E+01   2.833212E+01
   8.515791E+01   2.833197E+01
   8.515039E+01   2.833154E+01
   8.513895E+01   2.833140E+01
   8.513331E+01   2.833400E+01
   8.512926E+01   2.833704E+01
   8.512030E+01   2.833601E+01
   8.513894E+01   2.830139E+01
   8.515948E+01   2.828478E+01
   8.516710E+01   2.827245E+01
   8.518352E+01   2.827781E+01
   8.518823E+01   2.826619E+01
   8.520176E+01   2.825106E+01
   8.518736E+01   2.821983E+01
   8.520402E+01   2.820397E+01
   8.520082E+01   2.819226E+01
   8.519814E+01   2.818497E+01
   8.519711E+01   2.817258E+01
   8.518181E+01   2.816890E+01
   8.516810E+01   2.814962E+01
   8.515469E+01   2.813867E+01
   8.516109E+01   2.812450E+01
   8.514313E+01   2.811375E+01
   8.512633E+01   2.810790E+01
   8.512249E+01   2.809184E+01
   8.513759E+01   2.808228E+01
   8.514154E+01   2.808196E+01
   8.513372E+01   2.803729E+01
   8.514876E+01   2.802755E+01
   8.516632E+01   2.802448E+01
   8.517359E+01   2.802074E+01
   8.518355E+01   2.801891E+01
   8.518708E+01   2.801611E+01
   8.518320E+01   2.800727E+01
   8.518623E+01   2.799677E+01
   8.518015E+01   2.798818E+01
   8.518209E+01   2.797660E+01
   8.518461E+01   2.797354E+01
   8.518588E+01   2.797430E+01
   8.518760E+01   2.797612E+01
   8.518912E+01   2.797663E+01
   8.519067E+01   2.797572E+01
   8.519187E+01   2.797550E+01
   8.519331E+01   2.797583E+01
   8.519508E+01   2.797594E+01
   8.519633E+01   2.797549E+01
   8.519824E+01   2.797564E+01
   8.520003E+01   2.797561E+01
   8.520219E+01   2.797546E+01
   8.520404E+01   2.797552E+01
   8.520481E+01   2.797527E+01
   8.520641E+01   2.797531E+01
   8.520869E+01   2.797519E+01
   8.521034E+01   2.797363E+01
   8.521137E+01   2.797298E+01
   8.521305E+01   2.797245E+01
   8.521515E+01   2.797352E+01
   8.521674E+01   2.797507E+01
   8.522062E+01   2.797574E+01
   8.522226E+01   2.797406E+01
   8.522442E+01   2.797465E+01
   8.522702E+01   2.797478E+01
   8.522892E+01   2.797384E+01
   8.523031E+01   2.797392E+01
   8.523153E+01   2.797395E+01
   8.523283E+01   2.797311E+01
   8.523446E+01   2.797280E+01
   8.523565E+01   2.797370E+01
   8.523720E+01   2.797468E+01
   8.523870E+01   2.797386E+01
   8.524011E+01   2.797314E+01
   8.524251E+01   2.797331E+01
   8.524345E+01   2.797293E+01
   8.524454E+01   2.797261E+01
   8.524720E+01   2.797287E+01
   8.524893E+01   2.797194E+01
   8.525035E+01   2.797131E+01
   8.525218E+01   2.797185E+01
   8.525341E+01   2.797207E+01
   8.525381E+01   2.797295E+01
   8.525447E+01   2.797415E+01
   8.525522E+01   2.797454E+01
   8.525590E+01   2.797391E+01
   8.525579E+01   2.797303E+01
   8.525621E+01   2.797225E+01
   8.525661E+01   2.797174E+01
   8.525697E+01   2.797105E+01
   8.525764E+01   2.797099E+01
   8.526529E+01   2.796808E+01
   8.527542E+01   2.796460E+01
   8.528262E+01   2.797485E+01
   8.529160E+01   2.798343E+01
   8.535882E+01   2.801361E+01
   8.540029E+01   2.803687E+01
   8.540503E+01   2.805161E+01
   8.541428E+01   2.806308E+01
   8.542881E+01   2.806705E+01
   8.543243E+01   2.808098E+01
   8.544218E+01   2.808233E+01
   8.544407E+01   2.809036E+01
   8.546217E+01   2.809725E+01
   8.547554E+01   2.810600E+01
   8.548456E+01   2.810618E+01
   8.548875E+01   2.811195E+01
   8.549545E+01   2.812442E+01
   8.549288E+01   2.813344E+01
   8.549395E+01   2.814271E+01
   8.551129E+01   2.815342E+01
   8.553149E+01   2.816221E+01
   8.553664E+01   2.816838E+01
   8.555852E+01   2.816691E+01
   8.556934E+01   2.816203E+01
   8.558054E+01   2.815685E+01
   8.558833E+01   2.815459E+01
   8.560963E+01   2.815214E+01
   8.561440E+01   2.813793E+01
   8.561848E+01   2.813181E+01
   8.563437E+01   2.813307E+01
   8.564544E+01   2.814604E+01
   8.565113E+01   2.815102E+01
   8.566077E+01   2.815453E+01
   8.568019E+01   2.815871E+01
   8.569128E+01   2.815668E+01
   8.570209E+01   2.816272E+01
   8.571350E+01   2.816497E+01
   8.572203E+01   2.817346E+01
   8.573145E+01   2.817038E+01
   8.575183E+01   2.817505E+01
   8.576874E+01   2.817446E+01
   8.577943E+01   2.817513E+01
   8.578782E+01   2.818144E+01
   8.580000E+01   2.818747E+01
