   8.198998E+01   2.839573E+01
   8.198152E+01   2.839165E+01
   8.197780E+01   2.838144E+01
   8.197861E+01   2.836997E+01
   8.197569E+01   2.836065E+01
   8.195253E+01   2.834726E+01
   8.193725E+01   2.833744E+01
   8.192747E+01   2.833886E+01
   8.191876E+01   2.834579E+01
   8.190243E+01   2.835488E+01
   8.188968E+01   2.835770E+01
   8.187671E+01   2.836157E+01
   8.185508E+01   2.837281E+01
   8.184226E+01   2.837508E+01
   8.183318E+01   2.837962E+01
   8.181365E+01   2.838453E+01
   8.181052E+01   2.838991E+01
   8.180522E+01   2.838812E+01
   8.180098E+01   2.838932E+01
   8.179329E+01   2.839044E+01
   8.178772E+01   2.839005E+01
   8.178016E+01   2.839102E+01
   8.177071E+01   2.838644E+01
   8.176934E+01   2.837500E+01
   8.176703E+01   2.837043E+01
   8.175509E+01   2.837104E+01
   8.173610E+01   2.837772E+01
   8.172465E+01   2.838344E+01
   8.170893E+01   2.839153E+01
   8.169511E+01   2.839948E+01
   8.169155E+01   2.840418E+01
   8.169006E+01   2.840903E+01
   8.167892E+01   2.841571E+01
   8.167191E+01   2.841463E+01
   8.164910E+01   2.842243E+01
   8.162625E+01   2.844516E+01
   8.160812E+01   2.845498E+01
   8.157459E+01   2.848087E+01
   8.154250E+01   2.849566E+01
   8.153012E+01   2.851044E+01
   8.149714E+01   2.853474E+01
   8.147586E+01   2.854055E+01
   8.144486E+01   2.855470E+01
   8.143342E+01   2.857222E+01
   8.142262E+01   2.858198E+01
   8.141968E+01   2.859430E+01
   8.140018E+01   2.860370E+01
   8.139283E+01   2.860945E+01
   8.137095E+01   2.861810E+01
   8.134509E+01   2.862571E+01
   8.133122E+01   2.863153E+01
   8.131396E+01   2.864573E+01
   8.131034E+01   2.865289E+01
   8.131640E+01   2.865603E+01
   8.132153E+01   2.866767E+01
   8.131947E+01   2.866883E+01
   8.131774E+01   2.867037E+01
   8.131479E+01   2.867045E+01
   8.131181E+01   2.867138E+01
   8.130931E+01   2.867161E+01
   8.130778E+01   2.867292E+01
   8.130670E+01   2.867296E+01
   8.130511E+01   2.867267E+01
   8.130382E+01   2.867250E+01
   8.130355E+01   2.867083E+01
   8.130158E+01   2.867079E+01
   8.130187E+01   2.867224E+01
   8.130168E+01   2.867355E+01
   8.130031E+01   2.867393E+01
   8.129880E+01   2.867361E+01
   8.129671E+01   2.867355E+01
   8.129506E+01   2.867317E+01
   8.129177E+01   2.867458E+01
   8.128847E+01   2.867380E+01
   8.128678E+01   2.867335E+01
   8.128470E+01   2.868119E+01
   8.127936E+01   2.869724E+01
   8.126623E+01   2.870383E+01
   8.127409E+01   2.872303E+01
   8.125478E+01   2.873238E+01
   8.126208E+01   2.874576E+01
   8.124691E+01   2.876140E+01
   8.124575E+01   2.878124E+01
   8.122683E+01   2.879880E+01
   8.124092E+01   2.881276E+01
   8.123081E+01   2.882841E+01
   8.121208E+01   2.884447E+01
   8.120747E+01   2.885688E+01
   8.120277E+01   2.886425E+01
   8.119831E+01   2.886147E+01
   8.119993E+01   2.883015E+01
   8.120410E+01   2.881784E+01
   8.117799E+01   2.882688E+01
   8.115580E+01   2.882869E+01
   8.115191E+01   2.884847E+01
   8.113458E+01   2.887174E+01
   8.112592E+01   2.885108E+01
   8.110812E+01   2.884877E+01
   8.109588E+01   2.885301E+01
   8.108381E+01   2.886338E+01
   8.107105E+01   2.886790E+01
   8.107020E+01   2.887763E+01
   8.105214E+01   2.887648E+01
   8.104527E+01   2.888631E+01
   8.102090E+01   2.892012E+01
   8.098913E+01   2.893355E+01
   8.098100E+01   2.893794E+01
   8.098632E+01   2.894395E+01
   8.100393E+01   2.895754E+01
   8.104300E+01   2.897442E+01
   8.105046E+01   2.897857E+01
   8.110021E+01   2.896352E+01
   8.112491E+01   2.896001E+01
   8.114630E+01   2.893808E+01
   8.116128E+01   2.892739E+01
   8.116984E+01   2.892060E+01
   8.118536E+01   2.891488E+01
   8.120399E+01   2.890818E+01
   8.123647E+01   2.890614E+01
   8.124074E+01   2.891388E+01
   8.125159E+01   2.891394E+01
   8.126580E+01   2.890251E+01
   8.127413E+01   2.891351E+01
   8.128236E+01   2.892067E+01
   8.129168E+01   2.892306E+01
   8.130563E+01   2.892463E+01
   8.131874E+01   2.891781E+01
   8.133049E+01   2.890861E+01
   8.133673E+01   2.890715E+01
   8.133932E+01   2.889553E+01
   8.134685E+01   2.889037E+01
   8.135919E+01   2.889037E+01
   8.137485E+01   2.889311E+01
   8.138566E+01   2.889907E+01
   8.139239E+01   2.890570E+01
   8.140108E+01   2.890918E+01
   8.141869E+01   2.891111E+01
   8.143118E+01   2.891021E+01
   8.143820E+01   2.890256E+01
   8.145892E+01   2.889478E+01
   8.146681E+01   2.888516E+01
   8.146264E+01   2.887440E+01
   8.146472E+01   2.885778E+01
   8.146452E+01   2.885194E+01
   8.148067E+01   2.884342E+01
   8.148645E+01   2.884273E+01
   8.149037E+01   2.883714E+01
   8.149520E+01   2.882920E+01
   8.150218E+01   2.881827E+01
   8.151127E+01   2.880867E+01
   8.152229E+01   2.880388E+01
   8.152168E+01   2.879756E+01
   8.151579E+01   2.878602E+01
   8.151770E+01   2.877731E+01
   8.152783E+01   2.877454E+01
   8.152879E+01   2.875579E+01
   8.152056E+01   2.874852E+01
   8.154640E+01   2.874886E+01
   8.155921E+01   2.873650E+01
   8.156150E+01   2.872735E+01
   8.157025E+01   2.871927E+01
   8.157665E+01   2.871150E+01
   8.158293E+01   2.870917E+01
   8.159327E+01   2.870618E+01
   8.160551E+01   2.870275E+01
   8.162183E+01   2.869173E+01
   8.162870E+01   2.869196E+01
   8.163490E+01   2.868434E+01
   8.164410E+01   2.867607E+01
   8.165664E+01   2.867835E+01
   8.166230E+01   2.867974E+01
   8.167006E+01   2.867671E+01
   8.167909E+01   2.867729E+01
   8.169380E+01   2.867150E+01
   8.170026E+01   2.866209E+01
   8.171213E+01   2.865606E+01
   8.172351E+01   2.865517E+01
   8.173315E+01   2.864867E+01
   8.174267E+01   2.864474E+01
   8.174983E+01   2.864659E+01
   8.175962E+01   2.864158E+01
   8.177718E+01   2.863421E+01
   8.178133E+01   2.864228E+01
   8.178959E+01   2.865320E+01
   8.179618E+01   2.866675E+01
   8.180759E+01   2.867458E+01
   8.181067E+01   2.868090E+01
   8.180696E+01   2.869502E+01
   8.183705E+01   2.871298E+01
   8.184457E+01   2.871063E+01
   8.186036E+01   2.868400E+01
   8.187339E+01   2.866083E+01
   8.187843E+01   2.865214E+01
   8.188172E+01   2.864755E+01
   8.189662E+01   2.864417E+01
   8.191223E+01   2.864376E+01
   8.192725E+01   2.864245E+01
   8.194166E+01   2.863909E+01
   8.195253E+01   2.863868E+01
   8.197178E+01   2.863956E+01
   8.198544E+01   2.864135E+01
   8.203069E+01   2.864484E+01
   8.203484E+01   2.863831E+01
   8.202793E+01   2.864072E+01
   8.202721E+01   2.863434E+01
   8.202209E+01   2.862912E+01
   8.202289E+01   2.862423E+01
   8.202668E+01   2.861802E+01
   8.202508E+01   2.861395E+01
   8.201893E+01   2.861238E+01
   8.200873E+01   2.861527E+01
   8.200348E+01   2.861372E+01
   8.200761E+01   2.860476E+01
   8.201129E+01   2.859943E+01
   8.200914E+01   2.859255E+01
   8.199966E+01   2.858772E+01
   8.200273E+01   2.858285E+01
   8.200159E+01   2.857760E+01
   8.199438E+01   2.856985E+01
   8.199884E+01   2.856487E+01
   8.200812E+01   2.855374E+01
   8.201724E+01   2.854438E+01
   8.201843E+01   2.853747E+01
   8.201812E+01   2.852763E+01
   8.202302E+01   2.852443E+01
   8.202787E+01   2.851675E+01
   8.202199E+01   2.851300E+01
   8.202110E+01   2.850559E+01
   8.202552E+01   2.849962E+01
   8.202102E+01   2.849288E+01
   8.201255E+01   2.848396E+01
   8.200880E+01   2.847704E+01
   8.201084E+01   2.847237E+01
   8.200920E+01   2.846737E+01
   8.200501E+01   2.846702E+01
   8.199967E+01   2.846434E+01
   8.199694E+01   2.846317E+01
   8.198925E+01   2.846034E+01
   8.198280E+01   2.845392E+01
   8.198709E+01   2.844937E+01
   8.197639E+01   2.844577E+01
   8.196599E+01   2.844948E+01
   8.196212E+01   2.845098E+01
   8.196113E+01   2.844698E+01
   8.196590E+01   2.844572E+01
   8.196234E+01   2.843010E+01
   8.196531E+01   2.842332E+01
   8.197218E+01   2.841654E+01
   8.197291E+01   2.840948E+01
   8.198036E+01   2.839995E+01
