   8.110988E+01   2.909630E+01
   8.110583E+01   2.909965E+01
   8.110085E+01   2.910230E+01
   8.109888E+01   2.910617E+01
   8.108668E+01   2.911685E+01
   8.107451E+01   2.912624E+01
   8.107123E+01   2.913076E+01
   8.106641E+01   2.913472E+01
   8.106734E+01   2.914328E+01
   8.105524E+01   2.915209E+01
   8.105745E+01   2.916167E+01
   8.105070E+01   2.916151E+01
   8.104931E+01   2.916784E+01
   8.104427E+01   2.917835E+01
   8.104377E+01   2.918545E+01
   8.103532E+01   2.918947E+01
   8.102668E+01   2.918909E+01
   8.102651E+01   2.919512E+01
   8.103047E+01   2.919592E+01
   8.104476E+01   2.919919E+01
   8.106399E+01   2.919887E+01
   8.108605E+01   2.920913E+01
   8.110154E+01   2.921572E+01
   8.111262E+01   2.924034E+01
   8.109734E+01   2.924759E+01
   8.109972E+01   2.926173E+01
   8.111160E+01   2.927948E+01
   8.111873E+01   2.929682E+01
   8.113235E+01   2.930362E+01
   8.113628E+01   2.931722E+01
   8.113939E+01   2.932985E+01
   8.114172E+01   2.933952E+01
   8.114453E+01   2.935271E+01
   8.115436E+01   2.936289E+01
   8.115320E+01   2.938230E+01
   8.116948E+01   2.938607E+01
   8.117918E+01   2.938038E+01
   8.118631E+01   2.937482E+01
   8.119731E+01   2.936912E+01
   8.120088E+01   2.936477E+01
   8.121041E+01   2.936231E+01
   8.122543E+01   2.936070E+01
   8.123635E+01   2.935508E+01
   8.123804E+01   2.935271E+01
   8.124277E+01   2.935317E+01
   8.124728E+01   2.935162E+01
   8.125186E+01   2.934416E+01
   8.125400E+01   2.934269E+01
   8.125735E+01   2.933897E+01
   8.125800E+01   2.933692E+01
   8.125843E+01   2.933397E+01
   8.125698E+01   2.932893E+01
   8.125624E+01   2.932373E+01
   8.125994E+01   2.931516E+01
   8.126452E+01   2.930797E+01
   8.126839E+01   2.930628E+01
   8.126932E+01   2.930369E+01
   8.126994E+01   2.930172E+01
   8.127819E+01   2.930805E+01
   8.128604E+01   2.930989E+01
   8.129176E+01   2.930963E+01
   8.129470E+01   2.931321E+01
   8.129837E+01   2.931843E+01
   8.130139E+01   2.932137E+01
   8.130689E+01   2.932252E+01
   8.130930E+01   2.932476E+01
   8.131241E+01   2.932438E+01
   8.131528E+01   2.932382E+01
   8.131736E+01   2.932356E+01
   8.131744E+01   2.932084E+01
   8.132083E+01   2.931710E+01
   8.132392E+01   2.931419E+01
   8.132675E+01   2.931495E+01
   8.132889E+01   2.931425E+01
   8.132999E+01   2.931174E+01
   8.133214E+01   2.930919E+01
   8.133253E+01   2.930449E+01
   8.133767E+01   2.930163E+01
   8.134050E+01   2.930185E+01
   8.134258E+01   2.929455E+01
   8.134506E+01   2.929154E+01
   8.134861E+01   2.928947E+01
   8.135247E+01   2.928625E+01
   8.135644E+01   2.928526E+01
   8.135948E+01   2.928419E+01
   8.136186E+01   2.928444E+01
   8.136535E+01   2.928344E+01
   8.137271E+01   2.929173E+01
   8.138120E+01   2.930261E+01
   8.139315E+01   2.929226E+01
   8.139662E+01   2.928407E+01
   8.141624E+01   2.927691E+01
   8.143030E+01   2.928660E+01
   8.144930E+01   2.928427E+01
   8.146360E+01   2.927546E+01
   8.148726E+01   2.926531E+01
   8.149422E+01   2.925610E+01
   8.149899E+01   2.924049E+01
   8.148532E+01   2.922221E+01
   8.148063E+01   2.920292E+01
   8.148346E+01   2.919428E+01
   8.149037E+01   2.918155E+01
   8.148725E+01   2.917317E+01
   8.149492E+01   2.916934E+01
   8.149615E+01   2.915894E+01
   8.149894E+01   2.915244E+01
   8.151060E+01   2.915212E+01
   8.152491E+01   2.915308E+01
   8.153323E+01   2.914643E+01
   8.153589E+01   2.913636E+01
   8.155788E+01   2.912796E+01
   8.155546E+01   2.912294E+01
   8.153583E+01   2.910619E+01
   8.152510E+01   2.910488E+01
   8.151922E+01   2.909857E+01
   8.151155E+01   2.909164E+01
   8.150262E+01   2.909142E+01
   8.149224E+01   2.908777E+01
   8.148046E+01   2.908235E+01
   8.146873E+01   2.907802E+01
   8.146718E+01   2.907192E+01
   8.146410E+01   2.906541E+01
   8.145663E+01   2.906316E+01
   8.144308E+01   2.904887E+01
   8.143871E+01   2.904008E+01
   8.143173E+01   2.903515E+01
   8.142519E+01   2.902291E+01
   8.141338E+01   2.901802E+01
   8.141625E+01   2.900992E+01
   8.141497E+01   2.899849E+01
   8.141080E+01   2.899577E+01
   8.141920E+01   2.898915E+01
   8.142289E+01   2.898226E+01
   8.142531E+01   2.897614E+01
   8.142249E+01   2.896860E+01
   8.142714E+01   2.896530E+01
   8.142883E+01   2.896212E+01
   8.143203E+01   2.895704E+01
   8.144196E+01   2.896034E+01
   8.144504E+01   2.894863E+01
   8.144438E+01   2.894072E+01
   8.145062E+01   2.894076E+01
   8.145500E+01   2.893498E+01
   8.145527E+01   2.893081E+01
   8.146223E+01   2.892862E+01
   8.146539E+01   2.892968E+01
   8.146735E+01   2.892662E+01
   8.147807E+01   2.891160E+01
   8.148125E+01   2.890623E+01
   8.149039E+01   2.889541E+01
   8.150145E+01   2.888899E+01
   8.150904E+01   2.889012E+01
   8.151043E+01   2.888342E+01
   8.151543E+01   2.887364E+01
   8.152247E+01   2.886875E+01
   8.152703E+01   2.886026E+01
   8.153432E+01   2.885011E+01
   8.153779E+01   2.884283E+01
   8.153796E+01   2.883626E+01
   8.154349E+01   2.882931E+01
   8.154753E+01   2.882156E+01
   8.155248E+01   2.881220E+01
   8.155425E+01   2.880470E+01
   8.155678E+01   2.879777E+01
   8.157423E+01   2.878386E+01
   8.158074E+01   2.877209E+01
   8.158214E+01   2.876172E+01
   8.156727E+01   2.875455E+01
   8.152226E+01   2.874850E+01
   8.152375E+01   2.875328E+01
   8.153131E+01   2.876825E+01
   8.151992E+01   2.877669E+01
   8.151543E+01   2.878139E+01
   8.151869E+01   2.879624E+01
   8.152333E+01   2.880110E+01
   8.151609E+01   2.880768E+01
   8.150607E+01   2.881354E+01
   8.149611E+01   2.882513E+01
   8.149153E+01   2.883489E+01
   8.149003E+01   2.884143E+01
   8.148306E+01   2.884268E+01
   8.147265E+01   2.884980E+01
   8.146280E+01   2.885575E+01
   8.146559E+01   2.887024E+01
   8.146539E+01   2.888306E+01
   8.146470E+01   2.889389E+01
   8.144206E+01   2.889989E+01
   8.143401E+01   2.890836E+01
   8.142417E+01   2.890967E+01
   8.140347E+01   2.890888E+01
   8.139317E+01   2.890704E+01
   8.138802E+01   2.890108E+01
   8.137824E+01   2.889534E+01
   8.136623E+01   2.889117E+01
   8.135250E+01   2.889005E+01
   8.134147E+01   2.889357E+01
   8.133736E+01   2.890195E+01
   8.133367E+01   2.890879E+01
   8.132017E+01   2.891495E+01
   8.131058E+01   2.891985E+01
   8.129603E+01   2.892426E+01
   8.128400E+01   2.892262E+01
   8.127592E+01   2.891666E+01
   8.126943E+01   2.890467E+01
   8.125630E+01   2.890773E+01
   8.124195E+01   2.891486E+01
   8.123844E+01   2.890709E+01
   8.121278E+01   2.890730E+01
   8.118683E+01   2.891559E+01
   8.117767E+01   2.891838E+01
   8.116358E+01   2.892643E+01
   8.115588E+01   2.893300E+01
   8.113231E+01   2.894776E+01
   8.110318E+01   2.896512E+01
   8.110460E+01   2.897522E+01
   8.111885E+01   2.897477E+01
   8.113479E+01   2.898729E+01
   8.114156E+01   2.898935E+01
   8.114672E+01   2.900091E+01
   8.114629E+01   2.901319E+01
   8.114477E+01   2.902350E+01
   8.114249E+01   2.903765E+01
   8.113518E+01   2.905005E+01
   8.112812E+01   2.906050E+01
   8.111948E+01   2.907237E+01
   8.112302E+01   2.907426E+01
   8.111472E+01   2.908543E+01
   8.110915E+01   2.909190E+01
   8.110988E+01   2.909630E+01
