   8.344154E+01   2.832930E+01
   8.343873E+01   2.833870E+01
   8.343395E+01   2.834040E+01
   8.342559E+01   2.834022E+01
   8.342275E+01   2.834552E+01
   8.341797E+01   2.835021E+01
   8.340610E+01   2.835760E+01
   8.339388E+01   2.835495E+01
   8.337782E+01   2.835537E+01
   8.336337E+01   2.837011E+01
   8.334104E+01   2.837098E+01
   8.333312E+01   2.836529E+01
   8.332509E+01   2.836453E+01
   8.332067E+01   2.835925E+01
   8.331320E+01   2.835695E+01
   8.329874E+01   2.835807E+01
   8.328905E+01   2.836425E+01
   8.328430E+01   2.836888E+01
   8.328252E+01   2.837214E+01
   8.328373E+01   2.838279E+01
   8.328205E+01   2.839257E+01
   8.328995E+01   2.839775E+01
   8.329214E+01   2.840979E+01
   8.329663E+01   2.841662E+01
   8.328944E+01   2.842247E+01
   8.328210E+01   2.843000E+01
   8.327992E+01   2.843342E+01
   8.327464E+01   2.843020E+01
   8.327297E+01   2.844167E+01
   8.329051E+01   2.844818E+01
   8.329766E+01   2.845529E+01
   8.329959E+01   2.846136E+01
   8.328395E+01   2.847519E+01
   8.327857E+01   2.848645E+01
   8.326533E+01   2.849166E+01
   8.324668E+01   2.850245E+01
   8.323359E+01   2.850829E+01
   8.321265E+01   2.851123E+01
   8.320741E+01   2.850541E+01
   8.319527E+01   2.850029E+01
   8.318311E+01   2.849750E+01
   8.316712E+01   2.849287E+01
   8.316140E+01   2.849552E+01
   8.315071E+01   2.849626E+01
   8.314273E+01   2.849649E+01
   8.313006E+01   2.849556E+01
   8.312995E+01   2.850730E+01
   8.312818E+01   2.851577E+01
   8.312584E+01   2.851954E+01
   8.312473E+01   2.852942E+01
   8.311227E+01   2.853660E+01
   8.310295E+01   2.855086E+01
   8.309990E+01   2.855559E+01
   8.310007E+01   2.856457E+01
   8.310482E+01   2.857120E+01
   8.310832E+01   2.857601E+01
   8.310810E+01   2.858681E+01
   8.310564E+01   2.859358E+01
   8.310484E+01   2.859665E+01
   8.310406E+01   2.860336E+01
   8.310482E+01   2.861553E+01
   8.310664E+01   2.862948E+01
   8.310686E+01   2.863247E+01
   8.310625E+01   2.863259E+01
   8.310474E+01   2.863330E+01
   8.310401E+01   2.863335E+01
   8.310332E+01   2.863330E+01
   8.310276E+01   2.863342E+01
   8.310234E+01   2.863373E+01
   8.310217E+01   2.863411E+01
   8.310163E+01   2.863440E+01
   8.310099E+01   2.863440E+01
   8.310049E+01   2.863397E+01
   8.310014E+01   2.863382E+01
   8.309958E+01   2.863404E+01
   8.309912E+01   2.863453E+01
   8.309849E+01   2.863474E+01
   8.309777E+01   2.863529E+01
   8.309729E+01   2.863528E+01
   8.309676E+01   2.863523E+01
   8.309622E+01   2.863540E+01
   8.309596E+01   2.863540E+01
   8.309575E+01   2.863491E+01
   8.309544E+01   2.863452E+01
   8.309509E+01   2.863451E+01
   8.309491E+01   2.863473E+01
   8.309463E+01   2.863490E+01
   8.309399E+01   2.863467E+01
   8.309312E+01   2.863395E+01
   8.309249E+01   2.863379E+01
   8.309195E+01   2.863392E+01
   8.309154E+01   2.863419E+01
   8.309108E+01   2.863426E+01
   8.309071E+01   2.863400E+01
   8.309006E+01   2.863358E+01
   8.308969E+01   2.863283E+01
   8.308940E+01   2.863242E+01
   8.308894E+01   2.863230E+01
   8.308807E+01   2.863243E+01
   8.308689E+01   2.863189E+01
   8.308613E+01   2.863142E+01
   8.308536E+01   2.863085E+01
   8.308457E+01   2.863077E+01
   8.308407E+01   2.863043E+01
   8.308344E+01   2.862933E+01
   8.308300E+01   2.862860E+01
   8.308295E+01   2.862782E+01
   8.308237E+01   2.862723E+01
   8.308160E+01   2.862604E+01
   8.308098E+01   2.862568E+01
   8.307987E+01   2.862530E+01
   8.307909E+01   2.862513E+01
   8.307853E+01   2.862481E+01
   8.307804E+01   2.862457E+01
   8.307748E+01   2.862449E+01
   8.307675E+01   2.862441E+01
   8.307578E+01   2.862443E+01
   8.307530E+01   2.862413E+01
   8.307512E+01   2.862341E+01
   8.307461E+01   2.862340E+01
   8.307411E+01   2.862352E+01
   8.307321E+01   2.862357E+01
   8.307261E+01   2.862368E+01
   8.307231E+01   2.862323E+01
   8.307199E+01   2.862266E+01
   8.307115E+01   2.862261E+01
   8.307016E+01   2.862282E+01
   8.306967E+01   2.862317E+01
   8.306920E+01   2.862338E+01
   8.306871E+01   2.862349E+01
   8.306816E+01   2.862360E+01
   8.306757E+01   2.862371E+01
   8.306633E+01   2.862286E+01
   8.306567E+01   2.862266E+01
   8.306500E+01   2.862247E+01
   8.306452E+01   2.862229E+01
   8.306405E+01   2.862187E+01
   8.306346E+01   2.862209E+01
   8.306281E+01   2.862182E+01
   8.306210E+01   2.862167E+01
   8.306138E+01   2.862129E+01
   8.306052E+01   2.862093E+01
   8.305958E+01   2.862087E+01
   8.305895E+01   2.862079E+01
   8.305794E+01   2.862012E+01
   8.305742E+01   2.861954E+01
   8.305667E+01   2.861975E+01
   8.305612E+01   2.862050E+01
   8.305511E+01   2.862103E+01
   8.305380E+01   2.862200E+01
   8.305341E+01   2.862273E+01
   8.305312E+01   2.862322E+01
   8.305280E+01   2.862363E+01
   8.305272E+01   2.862407E+01
   8.305185E+01   2.862516E+01
   8.305062E+01   2.862550E+01
   8.305021E+01   2.862590E+01
   8.304968E+01   2.862665E+01
   8.304899E+01   2.862701E+01
   8.304850E+01   2.862731E+01
   8.304766E+01   2.862721E+01
   8.304710E+01   2.862754E+01
   8.304646E+01   2.862842E+01
   8.304544E+01   2.862887E+01
   8.304396E+01   2.862925E+01
   8.304355E+01   2.862955E+01
   8.304332E+01   2.862994E+01
   8.304254E+01   2.862980E+01
   8.304151E+01   2.862936E+01
   8.304069E+01   2.862928E+01
   8.304010E+01   2.862908E+01
   8.303948E+01   2.862877E+01
   8.303893E+01   2.862785E+01
   8.303834E+01   2.862753E+01
   8.303741E+01   2.862654E+01
   8.303643E+01   2.862635E+01
   8.303607E+01   2.862597E+01
   8.303558E+01   2.862586E+01
   8.303495E+01   2.862568E+01
   8.303435E+01   2.862538E+01
   8.303346E+01   2.862546E+01
   8.303268E+01   2.862584E+01
   8.303171E+01   2.862569E+01
   8.302952E+01   2.862551E+01
   8.302876E+01   2.862574E+01
   8.302779E+01   2.862605E+01
   8.302726E+01   2.862604E+01
   8.302689E+01   2.862645E+01
   8.302582E+01   2.862667E+01
   8.302511E+01   2.862645E+01
   8.302451E+01   2.862601E+01
   8.302396E+01   2.862600E+01
   8.302308E+01   2.862566E+01
   8.302265E+01   2.862457E+01
   8.302161E+01   2.862312E+01
   8.302027E+01   2.862162E+01
   8.301919E+01   2.862112E+01
   8.301773E+01   2.862149E+01
   8.301682E+01   2.862158E+01
   8.301587E+01   2.862164E+01
   8.301489E+01   2.862166E+01
   8.301454E+01   2.862140E+01
   8.301410E+01   2.862137E+01
   8.301333E+01   2.862195E+01
   8.301275E+01   2.862220E+01
   8.301194E+01   2.862246E+01
   8.301111E+01   2.862262E+01
   8.300996E+01   2.862336E+01
   8.300888E+01   2.862344E+01
   8.300830E+01   2.862353E+01
   8.300777E+01   2.862339E+01
   8.300718E+01   2.862303E+01
   8.300679E+01   2.862278E+01
   8.300621E+01   2.862212E+01
   8.300532E+01   2.862204E+01
   8.300456E+01   2.862273E+01
   8.300350E+01   2.862324E+01
   8.300259E+01   2.862403E+01
   8.300142E+01   2.862429E+01
   8.300079E+01   2.862402E+01
   8.300070E+01   2.862346E+01
   8.299989E+01   2.862346E+01
   8.299874E+01   2.862397E+01
   8.299791E+01   2.862430E+01
   8.299718E+01   2.862449E+01
   8.299638E+01   2.862488E+01
   8.299477E+01   2.862499E+01
   8.299414E+01   2.862524E+01
   8.299375E+01   2.862618E+01
   8.299281E+01   2.862671E+01
   8.299238E+01   2.862641E+01
   8.299192E+01   2.862618E+01
   8.299111E+01   2.862582E+01
   8.299052E+01   2.862510E+01
   8.298987E+01   2.862492E+01
   8.298949E+01   2.862529E+01
   8.298858E+01   2.862632E+01
   8.298816E+01   2.862708E+01
   8.298794E+01   2.862761E+01
   8.298723E+01   2.862797E+01
   8.298688E+01   2.862843E+01
   8.298611E+01   2.862859E+01
   8.298591E+01   2.862918E+01
   8.298559E+01   2.862955E+01
   8.298459E+01   2.862956E+01
   8.298412E+01   2.863013E+01
   8.298337E+01   2.863047E+01
   8.298235E+01   2.863069E+01
   8.298176E+01   2.863051E+01
   8.298107E+01   2.862958E+01
   8.297972E+01   2.862907E+01
   8.297830E+01   2.862908E+01
   8.297687E+01   2.862890E+01
   8.297604E+01   2.862802E+01
   8.297498E+01   2.862689E+01
   8.297407E+01   2.862634E+01
   8.297356E+01   2.862571E+01
   8.296825E+01   2.861626E+01
   8.295733E+01   2.861141E+01
   8.295679E+01   2.860674E+01
   8.295407E+01   2.860107E+01
   8.295358E+01   2.859594E+01
   8.295985E+01   2.858613E+01
   8.296826E+01   2.857748E+01
   8.298287E+01   2.857123E+01
   8.298101E+01   2.855728E+01
   8.296366E+01   2.854970E+01
   8.294775E+01   2.855555E+01
   8.294052E+01   2.855967E+01
   8.293303E+01   2.856492E+01
   8.292053E+01   2.856628E+01
   8.291567E+01   2.856334E+01
   8.291587E+01   2.855972E+01
   8.291355E+01   2.855544E+01
   8.291300E+01   2.854869E+01
   8.291243E+01   2.854438E+01
   8.291326E+01   2.853805E+01
   8.291174E+01   2.853574E+01
   8.291107E+01   2.853074E+01
   8.291399E+01   2.852741E+01
   8.289371E+01   2.851499E+01
   8.288687E+01   2.850425E+01
   8.289288E+01   2.849663E+01
   8.290766E+01   2.848271E+01
   8.290696E+01   2.847568E+01
   8.288977E+01   2.847989E+01
   8.288248E+01   2.846203E+01
   8.289274E+01   2.844838E+01
   8.290428E+01   2.844392E+01
   8.291443E+01   2.843377E+01
   8.291693E+01   2.841970E+01
   8.291925E+01   2.840677E+01
   8.292317E+01   2.840115E+01
   8.293651E+01   2.840175E+01
   8.294195E+01   2.839329E+01
   8.295057E+01   2.838354E+01
   8.294792E+01   2.837696E+01
   8.295556E+01   2.837143E+01
   8.295557E+01   2.835995E+01
   8.296899E+01   2.835757E+01
   8.298654E+01   2.835385E+01
   8.301142E+01   2.833319E+01
   8.303250E+01   2.832100E+01
   8.306106E+01   2.831735E+01
   8.307621E+01   2.829792E+01
   8.308520E+01   2.828875E+01
   8.309707E+01   2.827270E+01
   8.309409E+01   2.825671E+01
   8.311384E+01   2.825305E+01
   8.312664E+01   2.825181E+01
   8.313331E+01   2.825053E+01
   8.313924E+01   2.825695E+01
   8.314737E+01   2.826432E+01
   8.315476E+01   2.827031E+01
   8.316256E+01   2.826392E+01
   8.316917E+01   2.825854E+01
   8.317129E+01   2.826042E+01
   8.317340E+01   2.826170E+01
   8.317409E+01   2.826312E+01
   8.317600E+01   2.826404E+01
   8.317804E+01   2.826486E+01
   8.317879E+01   2.826647E+01
   8.317989E+01   2.826707E+01
   8.318046E+01   2.826819E+01
   8.318120E+01   2.826934E+01
   8.318347E+01   2.827021E+01
   8.318487E+01   2.827080E+01
   8.318687E+01   2.826728E+01
   8.318959E+01   2.826439E+01
   8.319424E+01   2.826210E+01
   8.320364E+01   2.825625E+01
   8.320545E+01   2.825248E+01
   8.320996E+01   2.825021E+01
   8.321387E+01   2.824902E+01
   8.321584E+01   2.824829E+01
   8.321560E+01   2.824404E+01
   8.321957E+01   2.824178E+01
   8.322236E+01   2.823679E+01
   8.322580E+01   2.823573E+01
   8.322558E+01   2.823299E+01
   8.322783E+01   2.823164E+01
   8.323322E+01   2.822458E+01
   8.323737E+01   2.822097E+01
   8.324035E+01   2.821962E+01
   8.324288E+01   2.821936E+01
   8.324413E+01   2.821718E+01
   8.324661E+01   2.821717E+01
   8.324962E+01   2.821514E+01
   8.325375E+01   2.821159E+01
   8.325676E+01   2.820479E+01
   8.325895E+01   2.820222E+01
   8.326163E+01   2.819954E+01
   8.326898E+01   2.819688E+01
   8.327050E+01   2.819205E+01
   8.327272E+01   2.818998E+01
   8.327305E+01   2.818681E+01
   8.327824E+01   2.819101E+01
   8.328494E+01   2.819073E+01
   8.328967E+01   2.819303E+01
   8.329468E+01   2.819289E+01
   8.329856E+01   2.819358E+01
   8.330205E+01   2.819622E+01
   8.330442E+01   2.819742E+01
   8.330742E+01   2.819769E+01
   8.330993E+01   2.819460E+01
   8.331316E+01   2.819346E+01
   8.331598E+01   2.819074E+01
   8.331767E+01   2.819089E+01
   8.332130E+01   2.818996E+01
   8.333071E+01   2.818917E+01
   8.333422E+01   2.818973E+01
   8.333618E+01   2.819022E+01
   8.334078E+01   2.819135E+01
   8.334393E+01   2.819331E+01
   8.334656E+01   2.819318E+01
   8.334831E+01   2.819455E+01
   8.335178E+01   2.819763E+01
   8.335570E+01   2.819747E+01
   8.335623E+01   2.819553E+01
   8.336164E+01   2.819251E+01
   8.336389E+01   2.818674E+01
   8.336887E+01   2.818355E+01
   8.336974E+01   2.817914E+01
   8.338402E+01   2.816354E+01
   8.339059E+01   2.816662E+01
   8.339402E+01   2.816015E+01
   8.339959E+01   2.815064E+01
   8.340639E+01   2.814657E+01
   8.341059E+01   2.814454E+01
   8.341374E+01   2.813760E+01
   8.341847E+01   2.813687E+01
   8.341911E+01   2.813367E+01
   8.341934E+01   2.813201E+01
   8.341969E+01   2.813127E+01
   8.341920E+01   2.812932E+01
   8.342133E+01   2.812713E+01
   8.342275E+01   2.812555E+01
   8.342328E+01   2.812599E+01
   8.342592E+01   2.812591E+01
   8.342684E+01   2.812549E+01
   8.342752E+01   2.812724E+01
   8.343241E+01   2.812977E+01
   8.343720E+01   2.813007E+01
   8.343959E+01   2.813056E+01
   8.344106E+01   2.812922E+01
   8.344294E+01   2.812635E+01
   8.344590E+01   2.812523E+01
   8.344973E+01   2.812633E+01
   8.345162E+01   2.812669E+01
   8.345339E+01   2.812929E+01
   8.345554E+01   2.813092E+01
   8.345735E+01   2.813241E+01
   8.345906E+01   2.813178E+01
   8.346191E+01   2.812998E+01
   8.346458E+01   2.813064E+01
   8.346705E+01   2.813251E+01
   8.347119E+01   2.813179E+01
   8.347547E+01   2.813141E+01
   8.347709E+01   2.813038E+01
   8.347750E+01   2.812762E+01
   8.347410E+01   2.811939E+01
   8.347948E+01   2.811731E+01
   8.348516E+01   2.811296E+01
   8.349960E+01   2.811747E+01
   8.350465E+01   2.812439E+01
   8.351230E+01   2.812531E+01
   8.352411E+01   2.812079E+01
   8.353230E+01   2.811662E+01
   8.354845E+01   2.811986E+01
   8.355333E+01   2.811753E+01
   8.355450E+01   2.811650E+01
   8.355402E+01   2.811577E+01
   8.355409E+01   2.811319E+01
   8.355483E+01   2.811164E+01
   8.355521E+01   2.810944E+01
   8.355513E+01   2.810768E+01
   8.355701E+01   2.810609E+01
   8.355854E+01   2.810464E+01
   8.356122E+01   2.810345E+01
   8.356295E+01   2.810186E+01
   8.356492E+01   2.810121E+01
   8.356514E+01   2.809935E+01
   8.356290E+01   2.809681E+01
   8.356216E+01   2.809421E+01
   8.356392E+01   2.809148E+01
   8.356742E+01   2.808955E+01
   8.356929E+01   2.808884E+01
   8.357216E+01   2.808919E+01
   8.357423E+01   2.808802E+01
   8.357550E+01   2.808730E+01
   8.357773E+01   2.807971E+01
   8.358050E+01   2.807739E+01
   8.358139E+01   2.808164E+01
   8.358806E+01   2.808024E+01
   8.358984E+01   2.808365E+01
   8.360165E+01   2.809814E+01
   8.360371E+01   2.810641E+01
   8.360941E+01   2.811246E+01
   8.362233E+01   2.812161E+01
   8.363162E+01   2.812674E+01
   8.363553E+01   2.813380E+01
   8.363633E+01   2.814053E+01
   8.363620E+01   2.814897E+01
   8.363571E+01   2.815255E+01
   8.363773E+01   2.815601E+01
   8.363835E+01   2.816236E+01
   8.364086E+01   2.817143E+01
   8.364558E+01   2.817844E+01
   8.364739E+01   2.818643E+01
   8.365115E+01   2.818657E+01
   8.365915E+01   2.819870E+01
   8.366982E+01   2.820267E+01
   8.366917E+01   2.820983E+01
   8.367429E+01   2.821643E+01
   8.367176E+01   2.822485E+01
   8.366498E+01   2.823141E+01
   8.366105E+01   2.823009E+01
   8.365884E+01   2.823479E+01
   8.365222E+01   2.823757E+01
   8.363718E+01   2.824518E+01
   8.363005E+01   2.824688E+01
   8.362909E+01   2.825080E+01
   8.362277E+01   2.825076E+01
   8.361759E+01   2.825394E+01
   8.361312E+01   2.825930E+01
   8.361056E+01   2.826415E+01
   8.360531E+01   2.826941E+01
   8.360489E+01   2.827950E+01
   8.360226E+01   2.828702E+01
   8.360073E+01   2.829805E+01
   8.359610E+01   2.830057E+01
   8.359166E+01   2.830135E+01
   8.358904E+01   2.830595E+01
   8.358703E+01   2.830741E+01
   8.358536E+01   2.830982E+01
   8.358138E+01   2.831083E+01
   8.357620E+01   2.831249E+01
   8.357044E+01   2.831400E+01
   8.356418E+01   2.831648E+01
   8.355888E+01   2.831676E+01
   8.355711E+01   2.831595E+01
   8.355346E+01   2.831407E+01
   8.353546E+01   2.830321E+01
   8.353037E+01   2.831259E+01
   8.352304E+01   2.831522E+01
   8.351194E+01   2.831615E+01
   8.349642E+01   2.832369E+01
   8.348882E+01   2.832118E+01
   8.348286E+01   2.831914E+01
   8.346653E+01   2.832453E+01
   8.345923E+01   2.832526E+01
   8.345061E+01   2.832708E+01
