   8.653944E+01   2.689275E+01
   8.650685E+01   2.668985E+01
   8.649601E+01   2.654281E+01
   8.652037E+01   2.654429E+01
   8.653724E+01   2.653878E+01
   8.655115E+01   2.652502E+01
   8.656251E+01   2.650780E+01
   8.656939E+01   2.649615E+01
   8.658576E+01   2.649366E+01
   8.661056E+01   2.648841E+01
   8.661953E+01   2.648377E+01
   8.662445E+01   2.647358E+01
   8.662950E+01   2.646831E+01
   8.663612E+01   2.646596E+01
   8.668092E+01   2.645325E+01
   8.669509E+01   2.644954E+01
   8.670312E+01   2.643716E+01
   8.673702E+01   2.642320E+01
   8.675000E+01   2.643000E+01
   8.675667E+01   2.644361E+01
   8.677333E+01   2.645139E+01
   8.678528E+01   2.644972E+01
   8.680194E+01   2.644528E+01
   8.681722E+01   2.643917E+01
   8.683250E+01   2.644167E+01
   8.684556E+01   2.645139E+01
   8.686306E+01   2.645833E+01
   8.687861E+01   2.646639E+01
   8.689250E+01   2.647556E+01
   8.689583E+01   2.649167E+01
   8.690444E+01   2.650417E+01
   8.692750E+01   2.651333E+01
   8.693762E+01   2.651835E+01
   8.695204E+01   2.662740E+01
   8.696942E+01   2.673102E+01
   8.691605E+01   2.674160E+01
   8.685339E+01   2.669295E+01
   8.673323E+01   2.671728E+01
   8.667580E+01   2.673843E+01
   8.661247E+01   2.679868E+01
   8.653944E+01   2.689275E+01
