   8.421271E+01   2.822894E+01
   8.420962E+01   2.821961E+01
   8.420989E+01   2.821368E+01
   8.420390E+01   2.820211E+01
   8.418983E+01   2.819574E+01
   8.419432E+01   2.818825E+01
   8.421849E+01   2.818024E+01
   8.421859E+01   2.815903E+01
   8.422064E+01   2.815135E+01
   8.422696E+01   2.814322E+01
   8.422360E+01   2.813559E+01
   8.421858E+01   2.812243E+01
   8.422426E+01   2.811153E+01
   8.422870E+01   2.810320E+01
   8.422829E+01   2.809839E+01
   8.423022E+01   2.809120E+01
   8.423179E+01   2.807808E+01
   8.424046E+01   2.808322E+01
   8.424651E+01   2.808681E+01
   8.425034E+01   2.808778E+01
   8.425269E+01   2.808499E+01
   8.425825E+01   2.808763E+01
   8.426486E+01   2.809307E+01
   8.427361E+01   2.809288E+01
   8.427879E+01   2.809419E+01
   8.429082E+01   2.810070E+01
   8.430876E+01   2.810722E+01
   8.432089E+01   2.811711E+01
   8.432345E+01   2.811999E+01
   8.432527E+01   2.812069E+01
   8.433006E+01   2.812392E+01
   8.434749E+01   2.812601E+01
   8.435611E+01   2.812813E+01
   8.436200E+01   2.812829E+01
   8.437137E+01   2.812767E+01
   8.437621E+01   2.812831E+01
   8.438032E+01   2.812695E+01
   8.439358E+01   2.812954E+01
   8.440679E+01   2.812376E+01
   8.441699E+01   2.811953E+01
   8.442087E+01   2.811939E+01
   8.442246E+01   2.811706E+01
   8.442716E+01   2.811088E+01
   8.443165E+01   2.811045E+01
   8.443827E+01   2.810513E+01
   8.444752E+01   2.809845E+01
   8.445232E+01   2.809560E+01
   8.445232E+01   2.809190E+01
   8.446121E+01   2.808338E+01
   8.446541E+01   2.807688E+01
   8.446788E+01   2.807002E+01
   8.447485E+01   2.806170E+01
   8.448121E+01   2.805566E+01
   8.448713E+01   2.806266E+01
   8.448688E+01   2.806982E+01
   8.448348E+01   2.807668E+01
   8.449239E+01   2.807677E+01
   8.448844E+01   2.808102E+01
   8.448844E+01   2.808345E+01
   8.449147E+01   2.808562E+01
   8.449365E+01   2.808677E+01
   8.449590E+01   2.808639E+01
   8.449762E+01   2.808535E+01
   8.450136E+01   2.808678E+01
   8.450558E+01   2.808715E+01
   8.451142E+01   2.808826E+01
   8.451285E+01   2.808783E+01
   8.451639E+01   2.808986E+01
   8.451809E+01   2.809194E+01
   8.451894E+01   2.809408E+01
   8.452066E+01   2.809506E+01
   8.452386E+01   2.809535E+01
   8.452765E+01   2.809711E+01
   8.453033E+01   2.809914E+01
   8.453495E+01   2.810082E+01
   8.453680E+01   2.810025E+01
   8.453926E+01   2.809933E+01
   8.454116E+01   2.810025E+01
   8.454313E+01   2.810214E+01
   8.454646E+01   2.810521E+01
   8.455021E+01   2.810816E+01
   8.455110E+01   2.811054E+01
   8.454927E+01   2.811160E+01
   8.454954E+01   2.811319E+01
   8.455086E+01   2.811497E+01
   8.455405E+01   2.811598E+01
   8.455418E+01   2.811805E+01
   8.455405E+01   2.811924E+01
   8.455236E+01   2.811975E+01
   8.455191E+01   2.812005E+01
   8.455230E+01   2.812054E+01
   8.455499E+01   2.812097E+01
   8.455571E+01   2.812139E+01
   8.455531E+01   2.812256E+01
   8.455594E+01   2.812366E+01
   8.455625E+01   2.812494E+01
   8.455766E+01   2.812509E+01
   8.455894E+01   2.812486E+01
   8.455881E+01   2.812580E+01
   8.455993E+01   2.812728E+01
   8.456301E+01   2.812824E+01
   8.456523E+01   2.812771E+01
   8.456665E+01   2.812853E+01
   8.456839E+01   2.812826E+01
   8.457040E+01   2.812847E+01
   8.457022E+01   2.812979E+01
   8.457025E+01   2.813075E+01
   8.457208E+01   2.813051E+01
   8.457395E+01   2.813048E+01
   8.457457E+01   2.813219E+01
   8.457499E+01   2.813279E+01
   8.457570E+01   2.813292E+01
   8.457594E+01   2.813319E+01
   8.457471E+01   2.813413E+01
   8.457569E+01   2.813503E+01
   8.457683E+01   2.813653E+01
   8.457612E+01   2.813820E+01
   8.457824E+01   2.813895E+01
   8.457996E+01   2.814042E+01
   8.458330E+01   2.814090E+01
   8.458524E+01   2.814225E+01
   8.458620E+01   2.814282E+01
   8.458734E+01   2.814366E+01
   8.458603E+01   2.814503E+01
   8.458543E+01   2.814597E+01
   8.458692E+01   2.814665E+01
   8.458857E+01   2.814684E+01
   8.458990E+01   2.814860E+01
   8.459310E+01   2.814839E+01
   8.459547E+01   2.814925E+01
   8.459585E+01   2.815047E+01
   8.459669E+01   2.815108E+01
   8.459872E+01   2.815132E+01
   8.460123E+01   2.815223E+01
   8.460150E+01   2.815398E+01
   8.460228E+01   2.815562E+01
   8.460639E+01   2.815716E+01
   8.460940E+01   2.815999E+01
   8.461010E+01   2.816512E+01
   8.461348E+01   2.817070E+01
   8.461597E+01   2.817513E+01
   8.461823E+01   2.817903E+01
   8.462318E+01   2.818420E+01
   8.463418E+01   2.819234E+01
   8.463547E+01   2.819796E+01
   8.463750E+01   2.821040E+01
   8.463408E+01   2.822328E+01
   8.464723E+01   2.825188E+01
   8.464646E+01   2.828209E+01
   8.465479E+01   2.831237E+01
   8.466363E+01   2.832108E+01
   8.466794E+01   2.833423E+01
   8.468406E+01   2.834972E+01
   8.468418E+01   2.837093E+01
   8.467553E+01   2.838648E+01
   8.466458E+01   2.840309E+01
   8.464677E+01   2.841896E+01
   8.463784E+01   2.843762E+01
   8.463104E+01   2.844380E+01
   8.462080E+01   2.844900E+01
   8.461060E+01   2.844808E+01
   8.459583E+01   2.845990E+01
   8.458185E+01   2.847386E+01
   8.456259E+01   2.847655E+01
   8.454330E+01   2.847078E+01
   8.451980E+01   2.846832E+01
   8.449058E+01   2.846167E+01
   8.448673E+01   2.846885E+01
   8.447040E+01   2.848400E+01
   8.446343E+01   2.849456E+01
   8.443328E+01   2.851005E+01
   8.442093E+01   2.849817E+01
   8.442007E+01   2.849099E+01
   8.441701E+01   2.847459E+01
   8.440680E+01   2.846248E+01
   8.439781E+01   2.845639E+01
   8.437296E+01   2.846020E+01
   8.437370E+01   2.845524E+01
   8.435244E+01   2.845371E+01
   8.431281E+01   2.845094E+01
   8.429672E+01   2.844850E+01
   8.428027E+01   2.844633E+01
   8.426858E+01   2.845578E+01
   8.424553E+01   2.844132E+01
   8.423393E+01   2.841908E+01
   8.421323E+01   2.838823E+01
   8.420977E+01   2.835075E+01
   8.420545E+01   2.832677E+01
   8.419479E+01   2.830854E+01
   8.418746E+01   2.829690E+01
   8.418746E+01   2.829464E+01
   8.420567E+01   2.827220E+01
   8.421113E+01   2.825736E+01
   8.421251E+01   2.824044E+01
   8.421389E+01   2.823718E+01
   8.421129E+01   2.823012E+01
