   8.155799E+01   2.935695E+01
   8.155125E+01   2.934745E+01
   8.154486E+01   2.933684E+01
   8.153258E+01   2.932650E+01
   8.152770E+01   2.932224E+01
   8.152557E+01   2.931768E+01
   8.152193E+01   2.931616E+01
   8.151100E+01   2.931269E+01
   8.150387E+01   2.930513E+01
   8.149171E+01   2.929114E+01
   8.148363E+01   2.927904E+01
   8.146360E+01   2.927546E+01
   8.144930E+01   2.928427E+01
   8.143030E+01   2.928660E+01
   8.141624E+01   2.927691E+01
   8.139662E+01   2.928407E+01
   8.139315E+01   2.929226E+01
   8.138120E+01   2.930261E+01
   8.137271E+01   2.929173E+01
   8.136535E+01   2.928344E+01
   8.136186E+01   2.928444E+01
   8.135948E+01   2.928419E+01
   8.135644E+01   2.928526E+01
   8.135247E+01   2.928625E+01
   8.134861E+01   2.928947E+01
   8.134506E+01   2.929154E+01
   8.134258E+01   2.929455E+01
   8.134050E+01   2.930185E+01
   8.133767E+01   2.930163E+01
   8.133253E+01   2.930449E+01
   8.133214E+01   2.930919E+01
   8.132999E+01   2.931174E+01
   8.132889E+01   2.931425E+01
   8.132675E+01   2.931495E+01
   8.132392E+01   2.931419E+01
   8.132083E+01   2.931710E+01
   8.131744E+01   2.932084E+01
   8.131736E+01   2.932356E+01
   8.131528E+01   2.932382E+01
   8.131241E+01   2.932438E+01
   8.130930E+01   2.932476E+01
   8.130689E+01   2.932252E+01
   8.130139E+01   2.932137E+01
   8.129837E+01   2.931843E+01
   8.129470E+01   2.931321E+01
   8.129176E+01   2.930963E+01
   8.128604E+01   2.930989E+01
   8.127819E+01   2.930805E+01
   8.126994E+01   2.930172E+01
   8.126932E+01   2.930369E+01
   8.126839E+01   2.930628E+01
   8.126452E+01   2.930797E+01
   8.125994E+01   2.931516E+01
   8.125624E+01   2.932373E+01
   8.125698E+01   2.932893E+01
   8.125843E+01   2.933397E+01
   8.125800E+01   2.933692E+01
   8.125735E+01   2.933897E+01
   8.125400E+01   2.934269E+01
   8.125186E+01   2.934416E+01
   8.124728E+01   2.935162E+01
   8.124277E+01   2.935317E+01
   8.123804E+01   2.935271E+01
   8.123635E+01   2.935508E+01
   8.122543E+01   2.936070E+01
   8.121041E+01   2.936231E+01
   8.120088E+01   2.936477E+01
   8.119731E+01   2.936912E+01
   8.118631E+01   2.937482E+01
   8.117918E+01   2.938038E+01
   8.116948E+01   2.938607E+01
   8.117710E+01   2.939294E+01
   8.118866E+01   2.939804E+01
   8.120181E+01   2.939545E+01
   8.121957E+01   2.940871E+01
   8.122763E+01   2.941145E+01
   8.123831E+01   2.941445E+01
   8.125155E+01   2.941367E+01
   8.125225E+01   2.941857E+01
   8.125235E+01   2.942256E+01
   8.126149E+01   2.943367E+01
   8.127837E+01   2.943710E+01
   8.128750E+01   2.944350E+01
   8.129657E+01   2.945036E+01
   8.130771E+01   2.946000E+01
   8.129880E+01   2.946848E+01
   8.129120E+01   2.947485E+01
   8.130876E+01   2.947928E+01
   8.131660E+01   2.948219E+01
   8.131455E+01   2.949175E+01
   8.132035E+01   2.949461E+01
   8.133310E+01   2.949947E+01
   8.133949E+01   2.950464E+01
   8.135059E+01   2.952402E+01
   8.134967E+01   2.952775E+01
   8.135713E+01   2.953439E+01
   8.136944E+01   2.954791E+01
   8.137914E+01   2.955162E+01
   8.139233E+01   2.955620E+01
   8.140195E+01   2.956509E+01
   8.139747E+01   2.957064E+01
   8.140704E+01   2.958829E+01
   8.141907E+01   2.959890E+01
   8.141883E+01   2.961402E+01
   8.142179E+01   2.962959E+01
   8.142564E+01   2.964091E+01
   8.143608E+01   2.964647E+01
   8.144352E+01   2.964921E+01
   8.145642E+01   2.965449E+01
   8.147621E+01   2.965980E+01
   8.148938E+01   2.966681E+01
   8.150348E+01   2.967329E+01
   8.151576E+01   2.967907E+01
   8.151612E+01   2.968950E+01
   8.151420E+01   2.970072E+01
   8.152200E+01   2.970609E+01
   8.151914E+01   2.971814E+01
   8.151078E+01   2.973221E+01
   8.150751E+01   2.974186E+01
   8.151114E+01   2.975095E+01
   8.153441E+01   2.974892E+01
   8.154755E+01   2.975188E+01
   8.155420E+01   2.976255E+01
   8.156131E+01   2.977156E+01
   8.155200E+01   2.978176E+01
   8.155042E+01   2.978662E+01
   8.154666E+01   2.979489E+01
   8.155404E+01   2.980551E+01
   8.155848E+01   2.981052E+01
   8.156017E+01   2.982463E+01
   8.156103E+01   2.983558E+01
   8.156433E+01   2.984705E+01
   8.155667E+01   2.985722E+01
   8.154621E+01   2.987332E+01
   8.152774E+01   2.988539E+01
   8.152138E+01   2.988666E+01
   8.151215E+01   2.988709E+01
   8.150498E+01   2.989368E+01
   8.151230E+01   2.991663E+01
   8.152011E+01   2.992264E+01
   8.153483E+01   2.992753E+01
   8.154900E+01   2.992313E+01
   8.156126E+01   2.992762E+01
   8.157266E+01   2.993417E+01
   8.157924E+01   2.993472E+01
   8.158883E+01   2.993389E+01
   8.159785E+01   2.993107E+01
   8.160583E+01   2.993710E+01
   8.161502E+01   2.993950E+01
   8.162551E+01   2.993805E+01
   8.163686E+01   2.994470E+01
   8.165353E+01   2.994250E+01
   8.166124E+01   2.994155E+01
   8.169933E+01   2.993906E+01
   8.170859E+01   2.992704E+01
   8.171392E+01   2.991107E+01
   8.172740E+01   2.991206E+01
   8.173284E+01   2.990745E+01
   8.174390E+01   2.990810E+01
   8.175446E+01   2.990827E+01
   8.177334E+01   2.990969E+01
   8.178151E+01   2.990869E+01
   8.179087E+01   2.990711E+01
   8.179856E+01   2.989636E+01
   8.179573E+01   2.989139E+01
   8.179583E+01   2.986502E+01
   8.179392E+01   2.984966E+01
   8.178080E+01   2.983979E+01
   8.177977E+01   2.980664E+01
   8.175588E+01   2.979713E+01
   8.174856E+01   2.979791E+01
   8.174026E+01   2.979011E+01
   8.172962E+01   2.977004E+01
   8.172641E+01   2.974793E+01
   8.172287E+01   2.973040E+01
   8.170965E+01   2.970664E+01
   8.170270E+01   2.968818E+01
   8.169787E+01   2.967534E+01
   8.170023E+01   2.964815E+01
   8.170228E+01   2.964216E+01
   8.170920E+01   2.963310E+01
   8.171404E+01   2.962345E+01
   8.172051E+01   2.961990E+01
   8.172580E+01   2.961467E+01
   8.172861E+01   2.961318E+01
   8.173636E+01   2.960677E+01
   8.176915E+01   2.960684E+01
   8.178398E+01   2.959755E+01
   8.179051E+01   2.959307E+01
   8.179163E+01   2.958592E+01
   8.179825E+01   2.956807E+01
   8.179782E+01   2.955901E+01
   8.179283E+01   2.953223E+01
   8.179056E+01   2.952961E+01
   8.178125E+01   2.952065E+01
   8.177762E+01   2.951446E+01
   8.178066E+01   2.950911E+01
   8.178779E+01   2.949740E+01
   8.180439E+01   2.947487E+01
   8.180776E+01   2.945366E+01
   8.180355E+01   2.944976E+01
   8.180513E+01   2.943913E+01
   8.179937E+01   2.942706E+01
   8.179682E+01   2.941434E+01
   8.179747E+01   2.940691E+01
   8.179239E+01   2.939820E+01
   8.178960E+01   2.938982E+01
   8.177173E+01   2.939090E+01
   8.176636E+01   2.939062E+01
   8.176135E+01   2.938682E+01
   8.175769E+01   2.938203E+01
   8.174873E+01   2.936350E+01
   8.174998E+01   2.935373E+01
   8.175056E+01   2.934918E+01
   8.174847E+01   2.934746E+01
   8.174678E+01   2.934642E+01
   8.174654E+01   2.934425E+01
   8.174733E+01   2.932914E+01
   8.172251E+01   2.933210E+01
   8.170233E+01   2.933036E+01
   8.168270E+01   2.931918E+01
   8.167297E+01   2.931819E+01
   8.166400E+01   2.931923E+01
   8.165447E+01   2.932107E+01
   8.164632E+01   2.932311E+01
   8.164186E+01   2.933255E+01
   8.164221E+01   2.935233E+01
   8.163808E+01   2.935676E+01
   8.162698E+01   2.936594E+01
   8.161803E+01   2.937067E+01
   8.160416E+01   2.936726E+01
   8.158384E+01   2.936524E+01
   8.157745E+01   2.936298E+01
   8.157022E+01   2.935050E+01
   8.156030E+01   2.935291E+01
