   8.549040E+01   2.813886E+01
   8.549347E+01   2.813058E+01
   8.549713E+01   2.811892E+01
   8.548862E+01   2.810822E+01
   8.548267E+01   2.810551E+01
   8.547228E+01   2.810457E+01
   8.545928E+01   2.809375E+01
   8.544411E+01   2.808811E+01
   8.544359E+01   2.807892E+01
   8.546497E+01   2.806832E+01
   8.548056E+01   2.805416E+01
   8.548348E+01   2.804426E+01
   8.548800E+01   2.799299E+01
   8.548599E+01   2.797109E+01
   8.548237E+01   2.795372E+01
   8.548192E+01   2.794386E+01
   8.548484E+01   2.793165E+01
   8.547527E+01   2.789510E+01
   8.546769E+01   2.787407E+01
   8.546446E+01   2.786631E+01
   8.546063E+01   2.786199E+01
   8.544724E+01   2.785228E+01
   8.545421E+01   2.784703E+01
   8.544827E+01   2.782754E+01
   8.545095E+01   2.781698E+01
   8.545259E+01   2.781030E+01
   8.545634E+01   2.780880E+01
   8.545848E+01   2.780567E+01
   8.546629E+01   2.779897E+01
   8.546881E+01   2.778817E+01
   8.546803E+01   2.778381E+01
   8.547317E+01   2.777814E+01
   8.547921E+01   2.778064E+01
   8.548801E+01   2.778024E+01
   8.549436E+01   2.778539E+01
   8.549837E+01   2.778634E+01
   8.550592E+01   2.778648E+01
   8.551174E+01   2.778700E+01
   8.551951E+01   2.778898E+01
   8.552328E+01   2.779062E+01
   8.552687E+01   2.779006E+01
   8.553075E+01   2.779162E+01
   8.553233E+01   2.779190E+01
   8.553499E+01   2.779094E+01
   8.553884E+01   2.778718E+01
   8.554094E+01   2.778622E+01
   8.554474E+01   2.778499E+01
   8.554647E+01   2.778426E+01
   8.554814E+01   2.778213E+01
   8.555088E+01   2.778125E+01
   8.555247E+01   2.777884E+01
   8.555459E+01   2.777656E+01
   8.555748E+01   2.777039E+01
   8.556025E+01   2.776648E+01
   8.556485E+01   2.776480E+01
   8.556596E+01   2.776081E+01
   8.556404E+01   2.775521E+01
   8.556336E+01   2.775504E+01
   8.556161E+01   2.775619E+01
   8.556001E+01   2.775766E+01
   8.555902E+01   2.775726E+01
   8.555792E+01   2.775670E+01
   8.555722E+01   2.775704E+01
   8.555558E+01   2.775675E+01
   8.555269E+01   2.775709E+01
   8.555038E+01   2.775754E+01
   8.554988E+01   2.775706E+01
   8.554959E+01   2.775633E+01
   8.554957E+01   2.775589E+01
   8.554933E+01   2.775465E+01
   8.555026E+01   2.775367E+01
   8.555276E+01   2.775090E+01
   8.555338E+01   2.775002E+01
   8.555396E+01   2.774929E+01
   8.555542E+01   2.774888E+01
   8.555610E+01   2.774900E+01
   8.555694E+01   2.774851E+01
   8.555848E+01   2.774853E+01
   8.555976E+01   2.774870E+01
   8.556062E+01   2.774877E+01
   8.556165E+01   2.774894E+01
   8.556259E+01   2.774840E+01
   8.556398E+01   2.774700E+01
   8.556488E+01   2.774694E+01
   8.556531E+01   2.774650E+01
   8.556612E+01   2.774621E+01
   8.556698E+01   2.774595E+01
   8.556717E+01   2.774528E+01
   8.556745E+01   2.774493E+01
   8.556908E+01   2.774523E+01
   8.556970E+01   2.774492E+01
   8.557081E+01   2.774536E+01
   8.557227E+01   2.774583E+01
   8.557270E+01   2.774627E+01
   8.557251E+01   2.774730E+01
   8.557268E+01   2.774804E+01
   8.557334E+01   2.774858E+01
   8.557382E+01   2.774917E+01
   8.557566E+01   2.774901E+01
   8.557645E+01   2.774891E+01
   8.557842E+01   2.774976E+01
   8.558014E+01   2.774997E+01
   8.558168E+01   2.774987E+01
   8.558262E+01   2.774956E+01
   8.558341E+01   2.774893E+01
   8.558369E+01   2.774843E+01
   8.558510E+01   2.774862E+01
   8.558835E+01   2.774820E+01
   8.558934E+01   2.774753E+01
   8.559053E+01   2.774619E+01
   8.559145E+01   2.774582E+01
   8.559235E+01   2.774534E+01
   8.559380E+01   2.774469E+01
   8.559502E+01   2.774431E+01
   8.559599E+01   2.774438E+01
   8.559813E+01   2.774503E+01
   8.560074E+01   2.774667E+01
   8.560205E+01   2.774781E+01
   8.560347E+01   2.774892E+01
   8.560447E+01   2.774848E+01
   8.560588E+01   2.774756E+01
   8.560705E+01   2.774637E+01
   8.560808E+01   2.774574E+01
   8.560984E+01   2.774440E+01
   8.561088E+01   2.774301E+01
   8.561118E+01   2.774190E+01
   8.561167E+01   2.774065E+01
   8.561173E+01   2.773951E+01
   8.561170E+01   2.773798E+01
   8.561230E+01   2.773664E+01
   8.561261E+01   2.773435E+01
   8.561316E+01   2.773354E+01
   8.561447E+01   2.773256E+01
   8.561609E+01   2.773168E+01
   8.561755E+01   2.773119E+01
   8.562063E+01   2.773063E+01
   8.562193E+01   2.773030E+01
   8.562360E+01   2.773023E+01
   8.562556E+01   2.772878E+01
   8.562659E+01   2.772861E+01
   8.562777E+01   2.772791E+01
   8.562899E+01   2.772730E+01
   8.563038E+01   2.772698E+01
   8.563111E+01   2.772624E+01
   8.563278E+01   2.772503E+01
   8.563459E+01   2.772353E+01
   8.563530E+01   2.772271E+01
   8.563590E+01   2.772181E+01
   8.563697E+01   2.772128E+01
   8.563834E+01   2.772119E+01
   8.564055E+01   2.772039E+01
   8.564160E+01   2.771954E+01
   8.564308E+01   2.771877E+01
   8.564439E+01   2.771841E+01
   8.564646E+01   2.771919E+01
   8.564729E+01   2.771958E+01
   8.564908E+01   2.772031E+01
   8.565054E+01   2.772020E+01
   8.565265E+01   2.772084E+01
   8.565402E+01   2.772048E+01
   8.565490E+01   2.772002E+01
   8.565539E+01   2.771951E+01
   8.565609E+01   2.771767E+01
   8.565594E+01   2.771652E+01
   8.565622E+01   2.771584E+01
   8.565704E+01   2.771517E+01
   8.565854E+01   2.771410E+01
   8.566000E+01   2.771370E+01
   8.566085E+01   2.771342E+01
   8.566276E+01   2.771237E+01
   8.566456E+01   2.771278E+01
   8.566567E+01   2.771256E+01
   8.566692E+01   2.771118E+01
   8.566776E+01   2.770996E+01
   8.566883E+01   2.770953E+01
   8.566989E+01   2.770884E+01
   8.567024E+01   2.770746E+01
   8.567087E+01   2.770554E+01
   8.567144E+01   2.770475E+01
   8.567374E+01   2.770346E+01
   8.567529E+01   2.770201E+01
   8.567656E+01   2.770156E+01
   8.567793E+01   2.770132E+01
   8.567907E+01   2.770092E+01
   8.567974E+01   2.770006E+01
   8.568007E+01   2.769890E+01
   8.567980E+01   2.769754E+01
   8.567917E+01   2.769631E+01
   8.567954E+01   2.769509E+01
   8.568015E+01   2.769428E+01
   8.568105E+01   2.769333E+01
   8.568211E+01   2.769265E+01
   8.568201E+01   2.769222E+01
   8.568058E+01   2.769044E+01
   8.568040E+01   2.768940E+01
   8.568079E+01   2.768818E+01
   8.568108E+01   2.768726E+01
   8.568091E+01   2.768596E+01
   8.568150E+01   2.768537E+01
   8.568313E+01   2.768468E+01
   8.568396E+01   2.768486E+01
   8.568557E+01   2.768550E+01
   8.568703E+01   2.768512E+01
   8.568820E+01   2.768327E+01
   8.568855E+01   2.768212E+01
   8.568823E+01   2.768134E+01
   8.568683E+01   2.767959E+01
   8.568660E+01   2.767867E+01
   8.568768E+01   2.767708E+01
   8.568859E+01   2.767567E+01
   8.568949E+01   2.767516E+01
   8.569215E+01   2.767515E+01
   8.569273E+01   2.767464E+01
   8.569257E+01   2.767326E+01
   8.569283E+01   2.767249E+01
   8.569409E+01   2.767106E+01
   8.569441E+01   2.766991E+01
   8.569408E+01   2.766899E+01
   8.569308E+01   2.766790E+01
   8.569287E+01   2.766667E+01
   8.569346E+01   2.766537E+01
   8.569353E+01   2.766430E+01
   8.569403E+01   2.766345E+01
   8.569526E+01   2.766217E+01
   8.569864E+01   2.765999E+01
   8.569937E+01   2.765909E+01
   8.569976E+01   2.765803E+01
   8.570056E+01   2.765679E+01
   8.570244E+01   2.765597E+01
   8.570395E+01   2.765491E+01
   8.570479E+01   2.765371E+01
   8.570575E+01   2.765289E+01
   8.570619E+01   2.765213E+01
   8.570596E+01   2.765114E+01
   8.570536E+01   2.764968E+01
   8.570546E+01   2.764823E+01
   8.570555E+01   2.764609E+01
   8.570586E+01   2.764495E+01
   8.570614E+01   2.764381E+01
   8.570621E+01   2.764281E+01
   8.570613E+01   2.764199E+01
   8.570649E+01   2.764343E+01
   8.570684E+01   2.764549E+01
   8.570711E+01   2.764658E+01
   8.570740E+01   2.764801E+01
   8.570748E+01   2.765042E+01
   8.570764E+01   2.765233E+01
   8.570784E+01   2.765376E+01
   8.570745E+01   2.765497E+01
   8.570629E+01   2.765599E+01
   8.570524E+01   2.765619E+01
   8.570526E+01   2.765654E+01
   8.570663E+01   2.765614E+01
   8.570711E+01   2.765588E+01
   8.570770E+01   2.765565E+01
   8.570861E+01   2.765476E+01
   8.570944E+01   2.765498E+01
   8.571033E+01   2.765615E+01
   8.571139E+01   2.765743E+01
   8.571273E+01   2.765924E+01
   8.571297E+01   2.766124E+01
   8.571325E+01   2.766216E+01
   8.571365E+01   2.766239E+01
   8.571425E+01   2.766211E+01
   8.571472E+01   2.766160E+01
   8.571532E+01   2.766196E+01
   8.571589E+01   2.766256E+01
   8.571643E+01   2.766292E+01
   8.571719E+01   2.766329E+01
   8.571875E+01   2.766454E+01
   8.571921E+01   2.766540E+01
   8.572021E+01   2.766623E+01
   8.572098E+01   2.766621E+01
   8.572214E+01   2.766538E+01
   8.572272E+01   2.766457E+01
   8.572264E+01   2.766382E+01
   8.572134E+01   2.766265E+01
   8.572019E+01   2.766138E+01
   8.572167E+01   2.766149E+01
   8.572380E+01   2.766201E+01
   8.572510E+01   2.766326E+01
   8.572499E+01   2.766418E+01
   8.572470E+01   2.766521E+01
   8.572523E+01   2.766699E+01
   8.572588E+01   2.766802E+01
   8.572695E+01   2.766845E+01
   8.572840E+01   2.766865E+01
   8.572917E+01   2.766883E+01
   8.573055E+01   2.766966E+01
   8.573149E+01   2.767066E+01
   8.573126E+01   2.767244E+01
   8.573114E+01   2.767441E+01
   8.573145E+01   2.767512E+01
   8.573244E+01   2.767533E+01
   8.573348E+01   2.767605E+01
   8.573435E+01   2.767655E+01
   8.573561E+01   2.767667E+01
   8.573683E+01   2.767576E+01
   8.573741E+01   2.767542E+01
   8.573865E+01   2.767606E+01
   8.573909E+01   2.767656E+01
   8.573959E+01   2.767691E+01
   8.574020E+01   2.767685E+01
   8.574174E+01   2.767691E+01
   8.574303E+01   2.767708E+01
   8.574465E+01   2.767737E+01
   8.574550E+01   2.767804E+01
   8.574616E+01   2.767789E+01
   8.574771E+01   2.767608E+01
   8.574946E+01   2.767670E+01
   8.575015E+01   2.767553E+01
   8.575002E+01   2.767427E+01
   8.575089E+01   2.767345E+01
   8.575209E+01   2.767357E+01
   8.575252E+01   2.767474E+01
   8.575691E+01   2.767432E+01
   8.575895E+01   2.767365E+01
   8.575986E+01   2.767263E+01
   8.576017E+01   2.767174E+01
   8.576279E+01   2.767213E+01
   8.576518E+01   2.767184E+01
   8.576705E+01   2.767144E+01
   8.576758E+01   2.767039E+01
   8.576853E+01   2.766826E+01
   8.576980E+01   2.766769E+01
   8.577185E+01   2.766760E+01
   8.577392E+01   2.766796E+01
   8.577615E+01   2.766821E+01
   8.577781E+01   2.766901E+01
   8.578062E+01   2.766855E+01
   8.578353E+01   2.766736E+01
   8.578644E+01   2.766590E+01
   8.579054E+01   2.766571E+01
   8.579202E+01   2.766513E+01
   8.579455E+01   2.766637E+01
   8.579849E+01   2.766649E+01
   8.580008E+01   2.766664E+01
   8.580242E+01   2.766611E+01
   8.580415E+01   2.766672E+01
   8.580657E+01   2.766754E+01
   8.580792E+01   2.766826E+01
   8.580971E+01   2.766902E+01
   8.581341E+01   2.766831E+01
   8.581581E+01   2.766575E+01
   8.581826E+01   2.766338E+01
   8.581965E+01   2.766131E+01
   8.582018E+01   2.765915E+01
   8.582174E+01   2.765578E+01
   8.582093E+01   2.765469E+01
   8.581914E+01   2.765370E+01
   8.581701E+01   2.764997E+01
   8.581566E+01   2.764655E+01
   8.581796E+01   2.764369E+01
   8.581988E+01   2.764333E+01
   8.582260E+01   2.764268E+01
   8.582432E+01   2.764156E+01
   8.582758E+01   2.763787E+01
   8.583119E+01   2.763566E+01
   8.583371E+01   2.763299E+01
   8.583689E+01   2.763052E+01
   8.583851E+01   2.762891E+01
   8.584165E+01   2.762694E+01
   8.584382E+01   2.762653E+01
   8.584675E+01   2.762695E+01
   8.585002E+01   2.762744E+01
   8.585252E+01   2.762928E+01
   8.585467E+01   2.763099E+01
   8.585596E+01   2.763244E+01
   8.585768E+01   2.763270E+01
   8.585847E+01   2.763203E+01
   8.586012E+01   2.763014E+01
   8.586167E+01   2.763037E+01
   8.586293E+01   2.762968E+01
   8.586402E+01   2.762881E+01
   8.586524E+01   2.762820E+01
   8.586651E+01   2.762920E+01
   8.586754E+01   2.762794E+01
   8.586873E+01   2.762492E+01
   8.587091E+01   2.762352E+01
   8.587218E+01   2.762053E+01
   8.587474E+01   2.762027E+01
   8.587513E+01   2.761918E+01
   8.587467E+01   2.761801E+01
   8.587517E+01   2.761646E+01
   8.587658E+01   2.761627E+01
   8.587883E+01   2.761701E+01
   8.588014E+01   2.761659E+01
   8.588085E+01   2.761469E+01
   8.588219E+01   2.761319E+01
   8.588261E+01   2.761118E+01
   8.588450E+01   2.761070E+01
   8.588559E+01   2.761137E+01
   8.588458E+01   2.761269E+01
   8.588534E+01   2.761662E+01
   8.588670E+01   2.761823E+01
   8.588761E+01   2.761838E+01
   8.588891E+01   2.762007E+01
   8.589001E+01   2.762218E+01
   8.589099E+01   2.762461E+01
   8.589231E+01   2.762557E+01
   8.589451E+01   2.762735E+01
   8.589660E+01   2.762825E+01
   8.589789E+01   2.762971E+01
   8.589958E+01   2.763028E+01
   8.590181E+01   2.763144E+01
   8.590435E+01   2.763313E+01
   8.590640E+01   2.763407E+01
   8.590890E+01   2.763588E+01
   8.591049E+01   2.763722E+01
   8.591000E+01   2.763938E+01
   8.590942E+01   2.764227E+01
   8.590993E+01   2.764356E+01
   8.591172E+01   2.764439E+01
   8.591448E+01   2.764612E+01
   8.591510E+01   2.764825E+01
   8.591474E+01   2.765025E+01
   8.591536E+01   2.765468E+01
   8.591577E+01   2.765774E+01
   8.591610E+01   2.766003E+01
   8.591718E+01   2.766161E+01
   8.591788E+01   2.766324E+01
   8.591875E+01   2.766379E+01
   8.592285E+01   2.766356E+01
   8.592599E+01   2.766378E+01
   8.592757E+01   2.766516E+01
   8.593039E+01   2.766500E+01
   8.593226E+01   2.766706E+01
   8.593422E+01   2.766812E+01
   8.593681E+01   2.766874E+01
   8.593920E+01   2.766978E+01
   8.593908E+01   2.767147E+01
   8.593849E+01   2.767406E+01
   8.593809E+01   2.767637E+01
   8.593736E+01   2.767865E+01
   8.593569E+01   2.768138E+01
   8.593545E+01   2.768308E+01
   8.593468E+01   2.768555E+01
   8.593429E+01   2.768813E+01
   8.593678E+01   2.769071E+01
   8.593813E+01   2.769163E+01
   8.593876E+01   2.769361E+01
   8.593859E+01   2.769622E+01
   8.593903E+01   2.769805E+01
   8.593747E+01   2.769997E+01
   8.593656E+01   2.770226E+01
   8.593623E+01   2.770372E+01
   8.593624E+01   2.770541E+01
   8.593613E+01   2.770848E+01
   8.593662E+01   2.771031E+01
   8.593852E+01   2.771206E+01
   8.594086E+01   2.771284E+01
   8.594344E+01   2.771453E+01
   8.594560E+01   2.771627E+01
   8.594717E+01   2.771849E+01
   8.594846E+01   2.772002E+01
   8.594988E+01   2.772136E+01
   8.595128E+01   2.772228E+01
   8.595274E+01   2.772488E+01
   8.595232E+01   2.772643E+01
   8.595449E+01   2.773135E+01
   8.595703E+01   2.773289E+01
   8.595909E+01   2.773447E+01
   8.596059E+01   2.773574E+01
   8.596105E+01   2.773787E+01
   8.596097E+01   2.774063E+01
   8.596090E+01   2.774232E+01
   8.596523E+01   2.774262E+01
   8.596866E+01   2.774137E+01
   8.597245E+01   2.773957E+01
   8.597533E+01   2.773750E+01
   8.597749E+01   2.773552E+01
   8.597970E+01   2.773607E+01
   8.598256E+01   2.773706E+01
   8.598638E+01   2.773872E+01
   8.598952E+01   2.774039E+01
   8.599185E+01   2.774090E+01
   8.599510E+01   2.774222E+01
   8.599752E+01   2.774200E+01
   8.599827E+01   2.774310E+01
   8.600132E+01   2.774341E+01
   8.600293E+01   2.774481E+01
   8.600501E+01   2.774538E+01
   8.600677E+01   2.774510E+01
   8.600969E+01   2.774475E+01
   8.601122E+01   2.774420E+01
   8.601280E+01   2.774480E+01
   8.601546E+01   2.774382E+01
   8.601728E+01   2.774329E+01
   8.602183E+01   2.774135E+01
   8.602299E+01   2.774084E+01
   8.602533E+01   2.774113E+01
   8.602657E+01   2.774066E+01
   8.602777E+01   2.773954E+01
   8.602791E+01   2.773966E+01
   8.602785E+01   2.774061E+01
   8.602873E+01   2.774109E+01
   8.603017E+01   2.774245E+01
   8.603061E+01   2.774417E+01
   8.603088E+01   2.774531E+01
   8.603149E+01   2.774642E+01
   8.603177E+01   2.774719E+01
   8.603232E+01   2.775039E+01
   8.603351E+01   2.775472E+01
   8.603083E+01   2.775991E+01
   8.602692E+01   2.776419E+01
   8.602160E+01   2.776870E+01
   8.602004E+01   2.777188E+01
   8.602093E+01   2.777483E+01
   8.602372E+01   2.778050E+01
   8.602556E+01   2.778410E+01
   8.602564E+01   2.778643E+01
   8.602144E+01   2.779250E+01
   8.602228E+01   2.779820E+01
   8.602104E+01   2.780269E+01
   8.601977E+01   2.780910E+01
   8.601582E+01   2.781298E+01
   8.601377E+01   2.781609E+01
   8.601078E+01   2.781837E+01
   8.600746E+01   2.782344E+01
   8.600489E+01   2.782721E+01
   8.600319E+01   2.782901E+01
   8.600312E+01   2.783171E+01
   8.600604E+01   2.783372E+01
   8.600774E+01   2.783683E+01
   8.601062E+01   2.783972E+01
   8.601426E+01   2.784096E+01
   8.601811E+01   2.784339E+01
   8.602437E+01   2.784608E+01
   8.602525E+01   2.784704E+01
   8.602571E+01   2.785141E+01
   8.602773E+01   2.785630E+01
   8.603032E+01   2.786291E+01
   8.603577E+01   2.786620E+01
   8.603735E+01   2.786643E+01
   8.603959E+01   2.786709E+01
   8.604097E+01   2.786738E+01
   8.604278E+01   2.786879E+01
   8.604385E+01   2.787219E+01
   8.604411E+01   2.787480E+01
   8.604802E+01   2.788060E+01
   8.604807E+01   2.788376E+01
   8.604961E+01   2.788839E+01
   8.605366E+01   2.789262E+01
   8.605784E+01   2.789624E+01
   8.606482E+01   2.789981E+01
   8.605687E+01   2.790369E+01
   8.604801E+01   2.790702E+01
   8.604394E+01   2.790646E+01
   8.603415E+01   2.790517E+01
   8.602825E+01   2.790755E+01
   8.602292E+01   2.790787E+01
   8.601695E+01   2.791191E+01
   8.601364E+01   2.791474E+01
   8.600742E+01   2.791296E+01
   8.600015E+01   2.791159E+01
   8.599604E+01   2.791449E+01
   8.599192E+01   2.791635E+01
   8.598958E+01   2.791672E+01
   8.598449E+01   2.791918E+01
   8.597956E+01   2.792370E+01
   8.597472E+01   2.792588E+01
   8.597101E+01   2.793008E+01
   8.596519E+01   2.793331E+01
   8.595873E+01   2.793630E+01
   8.595389E+01   2.793888E+01
   8.594961E+01   2.794025E+01
   8.594911E+01   2.794359E+01
   8.595321E+01   2.794790E+01
   8.595539E+01   2.795326E+01
   8.595724E+01   2.795594E+01
   8.595758E+01   2.795908E+01
   8.595838E+01   2.796247E+01
   8.595982E+01   2.796868E+01
   8.596370E+01   2.797247E+01
   8.596785E+01   2.797753E+01
   8.597151E+01   2.798221E+01
   8.597773E+01   2.798791E+01
   8.597828E+01   2.799151E+01
   8.597640E+01   2.799451E+01
   8.597367E+01   2.800093E+01
   8.596825E+01   2.799944E+01
   8.596164E+01   2.800532E+01
   8.595239E+01   2.801428E+01
   8.594519E+01   2.801986E+01
   8.593697E+01   2.802368E+01
   8.593359E+01   2.802485E+01
   8.592830E+01   2.803014E+01
   8.591710E+01   2.804705E+01
   8.591073E+01   2.805085E+01
   8.590613E+01   2.805159E+01
   8.589981E+01   2.805452E+01
   8.590011E+01   2.806230E+01
   8.589643E+01   2.806759E+01
   8.589596E+01   2.807568E+01
   8.590084E+01   2.808829E+01
   8.589908E+01   2.809828E+01
   8.589350E+01   2.811326E+01
   8.588968E+01   2.811517E+01
   8.588380E+01   2.811679E+01
   8.586956E+01   2.812985E+01
   8.587015E+01   2.813911E+01
   8.587059E+01   2.814733E+01
   8.586354E+01   2.814968E+01
   8.585928E+01   2.815614E+01
   8.585884E+01   2.816143E+01
   8.585619E+01   2.816275E+01
   8.585252E+01   2.816584E+01
   8.585032E+01   2.816877E+01
   8.584973E+01   2.817891E+01
   8.584415E+01   2.818287E+01
   8.583886E+01   2.818390E+01
   8.583563E+01   2.818434E+01
   8.583226E+01   2.818375E+01
   8.582477E+01   2.818698E+01
   8.581977E+01   2.819183E+01
   8.581757E+01   2.819594E+01
   8.581419E+01   2.820240E+01
   8.580920E+01   2.819829E+01
   8.580039E+01   2.819741E+01
   8.579450E+01   2.818586E+01
   8.578210E+01   2.817949E+01
   8.577407E+01   2.817512E+01
   8.576512E+01   2.817635E+01
   8.574273E+01   2.817196E+01
   8.572852E+01   2.817006E+01
   8.571777E+01   2.817280E+01
   8.571358E+01   2.816317E+01
   8.569785E+01   2.815856E+01
   8.568545E+01   2.815607E+01
   8.567017E+01   2.815516E+01
   8.565652E+01   2.815326E+01
   8.564997E+01   2.814771E+01
   8.564120E+01   2.814440E+01
   8.562960E+01   2.813019E+01
   8.561578E+01   2.813269E+01
   8.561608E+01   2.814419E+01
   8.560087E+01   2.815846E+01
   8.558588E+01   2.815320E+01
   8.557653E+01   2.815720E+01
   8.556701E+01   2.816200E+01
   8.555240E+01   2.816815E+01
   8.553361E+01   2.816756E+01
   8.552755E+01   2.815795E+01
   8.550507E+01   2.815167E+01
   8.549040E+01   2.813886E+01
