   8.813569E+01   2.788150E+01
   8.813859E+01   2.787898E+01
   8.813900E+01   2.787796E+01
   8.813963E+01   2.787819E+01
   8.814112E+01   2.787851E+01
   8.814399E+01   2.787835E+01
   8.814639E+01   2.787727E+01
   8.814748E+01   2.787690E+01
   8.814964E+01   2.787613E+01
   8.815056E+01   2.787524E+01
   8.815238E+01   2.787342E+01
   8.815337E+01   2.787177E+01
   8.815414E+01   2.787086E+01
   8.815702E+01   2.787094E+01
   8.815990E+01   2.787008E+01
   8.816272E+01   2.786925E+01
   8.816463E+01   2.786824E+01
   8.816599E+01   2.786691E+01
   8.816665E+01   2.786599E+01
   8.816904E+01   2.786480E+01
   8.817026E+01   2.786440E+01
   8.817097E+01   2.786385E+01
   8.817240E+01   2.786349E+01
   8.817380E+01   2.786220E+01
   8.817426E+01   2.786079E+01
   8.817601E+01   2.785941E+01
   8.817651E+01   2.785822E+01
   8.817748E+01   2.785769E+01
   8.817820E+01   2.785689E+01
   8.817995E+01   2.785697E+01
   8.818251E+01   2.785733E+01
   8.818435E+01   2.785695E+01
   8.818543E+01   2.785678E+01
   8.818753E+01   2.785442E+01
   8.818886E+01   2.785430E+01
   8.819191E+01   2.785484E+01
   8.819558E+01   2.785473E+01
   8.819660E+01   2.785327E+01
   8.819722E+01   2.785035E+01
   8.819701E+01   2.784922E+01
   8.819697E+01   2.784840E+01
   8.819784E+01   2.784633E+01
   8.819899E+01   2.784482E+01
   8.820020E+01   2.784432E+01
   8.820129E+01   2.784285E+01
   8.820142E+01   2.784011E+01
   8.820127E+01   2.783794E+01
   8.820011E+01   2.783703E+01
   8.819967E+01   2.783653E+01
   8.819643E+01   2.783669E+01
   8.819508E+01   2.783631E+01
   8.819386E+01   2.783477E+01
   8.819144E+01   2.783270E+01
   8.819117E+01   2.783127E+01
   8.818995E+01   2.782891E+01
   8.818934E+01   2.782812E+01
   8.818742E+01   2.782558E+01
   8.818531E+01   2.782473E+01
   8.818229E+01   2.782322E+01
   8.817957E+01   2.782314E+01
   8.817520E+01   2.782174E+01
   8.817306E+01   2.782086E+01
   8.817304E+01   2.782038E+01
   8.817330E+01   2.781808E+01
   8.817349E+01   2.781759E+01
   8.817481E+01   2.781757E+01
   8.817599E+01   2.781686E+01
   8.817879E+01   2.781596E+01
   8.818006E+01   2.781450E+01
   8.818205E+01   2.781289E+01
   8.818501E+01   2.781088E+01
   8.818517E+01   2.781000E+01
   8.818537E+01   2.780847E+01
   8.818609E+01   2.780743E+01
   8.818602E+01   2.780506E+01
   8.818594E+01   2.780356E+01
   8.818645E+01   2.780248E+01
   8.818778E+01   2.780030E+01
   8.818895E+01   2.779937E+01
   8.818971E+01   2.779832E+01
   8.819086E+01   2.779810E+01
   8.819164E+01   2.779702E+01
   8.819346E+01   2.779648E+01
   8.819416E+01   2.779555E+01
   8.819520E+01   2.779357E+01
   8.819620E+01   2.779313E+01
   8.819718E+01   2.779134E+01
   8.819599E+01   2.778962E+01
   8.819551E+01   2.778852E+01
   8.819521E+01   2.778673E+01
   8.819167E+01   2.778475E+01
   8.818801E+01   2.778161E+01
   8.818750E+01   2.778036E+01
   8.818622E+01   2.777857E+01
   8.818526E+01   2.777753E+01
   8.818438E+01   2.777710E+01
   8.818184E+01   2.777666E+01
   8.818113E+01   2.777608E+01
   8.818190E+01   2.777460E+01
   8.818217E+01   2.777349E+01
   8.818150E+01   2.777235E+01
   8.818124E+01   2.777075E+01
   8.818151E+01   2.776871E+01
   8.818259E+01   2.776784E+01
   8.818326E+01   2.776647E+01
   8.818229E+01   2.776538E+01
   8.818172E+01   2.776361E+01
   8.818037E+01   2.776163E+01
   8.817720E+01   2.775912E+01
   8.817660E+01   2.775854E+01
   8.817667E+01   2.775713E+01
   8.817717E+01   2.775490E+01
   8.817742E+01   2.775255E+01
   8.817845E+01   2.774962E+01
   8.817865E+01   2.774801E+01
   8.817758E+01   2.774679E+01
   8.817435E+01   2.774445E+01
   8.817253E+01   2.774304E+01
   8.817046E+01   2.774224E+01
   8.816881E+01   2.774168E+01
   8.816762E+01   2.774135E+01
   8.816656E+01   2.774157E+01
   8.816498E+01   2.774129E+01
   8.816314E+01   2.774069E+01
   8.816019E+01   2.774075E+01
   8.815887E+01   2.774112E+01
   8.815825E+01   2.773934E+01
   8.815733E+01   2.773803E+01
   8.815634E+01   2.773708E+01
   8.815596E+01   2.773581E+01
   8.815551E+01   2.773295E+01
   8.815453E+01   2.772963E+01
   8.815425E+01   2.772530E+01
   8.815465E+01   2.772334E+01
   8.815456E+01   2.772142E+01
   8.815526E+01   2.771881E+01
   8.815457E+01   2.771712E+01
   8.815394E+01   2.771553E+01
   8.815166E+01   2.771127E+01
   8.814955E+01   2.770873E+01
   8.814897E+01   2.770664E+01
   8.814843E+01   2.770432E+01
   8.814737E+01   2.770295E+01
   8.814893E+01   2.770131E+01
   8.814967E+01   2.769999E+01
   8.815051E+01   2.769926E+01
   8.815079E+01   2.769797E+01
   8.815119E+01   2.769622E+01
   8.815317E+01   2.769377E+01
   8.815407E+01   2.769165E+01
   8.815450E+01   2.769061E+01
   8.815231E+01   2.768886E+01
   8.815078E+01   2.768599E+01
   8.814936E+01   2.768477E+01
   8.814869E+01   2.768364E+01
   8.814791E+01   2.768128E+01
   8.814647E+01   2.767744E+01
   8.814596E+01   2.767268E+01
   8.814542E+01   2.767071E+01
   8.814503E+01   2.766905E+01
   8.814395E+01   2.766512E+01
   8.814191E+01   2.766308E+01
   8.814071E+01   2.766215E+01
   8.813887E+01   2.765949E+01
   8.813706E+01   2.765769E+01
   8.813493E+01   2.765674E+01
   8.813271E+01   2.765603E+01
   8.813113E+01   2.765552E+01
   8.813005E+01   2.765401E+01
   8.812862E+01   2.765273E+01
   8.812725E+01   2.765221E+01
   8.812614E+01   2.765128E+01
   8.812396E+01   2.764943E+01
   8.812223E+01   2.764704E+01
   8.812089E+01   2.764606E+01
   8.811972E+01   2.764482E+01
   8.812014E+01   2.764248E+01
   8.812019E+01   2.764135E+01
   8.812050E+01   2.763965E+01
   8.811921E+01   2.763637E+01
   8.811819E+01   2.763448E+01
   8.811714E+01   2.762951E+01
   8.811828E+01   2.762842E+01
   8.811935E+01   2.762744E+01
   8.811791E+01   2.762556E+01
   8.811579E+01   2.762203E+01
   8.811518E+01   2.762027E+01
   8.811430E+01   2.761752E+01
   8.811368E+01   2.761319E+01
   8.811360E+01   2.761143E+01
   8.811149E+01   2.760890E+01
   8.810997E+01   2.760741E+01
   8.810844E+01   2.760625E+01
   8.810657E+01   2.760366E+01
   8.810548E+01   2.760270E+01
   8.810286E+01   2.760179E+01
   8.810068E+01   2.760119E+01
   8.809908E+01   2.760008E+01
   8.809745E+01   2.759928E+01
   8.809531E+01   2.759858E+01
   8.809353E+01   2.759827E+01
   8.809183E+01   2.759676E+01
   8.808950E+01   2.759530E+01
   8.808850E+01   2.759397E+01
   8.808549E+01   2.759097E+01
   8.808406E+01   2.758892E+01
   8.808348E+01   2.758788E+01
   8.808274E+01   2.758660E+01
   8.808183E+01   2.758519E+01
   8.808008E+01   2.758175E+01
   8.807898E+01   2.757966E+01
   8.807827E+01   2.757817E+01
   8.807777E+01   2.757635E+01
   8.807683E+01   2.757537E+01
   8.807652E+01   2.757425E+01
   8.807533E+01   2.757265E+01
   8.807577E+01   2.757133E+01
   8.807699E+01   2.757006E+01
   8.807926E+01   2.756860E+01
   8.807997E+01   2.756718E+01
   8.808097E+01   2.756551E+01
   8.808042E+01   2.756447E+01
   8.807905E+01   2.756199E+01
   8.807719E+01   2.755991E+01
   8.807493E+01   2.755841E+01
   8.807309E+01   2.755701E+01
   8.807080E+01   2.755671E+01
   8.806909E+01   2.755602E+01
   8.806898E+01   2.755441E+01
   8.806838E+01   2.755206E+01
   8.806798E+01   2.755054E+01
   8.806846E+01   2.754769E+01
   8.806733E+01   2.754557E+01
   8.806562E+01   2.754492E+01
   8.806343E+01   2.754267E+01
   8.806166E+01   2.754095E+01
   8.806032E+01   2.753937E+01
   8.805953E+01   2.753685E+01
   8.805878E+01   2.753398E+01
   8.805929E+01   2.753218E+01
   8.806146E+01   2.753034E+01
   8.806396E+01   2.753011E+01
   8.806577E+01   2.752889E+01
   8.806705E+01   2.752651E+01
   8.806556E+01   2.752660E+01
   8.806306E+01   2.752637E+01
   8.806127E+01   2.752550E+01
   8.805984E+01   2.752384E+01
   8.805797E+01   2.751948E+01
   8.805705E+01   2.751664E+01
   8.805848E+01   2.751494E+01
   8.806022E+01   2.751396E+01
   8.806144E+01   2.751269E+01
   8.806104E+01   2.751170E+01
   8.805967E+01   2.751101E+01
   8.805802E+01   2.751021E+01
   8.805646E+01   2.750762E+01
   8.805464E+01   2.750577E+01
   8.805374E+01   2.750492E+01
   8.805119E+01   2.750464E+01
   8.804963E+01   2.750408E+01
   8.804950E+01   2.750333E+01
   8.804774E+01   2.750242E+01
   8.804554E+01   2.750051E+01
   8.804543E+01   2.749975E+01
   8.804443E+01   2.749860E+01
   8.804360E+01   2.749617E+01
   8.804392E+01   2.749495E+01
   8.804432E+01   2.749240E+01
   8.804373E+01   2.749050E+01
   8.804381E+01   2.748515E+01
   8.804456E+01   2.748289E+01
   8.804461E+01   2.748056E+01
   8.804382E+01   2.747886E+01
   8.804491E+01   2.747716E+01
   8.804595E+01   2.747540E+01
   8.804791E+01   2.747336E+01
   8.804969E+01   2.747239E+01
   8.805135E+01   2.747167E+01
   8.805364E+01   2.746929E+01
   8.805608E+01   2.746816E+01
   8.805704E+01   2.746693E+01
   8.805728E+01   2.746581E+01
   8.805929E+01   2.746343E+01
   8.806031E+01   2.746132E+01
   8.806231E+01   2.745980E+01
   8.806412E+01   2.745910E+01
   8.806573E+01   2.745901E+01
   8.806702E+01   2.745780E+01
   8.806606E+01   2.745559E+01
   8.806497E+01   2.745444E+01
   8.806460E+01   2.745374E+01
   8.806652E+01   2.745219E+01
   8.806893E+01   2.744896E+01
   8.807031E+01   2.744780E+01
   8.807079E+01   2.744666E+01
   8.807233E+01   2.744570E+01
   8.807203E+01   2.744469E+01
   8.807093E+01   2.744406E+01
   8.807022E+01   2.744304E+01
   8.806918E+01   2.744156E+01
   8.806870E+01   2.744076E+01
   8.806769E+01   2.743877E+01
   8.801594E+01   2.736140E+01
   8.784131E+01   2.728199E+01
   8.768273E+01   2.726769E+01
   8.756427E+01   2.728444E+01
   8.745000E+01   2.739858E+01
   8.752827E+01   2.760538E+01
   8.757557E+01   2.769215E+01
   8.763919E+01   2.772216E+01
   8.769087E+01   2.781172E+01
   8.770424E+01   2.781045E+01
   8.771730E+01   2.780917E+01
   8.772812E+01   2.780694E+01
   8.773608E+01   2.781299E+01
   8.773576E+01   2.782318E+01
   8.775105E+01   2.783528E+01
   8.775869E+01   2.784260E+01
   8.777747E+01   2.786648E+01
   8.777556E+01   2.787731E+01
   8.778607E+01   2.789959E+01
   8.780644E+01   2.791360E+01
   8.781822E+01   2.792283E+01
   8.782459E+01   2.791965E+01
   8.782682E+01   2.793016E+01
   8.782968E+01   2.795244E+01
   8.785165E+01   2.794608E+01
   8.785866E+01   2.793334E+01
   8.785993E+01   2.792634E+01
   8.786279E+01   2.791647E+01
   8.787203E+01   2.791360E+01
   8.788731E+01   2.790946E+01
   8.790737E+01   2.791647E+01
   8.792137E+01   2.791806E+01
   8.793411E+01   2.791519E+01
   8.796945E+01   2.789259E+01
   8.799976E+01   2.789621E+01
   8.802449E+01   2.790232E+01
   8.804180E+01   2.790063E+01
   8.805911E+01   2.789050E+01
   8.807220E+01   2.789514E+01
   8.808994E+01   2.788670E+01
   8.809289E+01   2.787108E+01
   8.811189E+01   2.786727E+01
   8.813423E+01   2.788167E+01
