   8.239643E+01   2.827608E+01
   8.238997E+01   2.828732E+01
   8.238219E+01   2.829611E+01
   8.237775E+01   2.831129E+01
   8.237264E+01   2.831822E+01
   8.236680E+01   2.833081E+01
   8.236517E+01   2.834377E+01
   8.237689E+01   2.835829E+01
   8.237631E+01   2.837714E+01
   8.236670E+01   2.840393E+01
   8.235243E+01   2.841006E+01
   8.236886E+01   2.842567E+01
   8.237648E+01   2.843748E+01
   8.237850E+01   2.845174E+01
   8.239146E+01   2.845792E+01
   8.240093E+01   2.847006E+01
   8.240627E+01   2.847959E+01
   8.241025E+01   2.848935E+01
   8.240972E+01   2.850019E+01
   8.241465E+01   2.851315E+01
   8.241697E+01   2.852017E+01
   8.241734E+01   2.853109E+01
   8.240176E+01   2.853574E+01
   8.238923E+01   2.852926E+01
   8.238217E+01   2.854459E+01
   8.237760E+01   2.855842E+01
   8.236889E+01   2.857224E+01
   8.235798E+01   2.857589E+01
   8.234803E+01   2.858255E+01
   8.234123E+01   2.858926E+01
   8.233847E+01   2.858837E+01
   8.233282E+01   2.859001E+01
   8.232856E+01   2.859046E+01
   8.232412E+01   2.859154E+01
   8.231852E+01   2.859239E+01
   8.231304E+01   2.859427E+01
   8.230575E+01   2.859421E+01
   8.230336E+01   2.859664E+01
   8.229879E+01   2.859765E+01
   8.228609E+01   2.859670E+01
   8.228387E+01   2.859629E+01
   8.227796E+01   2.859597E+01
   8.227404E+01   2.859436E+01
   8.226707E+01   2.859550E+01
   8.225945E+01   2.859674E+01
   8.225058E+01   2.860155E+01
   8.222905E+01   2.860942E+01
   8.220110E+01   2.862297E+01
   8.219606E+01   2.862260E+01
   8.219454E+01   2.862358E+01
   8.218740E+01   2.862323E+01
   8.218210E+01   2.862039E+01
   8.216977E+01   2.861531E+01
   8.216926E+01   2.861214E+01
   8.216527E+01   2.861178E+01
   8.215080E+01   2.861569E+01
   8.214432E+01   2.862305E+01
   8.212791E+01   2.862232E+01
   8.210985E+01   2.861955E+01
   8.209514E+01   2.861854E+01
   8.208337E+01   2.861663E+01
   8.206778E+01   2.863115E+01
   8.205442E+01   2.863697E+01
   8.205653E+01   2.864519E+01
   8.204865E+01   2.864288E+01
   8.203961E+01   2.863669E+01
   8.202942E+01   2.864078E+01
   8.202627E+01   2.863587E+01
   8.202437E+01   2.862995E+01
   8.202136E+01   2.862540E+01
   8.202440E+01   2.861952E+01
   8.202683E+01   2.861609E+01
   8.202007E+01   2.861232E+01
   8.201176E+01   2.861504E+01
   8.200488E+01   2.861530E+01
   8.200431E+01   2.860972E+01
   8.200939E+01   2.860057E+01
   8.201077E+01   2.859531E+01
   8.200060E+01   2.858907E+01
   8.200098E+01   2.858582E+01
   8.200211E+01   2.857782E+01
   8.199529E+01   2.857186E+01
   8.199645E+01   2.856653E+01
   8.200720E+01   2.855756E+01
   8.201625E+01   2.854644E+01
   8.201922E+01   2.854044E+01
   8.201890E+01   2.853166E+01
   8.202017E+01   2.852591E+01
   8.202759E+01   2.851814E+01
   8.202361E+01   2.851460E+01
   8.202031E+01   2.850980E+01
   8.202563E+01   2.850170E+01
   8.202244E+01   2.849464E+01
   8.201453E+01   2.848593E+01
   8.200823E+01   2.847809E+01
   8.201107E+01   2.847371E+01
   8.201051E+01   2.846893E+01
   8.200603E+01   2.846713E+01
   8.200150E+01   2.846383E+01
   8.199795E+01   2.846374E+01
   8.199068E+01   2.846183E+01
   8.198538E+01   2.845696E+01
   8.198619E+01   2.845108E+01
   8.198125E+01   2.844551E+01
   8.196879E+01   2.844763E+01
   8.196328E+01   2.845163E+01
   8.196157E+01   2.844869E+01
   8.196520E+01   2.844640E+01
   8.196067E+01   2.843161E+01
   8.196203E+01   2.842419E+01
   8.196755E+01   2.841823E+01
   8.197343E+01   2.841196E+01
   8.197859E+01   2.840343E+01
   8.198998E+01   2.839573E+01
   8.198152E+01   2.839165E+01
   8.197780E+01   2.838144E+01
   8.197861E+01   2.836997E+01
   8.197569E+01   2.836065E+01
   8.195253E+01   2.834726E+01
   8.193725E+01   2.833744E+01
   8.192747E+01   2.833886E+01
   8.191876E+01   2.834579E+01
   8.190243E+01   2.835488E+01
   8.188968E+01   2.835770E+01
   8.187671E+01   2.836157E+01
   8.185508E+01   2.837281E+01
   8.184226E+01   2.837508E+01
   8.183318E+01   2.837962E+01
   8.181365E+01   2.838453E+01
   8.181052E+01   2.838991E+01
   8.180522E+01   2.838812E+01
   8.180098E+01   2.838932E+01
   8.179329E+01   2.839044E+01
   8.178772E+01   2.839005E+01
   8.178016E+01   2.839102E+01
   8.177071E+01   2.838644E+01
   8.176934E+01   2.837500E+01
   8.176703E+01   2.837043E+01
   8.175720E+01   2.835187E+01
   8.175118E+01   2.833978E+01
   8.174706E+01   2.832765E+01
   8.175316E+01   2.830704E+01
   8.176712E+01   2.830090E+01
   8.177702E+01   2.829805E+01
   8.178854E+01   2.829161E+01
   8.179264E+01   2.827420E+01
   8.182162E+01   2.827657E+01
   8.183050E+01   2.827405E+01
   8.184195E+01   2.827307E+01
   8.185226E+01   2.826139E+01
   8.186380E+01   2.824440E+01
   8.187698E+01   2.823972E+01
   8.188785E+01   2.823880E+01
   8.189841E+01   2.823282E+01
   8.191370E+01   2.822817E+01
   8.192245E+01   2.822454E+01
   8.192729E+01   2.820931E+01
   8.193901E+01   2.820494E+01
   8.194544E+01   2.819980E+01
   8.195203E+01   2.819395E+01
   8.196068E+01   2.819517E+01
   8.196344E+01   2.819041E+01
   8.196472E+01   2.818608E+01
   8.197110E+01   2.818229E+01
   8.197870E+01   2.817976E+01
   8.198501E+01   2.817724E+01
   8.199908E+01   2.816257E+01
   8.200754E+01   2.815083E+01
   8.201101E+01   2.816110E+01
   8.201304E+01   2.816887E+01
   8.201880E+01   2.818249E+01
   8.202916E+01   2.819407E+01
   8.202276E+01   2.820069E+01
   8.202821E+01   2.821050E+01
   8.203550E+01   2.821751E+01
   8.204617E+01   2.823202E+01
   8.205414E+01   2.824244E+01
   8.206857E+01   2.823707E+01
   8.209248E+01   2.825212E+01
   8.210083E+01   2.825943E+01
   8.211606E+01   2.825280E+01
   8.212325E+01   2.825431E+01
   8.213264E+01   2.825148E+01
   8.214301E+01   2.823759E+01
   8.215311E+01   2.823813E+01
   8.216734E+01   2.825031E+01
   8.217489E+01   2.824915E+01
   8.219911E+01   2.824218E+01
   8.221136E+01   2.824701E+01
   8.222584E+01   2.824507E+01
   8.224410E+01   2.823775E+01
   8.225111E+01   2.823896E+01
   8.226484E+01   2.824375E+01
   8.228398E+01   2.824685E+01
   8.229703E+01   2.824522E+01
   8.230134E+01   2.823943E+01
   8.230611E+01   2.823091E+01
   8.231235E+01   2.822301E+01
   8.233867E+01   2.822275E+01
   8.234678E+01   2.820898E+01
   8.237875E+01   2.818431E+01
   8.239445E+01   2.817734E+01
   8.239892E+01   2.817053E+01
   8.240179E+01   2.817666E+01
   8.240105E+01   2.818142E+01
   8.240201E+01   2.818766E+01
   8.240206E+01   2.819348E+01
   8.240203E+01   2.820029E+01
   8.240488E+01   2.821200E+01
   8.240724E+01   2.822120E+01
   8.242431E+01   2.822809E+01
   8.242770E+01   2.823235E+01
   8.242659E+01   2.823673E+01
   8.243531E+01   2.824331E+01
   8.243773E+01   2.824698E+01
   8.243062E+01   2.824917E+01
   8.242457E+01   2.825151E+01
   8.241333E+01   2.825404E+01
   8.240833E+01   2.825958E+01
   8.240011E+01   2.827187E+01
