   8.046929E+01   2.962065E+01
   8.047296E+01   2.962186E+01
   8.047972E+01   2.962350E+01
   8.048636E+01   2.962318E+01
   8.049412E+01   2.962462E+01
   8.049956E+01   2.963324E+01
   8.050516E+01   2.964365E+01
   8.051200E+01   2.965009E+01
   8.051832E+01   2.965345E+01
   8.053090E+01   2.965910E+01
   8.053935E+01   2.966335E+01
   8.054314E+01   2.966647E+01
   8.055194E+01   2.966808E+01
   8.055692E+01   2.967061E+01
   8.055937E+01   2.967073E+01
   8.056019E+01   2.967337E+01
   8.056791E+01   2.967797E+01
   8.056952E+01   2.968126E+01
   8.057045E+01   2.968396E+01
   8.057358E+01   2.968763E+01
   8.057734E+01   2.968838E+01
   8.058910E+01   2.968995E+01
   8.059456E+01   2.969090E+01
   8.060167E+01   2.969196E+01
   8.060578E+01   2.968700E+01
   8.061272E+01   2.968853E+01
   8.062563E+01   2.968713E+01
   8.063956E+01   2.968968E+01
   8.064314E+01   2.968572E+01
   8.064701E+01   2.968199E+01
   8.065521E+01   2.968167E+01
   8.066120E+01   2.968269E+01
   8.066705E+01   2.968557E+01
   8.067311E+01   2.968697E+01
   8.067757E+01   2.969325E+01
   8.068243E+01   2.969959E+01
   8.070253E+01   2.970407E+01
   8.072034E+01   2.970337E+01
   8.073885E+01   2.970474E+01
   8.075533E+01   2.970821E+01
   8.076514E+01   2.970165E+01
   8.077667E+01   2.970138E+01
   8.078393E+01   2.969638E+01
   8.078957E+01   2.969177E+01
   8.079940E+01   2.968745E+01
   8.081585E+01   2.968748E+01
   8.082884E+01   2.969215E+01
   8.085046E+01   2.969548E+01
   8.086404E+01   2.970657E+01
   8.090244E+01   2.972261E+01
   8.091550E+01   2.972576E+01
   8.093033E+01   2.973099E+01
   8.093429E+01   2.973403E+01
   8.094616E+01   2.973569E+01
   8.094921E+01   2.973275E+01
   8.095763E+01   2.972605E+01
   8.097443E+01   2.972352E+01
   8.097839E+01   2.972845E+01
   8.098442E+01   2.973413E+01
   8.098810E+01   2.974169E+01
   8.100352E+01   2.974102E+01
   8.102272E+01   2.974533E+01
   8.103100E+01   2.974272E+01
   8.104424E+01   2.975312E+01
   8.105963E+01   2.976179E+01
   8.106309E+01   2.977489E+01
   8.106209E+01   2.978908E+01
   8.106752E+01   2.979547E+01
   8.107031E+01   2.981144E+01
   8.106578E+01   2.982704E+01
   8.105389E+01   2.983337E+01
   8.103890E+01   2.984794E+01
   8.103731E+01   2.986165E+01
   8.103638E+01   2.986910E+01
   8.103697E+01   2.987717E+01
   8.103393E+01   2.989527E+01
   8.102968E+01   2.990362E+01
   8.102219E+01   2.991332E+01
   8.101596E+01   2.991327E+01
   8.100182E+01   2.992239E+01
   8.100243E+01   2.993372E+01
   8.100804E+01   2.994184E+01
   8.101123E+01   2.994566E+01
   8.101646E+01   2.995600E+01
   8.101726E+01   2.996751E+01
   8.101768E+01   2.997636E+01
   8.101549E+01   2.998120E+01
   8.102479E+01   2.998666E+01
   8.103293E+01   3.000130E+01
   8.103760E+01   3.000964E+01
   8.103884E+01   3.001432E+01
   8.104462E+01   3.001926E+01
   8.105505E+01   3.002652E+01
   8.106413E+01   3.003718E+01
   8.107133E+01   3.004435E+01
   8.107934E+01   3.004771E+01
   8.109198E+01   3.005328E+01
   8.109800E+01   3.006409E+01
   8.109951E+01   3.006969E+01
   8.110026E+01   3.007362E+01
   8.110662E+01   3.007801E+01
   8.110859E+01   3.008240E+01
   8.110768E+01   3.008830E+01
   8.110314E+01   3.009465E+01
   8.109663E+01   3.010070E+01
   8.108952E+01   3.009904E+01
   8.108211E+01   3.009949E+01
   8.108453E+01   3.010947E+01
   8.108499E+01   3.011537E+01
   8.108242E+01   3.012142E+01
   8.108030E+01   3.012339E+01
   8.108181E+01   3.013398E+01
   8.108242E+01   3.014124E+01
   8.108287E+01   3.014684E+01
   8.108060E+01   3.015092E+01
   8.107152E+01   3.015682E+01
   8.106804E+01   3.015773E+01
   8.106351E+01   3.015879E+01
   8.106154E+01   3.016257E+01
   8.105973E+01   3.016771E+01
   8.105534E+01   3.017058E+01
   8.105367E+01   3.017467E+01
   8.105020E+01   3.017936E+01
   8.104384E+01   3.018117E+01
   8.104369E+01   3.018858E+01
   8.103991E+01   3.019418E+01
   8.103443E+01   3.019720E+01
   8.102870E+01   3.019537E+01
   8.102080E+01   3.019555E+01
   8.099498E+01   3.018554E+01
   8.096863E+01   3.018607E+01
   8.094017E+01   3.017975E+01
   8.092330E+01   3.019450E+01
   8.092778E+01   3.021285E+01
   8.092284E+01   3.022096E+01
   8.092024E+01   3.022662E+01
   8.091873E+01   3.022702E+01
   8.091740E+01   3.022637E+01
   8.091672E+01   3.022574E+01
   8.091569E+01   3.022471E+01
   8.091511E+01   3.022431E+01
   8.091382E+01   3.022377E+01
   8.091324E+01   3.022388E+01
   8.091235E+01   3.022383E+01
   8.091162E+01   3.022378E+01
   8.091073E+01   3.022336E+01
   8.090976E+01   3.022280E+01
   8.090888E+01   3.022177E+01
   8.090829E+01   3.022164E+01
   8.090716E+01   3.022093E+01
   8.090657E+01   3.022015E+01
   8.090641E+01   3.021967E+01
   8.090572E+01   3.021902E+01
   8.090518E+01   3.021860E+01
   8.090405E+01   3.021774E+01
   8.090344E+01   3.021643E+01
   8.090285E+01   3.021540E+01
   8.090263E+01   3.021470E+01
   8.090209E+01   3.021398E+01
   8.090068E+01   3.021367E+01
   8.089915E+01   3.021338E+01
   8.089797E+01   3.021298E+01
   8.089713E+01   3.021247E+01
   8.089599E+01   3.021130E+01
   8.089549E+01   3.020998E+01
   8.089510E+01   3.020877E+01
   8.089432E+01   3.020617E+01
   8.089057E+01   3.020232E+01
   8.088693E+01   3.019676E+01
   8.088563E+01   3.018801E+01
   8.087549E+01   3.017900E+01
   8.086541E+01   3.017213E+01
   8.086385E+01   3.016728E+01
   8.086874E+01   3.016358E+01
   8.087172E+01   3.016058E+01
   8.087152E+01   3.015657E+01
   8.087141E+01   3.015334E+01
   8.087206E+01   3.014999E+01
   8.087531E+01   3.014251E+01
   8.087611E+01   3.013880E+01
   8.087737E+01   3.013589E+01
   8.087830E+01   3.013067E+01
   8.087562E+01   3.012692E+01
   8.087341E+01   3.012602E+01
   8.086895E+01   3.012564E+01
   8.085970E+01   3.012203E+01
   8.085417E+01   3.011952E+01
   8.085073E+01   3.011821E+01
   8.084595E+01   3.011653E+01
   8.084263E+01   3.011346E+01
   8.084238E+01   3.010900E+01
   8.084491E+01   3.010743E+01
   8.084544E+01   3.010387E+01
   8.084236E+01   3.010108E+01
   8.083858E+01   3.009866E+01
   8.083168E+01   3.009712E+01
   8.082607E+01   3.010002E+01
   8.082202E+01   3.009988E+01
   8.081877E+01   3.009658E+01
   8.081580E+01   3.009640E+01
   8.081410E+01   3.009536E+01
   8.081364E+01   3.009290E+01
   8.080932E+01   3.009072E+01
   8.080562E+01   3.008991E+01
   8.080393E+01   3.008801E+01
   8.080091E+01   3.008386E+01
   8.079906E+01   3.008070E+01
   8.079452E+01   3.007766E+01
   8.079109E+01   3.007316E+01
   8.078897E+01   3.007230E+01
   8.078752E+01   3.006762E+01
   8.078351E+01   3.006153E+01
   8.078024E+01   3.005759E+01
   8.077646E+01   3.005444E+01
   8.077170E+01   3.005368E+01
   8.076055E+01   3.004801E+01
   8.075819E+01   3.004434E+01
   8.075586E+01   3.003998E+01
   8.075519E+01   3.003123E+01
   8.075735E+01   3.002605E+01
   8.075390E+01   3.002008E+01
   8.074955E+01   3.000967E+01
   8.074426E+01   3.000366E+01
   8.073834E+01   2.999908E+01
   8.072447E+01   2.999963E+01
   8.071587E+01   2.999395E+01
   8.071273E+01   2.998997E+01
   8.070389E+01   2.998407E+01
   8.070038E+01   2.998000E+01
   8.069708E+01   2.997962E+01
   8.069372E+01   2.997721E+01
   8.068941E+01   2.997306E+01
   8.068684E+01   2.996961E+01
   8.068271E+01   2.996281E+01
   8.067989E+01   2.996098E+01
   8.067522E+01   2.995743E+01
   8.066995E+01   2.995721E+01
   8.066471E+01   2.995725E+01
   8.065631E+01   2.995510E+01
   8.064522E+01   2.995728E+01
   8.063956E+01   2.996031E+01
   8.063772E+01   2.996330E+01
   8.062855E+01   2.996524E+01
   8.062330E+01   2.996427E+01
   8.061497E+01   2.996104E+01
   8.060718E+01   2.995870E+01
   8.059569E+01   2.995350E+01
   8.058167E+01   2.993724E+01
   8.057836E+01   2.993063E+01
   8.057401E+01   2.992344E+01
   8.057075E+01   2.991507E+01
   8.056906E+01   2.990872E+01
   8.057068E+01   2.990333E+01
   8.057059E+01   2.989831E+01
   8.057193E+01   2.989440E+01
   8.057004E+01   2.989071E+01
   8.056574E+01   2.987897E+01
   8.055985E+01   2.987465E+01
   8.055764E+01   2.986839E+01
   8.056125E+01   2.986646E+01
   8.055647E+01   2.986304E+01
   8.055127E+01   2.985607E+01
   8.055289E+01   2.985071E+01
   8.054858E+01   2.985042E+01
   8.054342E+01   2.984629E+01
   8.053776E+01   2.984448E+01
   8.053386E+01   2.983822E+01
   8.052811E+01   2.983349E+01
   8.052362E+01   2.983061E+01
   8.051756E+01   2.982545E+01
   8.050714E+01   2.982310E+01
   8.050172E+01   2.981776E+01
   8.049882E+01   2.981252E+01
   8.049850E+01   2.981018E+01
   8.050009E+01   2.980883E+01
   8.049532E+01   2.980461E+01
   8.049233E+01   2.980170E+01
   8.049441E+01   2.979868E+01
   8.049409E+01   2.979583E+01
   8.048594E+01   2.979588E+01
   8.048015E+01   2.979526E+01
   8.047666E+01   2.979790E+01
   8.046423E+01   2.980234E+01
   8.045577E+01   2.980263E+01
   8.044654E+01   2.979874E+01
   8.044085E+01   2.980079E+01
   8.043648E+01   2.980619E+01
   8.043291E+01   2.980249E+01
   8.043024E+01   2.979886E+01
   8.042145E+01   2.979594E+01
   8.041405E+01   2.979383E+01
   8.041229E+01   2.979184E+01
   8.040861E+01   2.979472E+01
   8.040655E+01   2.979428E+01
   8.040661E+01   2.979031E+01
   8.040682E+01   2.978660E+01
   8.040473E+01   2.978324E+01
   8.040487E+01   2.977967E+01
   8.040276E+01   2.977667E+01
   8.039850E+01   2.976706E+01
   8.039731E+01   2.976152E+01
   8.039633E+01   2.975838E+01
   8.039331E+01   2.975863E+01
   8.038528E+01   2.975859E+01
   8.038652E+01   2.975164E+01
   8.038086E+01   2.975066E+01
   8.037572E+01   2.975002E+01
   8.037311E+01   2.974939E+01
   8.037058E+01   2.974995E+01
   8.036857E+01   2.975081E+01
   8.036663E+01   2.974935E+01
   8.036487E+01   2.974502E+01
   8.036517E+01   2.974185E+01
   8.036463E+01   2.973996E+01
   8.036754E+01   2.973651E+01
   8.036958E+01   2.973446E+01
   8.036936E+01   2.973287E+01
   8.036625E+01   2.972993E+01
   8.036633E+01   2.972438E+01
   8.036870E+01   2.972166E+01
   8.037337E+01   2.972139E+01
   8.037554E+01   2.972077E+01
   8.037629E+01   2.971919E+01
   8.037280E+01   2.971686E+01
   8.037232E+01   2.971488E+01
   8.037407E+01   2.971294E+01
   8.037486E+01   2.970819E+01
   8.037839E+01   2.970178E+01
   8.037966E+01   2.969880E+01
   8.038019E+01   2.969014E+01
   8.038141E+01   2.968771E+01
   8.038486E+01   2.968501E+01
   8.038394E+01   2.968054E+01
   8.038373E+01   2.967632E+01
   8.038499E+01   2.967370E+01
   8.038977E+01   2.967180E+01
   8.039009E+01   2.967061E+01
   8.038968E+01   2.966850E+01
   8.038940E+01   2.966621E+01
   8.039057E+01   2.966427E+01
   8.039789E+01   2.966215E+01
   8.039841E+01   2.965955E+01
   8.040095E+01   2.965920E+01
   8.040578E+01   2.965948E+01
   8.040797E+01   2.965781E+01
   8.040904E+01   2.965546E+01
   8.041047E+01   2.965371E+01
   8.041324E+01   2.965418E+01
   8.041498E+01   2.965350E+01
   8.041629E+01   2.965073E+01
   8.041477E+01   2.964786E+01
   8.041407E+01   2.964460E+01
   8.041430E+01   2.964321E+01
   8.041948E+01   2.963960E+01
   8.042010E+01   2.963767E+01
   8.041960E+01   2.963377E+01
   8.042018E+01   2.963270E+01
   8.042092E+01   2.963122E+01
   8.042076E+01   2.962978E+01
   8.041843E+01   2.962664E+01
   8.041311E+01   2.962629E+01
   8.041059E+01   2.962504E+01
   8.040778E+01   2.961914E+01
   8.040770E+01   2.961440E+01
   8.040583E+01   2.961313E+01
   8.040764E+01   2.960973E+01
   8.041444E+01   2.960415E+01
   8.041787E+01   2.960918E+01
   8.041798E+01   2.961439E+01
   8.042439E+01   2.961207E+01
   8.042851E+01   2.961597E+01
   8.043387E+01   2.961871E+01
   8.043779E+01   2.961976E+01
   8.044094E+01   2.961656E+01
   8.044490E+01   2.961750E+01
   8.044999E+01   2.962578E+01
   8.045732E+01   2.962644E+01
   8.046105E+01   2.962339E+01
   8.046532E+01   2.962164E+01
   8.046798E+01   2.962035E+01
