   8.620426E+01   2.725035E+01
   8.620460E+01   2.725081E+01
   8.620542E+01   2.725285E+01
   8.620431E+01   2.725374E+01
   8.620565E+01   2.725622E+01
   8.621086E+01   2.726048E+01
   8.621138E+01   2.726178E+01
   8.621132E+01   2.726375E+01
   8.621277E+01   2.726604E+01
   8.621360E+01   2.726808E+01
   8.621451E+01   2.726847E+01
   8.621615E+01   2.726781E+01
   8.621871E+01   2.727059E+01
   8.621896E+01   2.727277E+01
   8.622268E+01   2.727384E+01
   8.622335E+01   2.727666E+01
   8.622415E+01   2.727756E+01
   8.622622E+01   2.727733E+01
   8.622901E+01   2.728082E+01
   8.623146E+01   2.728178E+01
   8.623260E+01   2.728475E+01
   8.623605E+01   2.728663E+01
   8.623979E+01   2.728854E+01
   8.624102E+01   2.728916E+01
   8.623945E+01   2.729035E+01
   8.623752E+01   2.729160E+01
   8.623602E+01   2.729465E+01
   8.623588E+01   2.729914E+01
   8.623676E+01   2.730110E+01
   8.623785E+01   2.730302E+01
   8.623708E+01   2.730496E+01
   8.623692E+01   2.730638E+01
   8.623488E+01   2.730681E+01
   8.623318E+01   2.730965E+01
   8.623139E+01   2.731374E+01
   8.623058E+01   2.731503E+01
   8.622926E+01   2.731477E+01
   8.622862E+01   2.731683E+01
   8.622890E+01   2.731973E+01
   8.622539E+01   2.732076E+01
   8.622256E+01   2.732062E+01
   8.621920E+01   2.732206E+01
   8.621885E+01   2.732406E+01
   8.622223E+01   2.732676E+01
   8.622182E+01   2.732772E+01
   8.621847E+01   2.732795E+01
   8.621732E+01   2.732867E+01
   8.621667E+01   2.733179E+01
   8.621565E+01   2.733331E+01
   8.621566E+01   2.733392E+01
   8.621798E+01   2.733615E+01
   8.621747E+01   2.733834E+01
   8.621684E+01   2.733927E+01
   8.621765E+01   2.734021E+01
   8.621790E+01   2.734073E+01
   8.621668E+01   2.734140E+01
   8.621729E+01   2.734417E+01
   8.621829E+01   2.734979E+01
   8.621740E+01   2.735223E+01
   8.621702E+01   2.735355E+01
   8.621993E+01   2.735589E+01
   8.622112E+01   2.735811E+01
   8.622104E+01   2.736069E+01
   8.621912E+01   2.736131E+01
   8.622248E+01   2.736611E+01
   8.622297E+01   2.736813E+01
   8.622446E+01   2.736978E+01
   8.622472E+01   2.737181E+01
   8.622388E+01   2.737457E+01
   8.622386E+01   2.737722E+01
   8.622354E+01   2.737884E+01
   8.622238E+01   2.738102E+01
   8.622184E+01   2.738252E+01
   8.622248E+01   2.738292E+01
   8.622423E+01   2.738296E+01
   8.622512E+01   2.738358E+01
   8.622600E+01   2.738460E+01
   8.622541E+01   2.738629E+01
   8.622477E+01   2.738759E+01
   8.622585E+01   2.738804E+01
   8.622734E+01   2.738928E+01
   8.622762E+01   2.739124E+01
   8.622663E+01   2.739272E+01
   8.622786E+01   2.739591E+01
   8.622758E+01   2.739824E+01
   8.622888E+01   2.739911E+01
   8.623104E+01   2.739964E+01
   8.623141E+01   2.740161E+01
   8.623430E+01   2.740338E+01
   8.623620E+01   2.740397E+01
   8.623636E+01   2.740614E+01
   8.623428E+01   2.740790E+01
   8.623542E+01   2.740884E+01
   8.623750E+01   2.740957E+01
   8.623747E+01   2.741224E+01
   8.623823E+01   2.741391E+01
   8.624044E+01   2.741560E+01
   8.624063E+01   2.741767E+01
   8.624220E+01   2.741930E+01
   8.624465E+01   2.742016E+01
   8.624587E+01   2.741908E+01
   8.624793E+01   2.742029E+01
   8.624811E+01   2.742262E+01
   8.624833E+01   2.742537E+01
   8.624991E+01   2.742685E+01
   8.625212E+01   2.742801E+01
   8.625204E+01   2.742987E+01
   8.625099E+01   2.743273E+01
   8.625251E+01   2.743381E+01
   8.625476E+01   2.743510E+01
   8.625655E+01   2.743676E+01
   8.625614E+01   2.743884E+01
   8.625605E+01   2.743976E+01
   8.625412E+01   2.744036E+01
   8.625411E+01   2.744096E+01
   8.625572E+01   2.744200E+01
   8.625657E+01   2.744354E+01
   8.625718E+01   2.744555E+01
   8.625873E+01   2.744790E+01
   8.625995E+01   2.744952E+01
   8.626083E+01   2.745170E+01
   8.626171E+01   2.745342E+01
   8.626262E+01   2.745469E+01
   8.626349E+01   2.745568E+01
   8.626406E+01   2.745695E+01
   8.626573E+01   2.745731E+01
   8.626722E+01   2.745945E+01
   8.626836E+01   2.745961E+01
   8.627000E+01   2.746036E+01
   8.627200E+01   2.746118E+01
   8.627246E+01   2.746192E+01
   8.627532E+01   2.746326E+01
   8.627714E+01   2.746470E+01
   8.627920E+01   2.746496E+01
   8.628013E+01   2.746474E+01
   8.628116E+01   2.746471E+01
   8.628185E+01   2.746583E+01
   8.628270E+01   2.746641E+01
   8.628510E+01   2.746666E+01
   8.628750E+01   2.746810E+01
   8.628938E+01   2.746867E+01
   8.629100E+01   2.746997E+01
   8.629217E+01   2.747046E+01
   8.629202E+01   2.747156E+01
   8.629176E+01   2.747240E+01
   8.629224E+01   2.747413E+01
   8.629276E+01   2.747524E+01
   8.629274E+01   2.747696E+01
   8.629442E+01   2.747748E+01
   8.629468E+01   2.747847E+01
   8.629544E+01   2.747959E+01
   8.629756E+01   2.747997E+01
   8.629951E+01   2.748084E+01
   8.630147E+01   2.748214E+01
   8.630347E+01   2.748250E+01
   8.630529E+01   2.748310E+01
   8.630584E+01   2.748497E+01
   8.630649E+01   2.748587E+01
   8.630777E+01   2.748653E+01
   8.630876E+01   2.748738E+01
   8.630991E+01   2.748880E+01
   8.631083E+01   2.748979E+01
   8.631285E+01   2.749006E+01
   8.631290E+01   2.749165E+01
   8.631398E+01   2.749198E+01
   8.631581E+01   2.749305E+01
   8.631709E+01   2.749478E+01
   8.631755E+01   2.749675E+01
   8.631836E+01   2.749811E+01
   8.631890E+01   2.749881E+01
   8.632160E+01   2.749955E+01
   8.632312E+01   2.749928E+01
   8.632461E+01   2.749978E+01
   8.632509E+01   2.750189E+01
   8.632572E+01   2.750364E+01
   8.632638E+01   2.750535E+01
   8.632773E+01   2.750647E+01
   8.632889E+01   2.750696E+01
   8.633001E+01   2.750999E+01
   8.633136E+01   2.751002E+01
   8.633318E+01   2.751101E+01
   8.633288E+01   2.751229E+01
   8.633349E+01   2.751340E+01
   8.633424E+01   2.751575E+01
   8.633516E+01   2.751570E+01
   8.633564E+01   2.751681E+01
   8.633694E+01   2.751837E+01
   8.633796E+01   2.751957E+01
   8.633918E+01   2.752020E+01
   8.634011E+01   2.752080E+01
   8.634297E+01   2.752239E+01
   8.634583E+01   2.752314E+01
   8.634678E+01   2.752312E+01
   8.634865E+01   2.752345E+01
   8.634998E+01   2.752408E+01
   8.635180E+01   2.752418E+01
   8.635474E+01   2.752453E+01
   8.635519E+01   2.752590E+01
   8.635577E+01   2.752607E+01
   8.635593E+01   2.752571E+01
   8.635664E+01   2.752505E+01
   8.635683E+01   2.752445E+01
   8.635747E+01   2.752430E+01
   8.635845E+01   2.752419E+01
   8.635924E+01   2.752452E+01
   8.635960E+01   2.752498E+01
   8.635960E+01   2.752554E+01
   8.636003E+01   2.752582E+01
   8.636070E+01   2.752564E+01
   8.636139E+01   2.752533E+01
   8.636111E+01   2.752482E+01
   8.636144E+01   2.752404E+01
   8.636227E+01   2.752374E+01
   8.636283E+01   2.752334E+01
   8.636285E+01   2.752284E+01
   8.636327E+01   2.752205E+01
   8.636403E+01   2.752135E+01
   8.636487E+01   2.752096E+01
   8.636618E+01   2.752062E+01
   8.636701E+01   2.752026E+01
   8.636789E+01   2.751981E+01
   8.636834E+01   2.751995E+01
   8.636881E+01   2.751961E+01
   8.636929E+01   2.751924E+01
   8.636966E+01   2.751875E+01
   8.637026E+01   2.751810E+01
   8.637116E+01   2.751756E+01
   8.637183E+01   2.751766E+01
   8.637277E+01   2.751730E+01
   8.637365E+01   2.751655E+01
   8.637444E+01   2.751604E+01
   8.637534E+01   2.751544E+01
   8.637586E+01   2.751562E+01
   8.637637E+01   2.751574E+01
   8.637693E+01   2.751571E+01
   8.637750E+01   2.751598E+01
   8.637829E+01   2.751601E+01
   8.637912E+01   2.751617E+01
   8.637997E+01   2.751639E+01
   8.638117E+01   2.751657E+01
   8.638216E+01   2.751659E+01
   8.638365E+01   2.751644E+01
   8.638438E+01   2.751621E+01
   8.638528E+01   2.751583E+01
   8.638664E+01   2.751578E+01
   8.638771E+01   2.751652E+01
   8.638871E+01   2.751649E+01
   8.638962E+01   2.751667E+01
   8.639050E+01   2.751702E+01
   8.639122E+01   2.751710E+01
   8.639271E+01   2.751686E+01
   8.639364E+01   2.751736E+01
   8.639457E+01   2.751755E+01
   8.639555E+01   2.751768E+01
   8.639703E+01   2.751789E+01
   8.639783E+01   2.751808E+01
   8.639861E+01   2.751764E+01
   8.639959E+01   2.751732E+01
   8.640051E+01   2.751704E+01
   8.640143E+01   2.751680E+01
   8.640235E+01   2.751636E+01
   8.640299E+01   2.751564E+01
   8.640398E+01   2.751409E+01
   8.640498E+01   2.751340E+01
   8.640617E+01   2.751224E+01
   8.640707E+01   2.751134E+01
   8.640773E+01   2.751064E+01
   8.640831E+01   2.750928E+01
   8.640854E+01   2.750813E+01
   8.640942E+01   2.750712E+01
   8.641048E+01   2.750667E+01
   8.641077E+01   2.750604E+01
   8.641035E+01   2.750546E+01
   8.641116E+01   2.750439E+01
   8.641069E+01   2.750352E+01
   8.641120E+01   2.750275E+01
   8.641165E+01   2.750156E+01
   8.641166E+01   2.750065E+01
   8.641255E+01   2.750005E+01
   8.641368E+01   2.749941E+01
   8.641419E+01   2.749856E+01
   8.641446E+01   2.749720E+01
   8.641513E+01   2.749550E+01
   8.641679E+01   2.749418E+01
   8.641789E+01   2.749236E+01
   8.641948E+01   2.749124E+01
   8.642114E+01   2.749001E+01
   8.642237E+01   2.748817E+01
   8.642432E+01   2.748659E+01
   8.642626E+01   2.748558E+01
   8.642760E+01   2.748527E+01
   8.642953E+01   2.748499E+01
   8.643129E+01   2.748647E+01
   8.643203E+01   2.748668E+01
   8.643355E+01   2.748618E+01
   8.643697E+01   2.748594E+01
   8.643949E+01   2.748594E+01
   8.644020E+01   2.748520E+01
   8.644194E+01   2.748117E+01
   8.644426E+01   2.747770E+01
   8.644565E+01   2.747459E+01
   8.644659E+01   2.747227E+01
   8.644888E+01   2.746899E+01
   8.644967E+01   2.746728E+01
   8.645059E+01   2.746527E+01
   8.645265E+01   2.746307E+01
   8.645380E+01   2.746058E+01
   8.645427E+01   2.745797E+01
   8.645385E+01   2.745568E+01
   8.645597E+01   2.745371E+01
   8.645928E+01   2.745189E+01
   8.646216E+01   2.744971E+01
   8.646644E+01   2.744630E+01
   8.646736E+01   2.744440E+01
   8.646657E+01   2.744243E+01
   8.646516E+01   2.743986E+01
   8.646300E+01   2.743805E+01
   8.646121E+01   2.743550E+01
   8.646042E+01   2.743502E+01
   8.646075E+01   2.743333E+01
   8.646339E+01   2.743050E+01
   8.646448E+01   2.742859E+01
   8.646578E+01   2.742794E+01
   8.646828E+01   2.742588E+01
   8.646879E+01   2.742472E+01
   8.646992E+01   2.742285E+01
   8.647232E+01   2.742175E+01
   8.647452E+01   2.742215E+01
   8.647711E+01   2.742295E+01
   8.648001E+01   2.742283E+01
   8.648204E+01   2.742236E+01
   8.648548E+01   2.742287E+01
   8.648694E+01   2.742448E+01
   8.648761E+01   2.742641E+01
   8.648935E+01   2.742739E+01
   8.649120E+01   2.742769E+01
   8.649308E+01   2.742741E+01
   8.649579E+01   2.742664E+01
   8.649746E+01   2.742612E+01
   8.649972E+01   2.742698E+01
   8.650436E+01   2.742322E+01
   8.650474E+01   2.741932E+01
   8.650588E+01   2.741672E+01
   8.650658E+01   2.741604E+01
   8.650964E+01   2.741090E+01
   8.651568E+01   2.740782E+01
   8.652145E+01   2.740450E+01
   8.652528E+01   2.739946E+01
   8.652791E+01   2.739786E+01
   8.653209E+01   2.739660E+01
   8.653345E+01   2.739326E+01
   8.653538E+01   2.738876E+01
   8.654019E+01   2.738631E+01
   8.654264E+01   2.738390E+01
   8.654785E+01   2.737848E+01
   8.655110E+01   2.737649E+01
   8.655463E+01   2.737455E+01
   8.655829E+01   2.737122E+01
   8.656105E+01   2.736752E+01
   8.656430E+01   2.736571E+01
   8.656407E+01   2.736164E+01
   8.656352E+01   2.735487E+01
   8.656451E+01   2.735222E+01
   8.656488E+01   2.735111E+01
   8.656654E+01   2.734622E+01
   8.657063E+01   2.734090E+01
   8.657617E+01   2.734233E+01
   8.657973E+01   2.734222E+01
   8.658178E+01   2.734214E+01
   8.658832E+01   2.734358E+01
   8.659413E+01   2.734284E+01
   8.659502E+01   2.734257E+01
   8.659819E+01   2.734154E+01
   8.660048E+01   2.734269E+01
   8.660606E+01   2.734358E+01
   8.661135E+01   2.734244E+01
   8.661607E+01   2.734193E+01
   8.662221E+01   2.734049E+01
   8.662433E+01   2.733979E+01
   8.662787E+01   2.733945E+01
   8.663203E+01   2.733876E+01
   8.663482E+01   2.733820E+01
   8.664087E+01   2.733856E+01
   8.664378E+01   2.733900E+01
   8.664561E+01   2.733903E+01
   8.664680E+01   2.733912E+01
   8.665079E+01   2.733942E+01
   8.665404E+01   2.734004E+01
   8.666052E+01   2.734347E+01
   8.666571E+01   2.734806E+01
   8.666995E+01   2.735224E+01
   8.667330E+01   2.735310E+01
   8.667914E+01   2.735234E+01
   8.667904E+01   2.734947E+01
   8.667992E+01   2.734595E+01
   8.667789E+01   2.734318E+01
   8.667869E+01   2.734069E+01
   8.667917E+01   2.733786E+01
   8.668045E+01   2.733480E+01
   8.668322E+01   2.733184E+01
   8.668327E+01   2.732994E+01
   8.668328E+01   2.732787E+01
   8.668182E+01   2.732614E+01
   8.668077E+01   2.732434E+01
   8.668149E+01   2.732107E+01
   8.668331E+01   2.731869E+01
   8.668246E+01   2.731549E+01
   8.668379E+01   2.731440E+01
   8.668564E+01   2.731295E+01
   8.668451E+01   2.731046E+01
   8.667971E+01   2.730513E+01
   8.667639E+01   2.730222E+01
   8.667738E+01   2.729928E+01
   8.667586E+01   2.729839E+01
   8.667270E+01   2.730008E+01
   8.666934E+01   2.729864E+01
   8.666664E+01   2.729734E+01
   8.666785E+01   2.729374E+01
   8.666864E+01   2.729213E+01
   8.667143E+01   2.729166E+01
   8.667223E+01   2.728999E+01
   8.667289E+01   2.728832E+01
   8.666995E+01   2.728562E+01
   8.666865E+01   2.728274E+01
   8.666972E+01   2.728059E+01
   8.666721E+01   2.727858E+01
   8.666657E+01   2.727736E+01
   8.666881E+01   2.727597E+01
   8.667054E+01   2.727361E+01
   8.667054E+01   2.727234E+01
   8.666806E+01   2.726866E+01
   8.666023E+01   2.726892E+01
   8.665870E+01   2.726717E+01
   8.665759E+01   2.726361E+01
   8.665590E+01   2.726236E+01
   8.665157E+01   2.726390E+01
   8.664681E+01   2.726195E+01
   8.664295E+01   2.725820E+01
   8.663913E+01   2.725821E+01
   8.663402E+01   2.725636E+01
   8.663194E+01   2.725085E+01
   8.662651E+01   2.724685E+01
   8.662234E+01   2.724708E+01
   8.662013E+01   2.724476E+01
   8.661959E+01   2.723933E+01
   8.661816E+01   2.723461E+01
   8.661418E+01   2.723509E+01
   8.661171E+01   2.723723E+01
   8.660779E+01   2.723343E+01
   8.660053E+01   2.723294E+01
   8.659794E+01   2.723453E+01
   8.659567E+01   2.723372E+01
   8.659300E+01   2.722738E+01
   8.658827E+01   2.722384E+01
   8.658495E+01   2.722676E+01
   8.658287E+01   2.722748E+01
   8.658069E+01   2.722636E+01
   8.657605E+01   2.722391E+01
   8.657435E+01   2.722590E+01
   8.657050E+01   2.722733E+01
   8.656180E+01   2.722338E+01
   8.655987E+01   2.722430E+01
   8.655708E+01   2.722692E+01
   8.655292E+01   2.722390E+01
   8.655392E+01   2.722098E+01
   8.655576E+01   2.721876E+01
   8.655191E+01   2.721931E+01
   8.654743E+01   2.721902E+01
   8.654770E+01   2.721637E+01
   8.654568E+01   2.721413E+01
   8.654344E+01   2.721243E+01
   8.654084E+01   2.720844E+01
   8.653930E+01   2.720860E+01
   8.653780E+01   2.720708E+01
   8.653749E+01   2.720493E+01
   8.653209E+01   2.720212E+01
   8.652971E+01   2.719903E+01
   8.652658E+01   2.719511E+01
   8.652140E+01   2.719224E+01
   8.651373E+01   2.718791E+01
   8.650733E+01   2.718582E+01
   8.650385E+01   2.718634E+01
   8.649658E+01   2.718690E+01
   8.649107E+01   2.718676E+01
   8.648661E+01   2.718230E+01
   8.648279E+01   2.717957E+01
   8.647329E+01   2.717649E+01
   8.647151E+01   2.717175E+01
   8.646973E+01   2.716951E+01
   8.646574E+01   2.716695E+01
   8.645926E+01   2.716658E+01
   8.644757E+01   2.716447E+01
   8.644443E+01   2.716187E+01
   8.643911E+01   2.715662E+01
   8.643349E+01   2.715100E+01
   8.643076E+01   2.714863E+01
   8.642518E+01   2.714752E+01
   8.641995E+01   2.714987E+01
   8.641887E+01   2.716093E+01
   8.641601E+01   2.716665E+01
   8.641214E+01   2.716889E+01
   8.640201E+01   2.717032E+01
   8.640037E+01   2.717425E+01
   8.639870E+01   2.717717E+01
   8.639229E+01   2.717928E+01
   8.638384E+01   2.718135E+01
   8.638060E+01   2.719090E+01
   8.637453E+01   2.719353E+01
   8.636334E+01   2.719605E+01
   8.635676E+01   2.720152E+01
   8.634808E+01   2.720136E+01
   8.634322E+01   2.720262E+01
   8.633993E+01   2.721018E+01
   8.634225E+01   2.721784E+01
   8.634097E+01   2.722519E+01
   8.634258E+01   2.722768E+01
   8.633706E+01   2.722995E+01
   8.632849E+01   2.723001E+01
   8.632011E+01   2.723089E+01
   8.631278E+01   2.723257E+01
   8.630735E+01   2.723470E+01
   8.630442E+01   2.723759E+01
   8.629793E+01   2.723839E+01
   8.620426E+01   2.725035E+01
