   8.329271E+01   2.733600E+01
   8.329178E+01   2.733542E+01
   8.329160E+01   2.733498E+01
   8.329383E+01   2.733503E+01
   8.329440E+01   2.733415E+01
   8.329507E+01   2.733333E+01
   8.329939E+01   2.733467E+01
   8.330186E+01   2.733361E+01
   8.330474E+01   2.733149E+01
   8.330668E+01   2.733254E+01
   8.330809E+01   2.733367E+01
   8.331102E+01   2.733230E+01
   8.331309E+01   2.733212E+01
   8.331571E+01   2.733152E+01
   8.331719E+01   2.733016E+01
   8.331764E+01   2.733128E+01
   8.331593E+01   2.733208E+01
   8.331554E+01   2.733345E+01
   8.331752E+01   2.733538E+01
   8.331830E+01   2.733641E+01
   8.331812E+01   2.733745E+01
   8.331954E+01   2.733730E+01
   8.332183E+01   2.733660E+01
   8.332354E+01   2.733651E+01
   8.332487E+01   2.733656E+01
   8.332517E+01   2.733525E+01
   8.332659E+01   2.733494E+01
   8.332784E+01   2.733415E+01
   8.333006E+01   2.733371E+01
   8.333231E+01   2.733273E+01
   8.333515E+01   2.733381E+01
   8.333764E+01   2.733275E+01
   8.333931E+01   2.733397E+01
   8.334257E+01   2.733465E+01
   8.334391E+01   2.733647E+01
   8.334389E+01   2.733823E+01
   8.334595E+01   2.733822E+01
   8.334869E+01   2.733963E+01
   8.335097E+01   2.733958E+01
   8.335272E+01   2.734049E+01
   8.335100E+01   2.734151E+01
   8.335115E+01   2.734248E+01
   8.335420E+01   2.734405E+01
   8.335727E+01   2.734432E+01
   8.335896E+01   2.734293E+01
   8.335923E+01   2.734477E+01
   8.335916E+01   2.734824E+01
   8.335774E+01   2.735025E+01
   8.336031E+01   2.735185E+01
   8.336260E+01   2.735364E+01
   8.336388E+01   2.735542E+01
   8.336632E+01   2.735524E+01
   8.336855E+01   2.735618E+01
   8.337010E+01   2.735812E+01
   8.337200E+01   2.735752E+01
   8.337376E+01   2.735725E+01
   8.337383E+01   2.736080E+01
   8.337248E+01   2.736315E+01
   8.337268E+01   2.736656E+01
   8.337308E+01   2.736793E+01
   8.337542E+01   2.736991E+01
   8.338139E+01   2.737032E+01
   8.338424E+01   2.737201E+01
   8.338625E+01   2.737437E+01
   8.338783E+01   2.737557E+01
   8.338791E+01   2.737682E+01
   8.338649E+01   2.737975E+01
   8.338675E+01   2.738155E+01
   8.338791E+01   2.738350E+01
   8.338597E+01   2.738502E+01
   8.338471E+01   2.738675E+01
   8.338442E+01   2.738886E+01
   8.338521E+01   2.739088E+01
   8.338787E+01   2.739145E+01
   8.338931E+01   2.739253E+01
   8.339159E+01   2.739502E+01
   8.339308E+01   2.739589E+01
   8.339607E+01   2.739573E+01
   8.339660E+01   2.739675E+01
   8.339744E+01   2.739795E+01
   8.339962E+01   2.739854E+01
   8.340036E+01   2.739983E+01
   8.340249E+01   2.740092E+01
   8.340384E+01   2.740354E+01
   8.340538E+01   2.740534E+01
   8.340557E+01   2.740727E+01
   8.340640E+01   2.740957E+01
   8.340620E+01   2.741183E+01
   8.340783E+01   2.741217E+01
   8.340940E+01   2.741248E+01
   8.340949E+01   2.741417E+01
   8.340882E+01   2.741546E+01
   8.340754E+01   2.741491E+01
   8.340574E+01   2.741783E+01
   8.340360E+01   2.741929E+01
   8.340096E+01   2.741951E+01
   8.339941E+01   2.741915E+01
   8.339928E+01   2.742018E+01
   8.340047E+01   2.742009E+01
   8.340111E+01   2.742061E+01
   8.339878E+01   2.742186E+01
   8.339555E+01   2.742254E+01
   8.339482E+01   2.742380E+01
   8.339315E+01   2.742473E+01
   8.339150E+01   2.742822E+01
   8.339155E+01   2.742978E+01
   8.338924E+01   2.743092E+01
   8.338720E+01   2.743248E+01
   8.338456E+01   2.743534E+01
   8.338447E+01   2.743769E+01
   8.338624E+01   2.743871E+01
   8.338543E+01   2.744070E+01
   8.338459E+01   2.744073E+01
   8.338378E+01   2.744121E+01
   8.338385E+01   2.744269E+01
   8.338847E+01   2.744437E+01
   8.339019E+01   2.744512E+01
   8.339108E+01   2.744655E+01
   8.339268E+01   2.744675E+01
   8.339486E+01   2.744641E+01
   8.339768E+01   2.744842E+01
   8.339890E+01   2.744955E+01
   8.340081E+01   2.745501E+01
   8.340181E+01   2.745736E+01
   8.340086E+01   2.745825E+01
   8.339995E+01   2.745938E+01
   8.339964E+01   2.746242E+01
   8.340046E+01   2.746459E+01
   8.340218E+01   2.746537E+01
   8.340240E+01   2.746618E+01
   8.340135E+01   2.746740E+01
   8.340050E+01   2.746702E+01
   8.339913E+01   2.746555E+01
   8.339776E+01   2.746547E+01
   8.339589E+01   2.746639E+01
   8.339506E+01   2.746684E+01
   8.339553E+01   2.746942E+01
   8.339510E+01   2.746974E+01
   8.339449E+01   2.746948E+01
   8.339319E+01   2.746961E+01
   8.339032E+01   2.747111E+01
   8.338942E+01   2.747094E+01
   8.338888E+01   2.747052E+01
   8.338837E+01   2.747073E+01
   8.338827E+01   2.747181E+01
   8.338942E+01   2.747356E+01
   8.339001E+01   2.747398E+01
   8.339014E+01   2.747478E+01
   8.339176E+01   2.747543E+01
   8.339214E+01   2.747684E+01
   8.339148E+01   2.747820E+01
   8.338896E+01   2.747902E+01
   8.338975E+01   2.747981E+01
   8.340406E+01   2.747921E+01
   8.341557E+01   2.747854E+01
   8.345445E+01   2.747667E+01
   8.347033E+01   2.747595E+01
   8.348874E+01   2.747517E+01
   8.350712E+01   2.747433E+01
   8.353083E+01   2.747333E+01
   8.354884E+01   2.747243E+01
   8.355830E+01   2.747195E+01
   8.357958E+01   2.747095E+01
   8.359854E+01   2.747016E+01
   8.361453E+01   2.746922E+01
   8.361409E+01   2.747039E+01
   8.361416E+01   2.747267E+01
   8.361277E+01   2.747333E+01
   8.361238E+01   2.747537E+01
   8.361119E+01   2.747576E+01
   8.361251E+01   2.747729E+01
   8.361211E+01   2.747931E+01
   8.361084E+01   2.748172E+01
   8.361134E+01   2.748440E+01
   8.360994E+01   2.748628E+01
   8.361106E+01   2.748916E+01
   8.360991E+01   2.748963E+01
   8.360689E+01   2.749089E+01
   8.360565E+01   2.749345E+01
   8.360422E+01   2.749597E+01
   8.360127E+01   2.749643E+01
   8.360002E+01   2.749721E+01
   8.359871E+01   2.749804E+01
   8.359733E+01   2.749750E+01
   8.359831E+01   2.749848E+01
   8.359848E+01   2.749969E+01
   8.359754E+01   2.749933E+01
   8.359656E+01   2.749917E+01
   8.359570E+01   2.750024E+01
   8.359435E+01   2.749919E+01
   8.359416E+01   2.750079E+01
   8.359300E+01   2.750203E+01
   8.359453E+01   2.750169E+01
   8.359562E+01   2.750265E+01
   8.359608E+01   2.750365E+01
   8.359543E+01   2.750525E+01
   8.359519E+01   2.750713E+01
   8.359421E+01   2.750792E+01
   8.359481E+01   2.751004E+01
   8.359460E+01   2.751132E+01
   8.359530E+01   2.751060E+01
   8.359686E+01   2.751101E+01
   8.359759E+01   2.751135E+01
   8.359836E+01   2.751088E+01
   8.359895E+01   2.751168E+01
   8.359710E+01   2.751197E+01
   8.359680E+01   2.751356E+01
   8.359781E+01   2.751443E+01
   8.359830E+01   2.751577E+01
   8.359798E+01   2.751806E+01
   8.359774E+01   2.751946E+01
   8.359591E+01   2.751934E+01
   8.359357E+01   2.752151E+01
   8.359230E+01   2.752117E+01
   8.359094E+01   2.752093E+01
   8.359049E+01   2.752271E+01
   8.358958E+01   2.752432E+01
   8.359139E+01   2.752459E+01
   8.359105E+01   2.752517E+01
   8.359026E+01   2.752635E+01
   8.359189E+01   2.752733E+01
   8.359308E+01   2.752694E+01
   8.359373E+01   2.752768E+01
   8.359234E+01   2.752853E+01
   8.359083E+01   2.752797E+01
   8.358999E+01   2.752900E+01
   8.358907E+01   2.753023E+01
   8.358844E+01   2.753048E+01
   8.358730E+01   2.752994E+01
   8.358688E+01   2.753113E+01
   8.358675E+01   2.753213E+01
   8.358808E+01   2.753266E+01
   8.358928E+01   2.753248E+01
   8.358935E+01   2.753366E+01
   8.359032E+01   2.753368E+01
   8.359160E+01   2.753419E+01
   8.359125E+01   2.753586E+01
   8.359049E+01   2.753723E+01
   8.358961E+01   2.753819E+01
   8.359059E+01   2.753976E+01
   8.358980E+01   2.754025E+01
   8.359027E+01   2.754195E+01
   8.359049E+01   2.754296E+01
   8.359118E+01   2.754375E+01
   8.359219E+01   2.754400E+01
   8.359314E+01   2.754398E+01
   8.359330E+01   2.754452E+01
   8.359382E+01   2.754503E+01
   8.359483E+01   2.754537E+01
   8.359560E+01   2.754546E+01
   8.359610E+01   2.754701E+01
   8.359639E+01   2.754790E+01
   8.359565E+01   2.754872E+01
   8.359502E+01   2.754828E+01
   8.359433E+01   2.754868E+01
   8.359299E+01   2.754818E+01
   8.359223E+01   2.754883E+01
   8.359191E+01   2.754931E+01
   8.359204E+01   2.755011E+01
   8.359159E+01   2.755036E+01
   8.359142E+01   2.755113E+01
   8.359119E+01   2.755221E+01
   8.359127E+01   2.755272E+01
   8.359100E+01   2.755315E+01
   8.359117E+01   2.755397E+01
   8.359180E+01   2.755470E+01
   8.359227E+01   2.755529E+01
   8.359275E+01   2.755534E+01
   8.359318E+01   2.755595E+01
   8.359267E+01   2.755638E+01
   8.359328E+01   2.755737E+01
   8.359337E+01   2.755814E+01
   8.359252E+01   2.755865E+01
   8.359324E+01   2.755890E+01
   8.359367E+01   2.755942E+01
   8.359386E+01   2.755979E+01
   8.359435E+01   2.756002E+01
   8.359457E+01   2.756054E+01
   8.359436E+01   2.756092E+01
   8.359437E+01   2.756153E+01
   8.359484E+01   2.756142E+01
   8.359470E+01   2.756173E+01
   8.359483E+01   2.756200E+01
   8.359508E+01   2.756225E+01
   8.359450E+01   2.756241E+01
   8.359517E+01   2.756268E+01
   8.359497E+01   2.756306E+01
   8.359477E+01   2.756345E+01
   8.359447E+01   2.756307E+01
   8.359430E+01   2.756341E+01
   8.359396E+01   2.756373E+01
   8.359441E+01   2.756373E+01
   8.359425E+01   2.756400E+01
   8.359449E+01   2.756438E+01
   8.359519E+01   2.756471E+01
   8.359482E+01   2.756482E+01
   8.359464E+01   2.756521E+01
   8.359488E+01   2.756564E+01
   8.359556E+01   2.756570E+01
   8.359573E+01   2.756588E+01
   8.359628E+01   2.756638E+01
   8.359608E+01   2.756705E+01
   8.359561E+01   2.756747E+01
   8.359619E+01   2.756785E+01
   8.359617E+01   2.756848E+01
   8.359571E+01   2.756892E+01
   8.359583E+01   2.756950E+01
   8.359575E+01   2.757005E+01
   8.359551E+01   2.757063E+01
   8.359517E+01   2.757168E+01
   8.359599E+01   2.757271E+01
   8.359505E+01   2.757327E+01
   8.359471E+01   2.757363E+01
   8.359478E+01   2.757471E+01
   8.359448E+01   2.757537E+01
   8.359327E+01   2.757564E+01
   8.358844E+01   2.757366E+01
   8.358552E+01   2.757359E+01
   8.358057E+01   2.757509E+01
   8.358039E+01   2.757573E+01
   8.358048E+01   2.757619E+01
   8.358040E+01   2.757651E+01
   8.358034E+01   2.757681E+01
   8.358060E+01   2.757742E+01
   8.358055E+01   2.757777E+01
   8.358075E+01   2.757875E+01
   8.358077E+01   2.757962E+01
   8.358074E+01   2.758145E+01
   8.358263E+01   2.758150E+01
   8.358243E+01   2.758318E+01
   8.358103E+01   2.758283E+01
   8.358101E+01   2.758373E+01
   8.358181E+01   2.758443E+01
   8.358236E+01   2.758554E+01
   8.358276E+01   2.758670E+01
   8.358288E+01   2.758801E+01
   8.358254E+01   2.758880E+01
   8.358227E+01   2.758896E+01
   8.358169E+01   2.759006E+01
   8.358090E+01   2.759006E+01
   8.357987E+01   2.759031E+01
   8.357950E+01   2.759166E+01
   8.358027E+01   2.759313E+01
   8.357986E+01   2.759380E+01
   8.357882E+01   2.759455E+01
   8.357797E+01   2.759563E+01
   8.357710E+01   2.759625E+01
   8.357659E+01   2.759721E+01
   8.357566E+01   2.759722E+01
   8.357605E+01   2.759776E+01
   8.357558E+01   2.759834E+01
   8.357535E+01   2.759895E+01
   8.357517E+01   2.759972E+01
   8.357490E+01   2.759990E+01
   8.357445E+01   2.760088E+01
   8.357336E+01   2.760180E+01
   8.357407E+01   2.760410E+01
   8.357308E+01   2.760583E+01
   8.357166E+01   2.760910E+01
   8.357291E+01   2.761415E+01
   8.357269E+01   2.761550E+01
   8.357354E+01   2.761622E+01
   8.357426E+01   2.761740E+01
   8.357636E+01   2.761795E+01
   8.357794E+01   2.761725E+01
   8.357966E+01   2.761655E+01
   8.358157E+01   2.761749E+01
   8.358243E+01   2.761884E+01
   8.358434E+01   2.761906E+01
   8.358442E+01   2.762076E+01
   8.358634E+01   2.762130E+01
   8.358760E+01   2.762355E+01
   8.358787E+01   2.762534E+01
   8.358875E+01   2.762653E+01
   8.359037E+01   2.762593E+01
   8.359136E+01   2.762731E+01
   8.359237E+01   2.762838E+01
   8.359194E+01   2.762919E+01
   8.359203E+01   2.763050E+01
   8.359387E+01   2.762982E+01
   8.359499E+01   2.763000E+01
   8.359668E+01   2.762967E+01
   8.359813E+01   2.763023E+01
   8.359733E+01   2.763090E+01
   8.359634E+01   2.763292E+01
   8.359703E+01   2.763447E+01
   8.359993E+01   2.763492E+01
   8.360090E+01   2.763739E+01
   8.359932E+01   2.763829E+01
   8.359829E+01   2.763930E+01
   8.359870E+01   2.764099E+01
   8.359867E+01   2.764213E+01
   8.359992E+01   2.764352E+01
   8.360191E+01   2.764776E+01
   8.360490E+01   2.764823E+01
   8.360773E+01   2.764960E+01
   8.360952E+01   2.765036E+01
   8.361335E+01   2.765466E+01
   8.362072E+01   2.766076E+01
   8.363041E+01   2.766468E+01
   8.362939E+01   2.766796E+01
   8.362887E+01   2.767076E+01
   8.363050E+01   2.767360E+01
   8.363221E+01   2.767714E+01
   8.363414E+01   2.767776E+01
   8.363208E+01   2.767899E+01
   8.363272E+01   2.768005E+01
   8.363259E+01   2.768237E+01
   8.363395E+01   2.768371E+01
   8.363265E+01   2.768524E+01
   8.363334E+01   2.768747E+01
   8.363374E+01   2.768887E+01
   8.363244E+01   2.769085E+01
   8.363227E+01   2.769259E+01
   8.362891E+01   2.769372E+01
   8.362461E+01   2.769020E+01
   8.362096E+01   2.768839E+01
   8.361832E+01   2.769186E+01
   8.361496E+01   2.769403E+01
   8.361185E+01   2.769587E+01
   8.361037E+01   2.769983E+01
   8.360579E+01   2.770250E+01
   8.360170E+01   2.770444E+01
   8.359720E+01   2.770568E+01
   8.359572E+01   2.770484E+01
   8.358913E+01   2.770586E+01
   8.358548E+01   2.770607E+01
   8.358006E+01   2.770489E+01
   8.357618E+01   2.770609E+01
   8.357059E+01   2.770849E+01
   8.356673E+01   2.771181E+01
   8.356234E+01   2.771326E+01
   8.355583E+01   2.771669E+01
   8.354707E+01   2.771647E+01
   8.354099E+01   2.771997E+01
   8.353817E+01   2.772105E+01
   8.353249E+01   2.772457E+01
   8.352840E+01   2.772357E+01
   8.352322E+01   2.772523E+01
   8.351732E+01   2.772556E+01
   8.351422E+01   2.772844E+01
   8.351131E+01   2.772685E+01
   8.350521E+01   2.772495E+01
   8.350111E+01   2.772690E+01
   8.349840E+01   2.772911E+01
   8.349400E+01   2.772579E+01
   8.349093E+01   2.772582E+01
   8.348862E+01   2.772913E+01
   8.348651E+01   2.772986E+01
   8.348373E+01   2.772646E+01
   8.348159E+01   2.772478E+01
   8.348009E+01   2.772372E+01
   8.347766E+01   2.772258E+01
   8.347591E+01   2.772200E+01
   8.347456E+01   2.772203E+01
   8.347282E+01   2.772140E+01
   8.347124E+01   2.772142E+01
   8.347013E+01   2.772118E+01
   8.346721E+01   2.772226E+01
   8.346681E+01   2.772246E+01
   8.346225E+01   2.772566E+01
   8.345736E+01   2.772619E+01
   8.345402E+01   2.772759E+01
   8.345018E+01   2.772628E+01
   8.344511E+01   2.772382E+01
   8.344128E+01   2.772736E+01
   8.343793E+01   2.773193E+01
   8.343406E+01   2.773133E+01
   8.343231E+01   2.773513E+01
   8.343104E+01   2.773898E+01
   8.342369E+01   2.774143E+01
   8.341814E+01   2.774134E+01
   8.341316E+01   2.773875E+01
   8.340488E+01   2.773441E+01
   8.339747E+01   2.773946E+01
   8.339249E+01   2.774612E+01
   8.338637E+01   2.774780E+01
   8.338406E+01   2.774543E+01
   8.337566E+01   2.774049E+01
   8.336820E+01   2.773578E+01
   8.336437E+01   2.774093E+01
   8.336094E+01   2.774490E+01
   8.335462E+01   2.775216E+01
   8.334769E+01   2.774945E+01
   8.334485E+01   2.775430E+01
   8.334005E+01   2.775745E+01
   8.333627E+01   2.776033E+01
   8.333399E+01   2.776478E+01
   8.332772E+01   2.776686E+01
   8.332389E+01   2.776227E+01
   8.331808E+01   2.776411E+01
   8.331396E+01   2.776195E+01
   8.331027E+01   2.776333E+01
   8.330705E+01   2.776511E+01
   8.330331E+01   2.776729E+01
   8.329631E+01   2.776002E+01
   8.328553E+01   2.775642E+01
   8.328096E+01   2.775608E+01
   8.327059E+01   2.775653E+01
   8.326538E+01   2.775587E+01
   8.325999E+01   2.776077E+01
   8.325641E+01   2.776671E+01
   8.325380E+01   2.776301E+01
   8.324877E+01   2.775593E+01
   8.324205E+01   2.775219E+01
   8.323589E+01   2.775105E+01
   8.322989E+01   2.775745E+01
   8.322366E+01   2.776238E+01
   8.321905E+01   2.776186E+01
   8.321297E+01   2.775906E+01
   8.321174E+01   2.775525E+01
   8.321217E+01   2.774927E+01
   8.321507E+01   2.774477E+01
   8.321593E+01   2.774075E+01
   8.321724E+01   2.773691E+01
   8.321667E+01   2.773377E+01
   8.321724E+01   2.772969E+01
   8.321511E+01   2.772642E+01
   8.321908E+01   2.772179E+01
   8.322178E+01   2.771587E+01
   8.322145E+01   2.771403E+01
   8.322184E+01   2.771193E+01
   8.322127E+01   2.770932E+01
   8.322186E+01   2.770437E+01
   8.322480E+01   2.770296E+01
   8.322457E+01   2.769936E+01
   8.322627E+01   2.769600E+01
   8.322717E+01   2.769453E+01
   8.322869E+01   2.769369E+01
   8.322736E+01   2.769220E+01
   8.322738E+01   2.768970E+01
   8.322812E+01   2.768807E+01
   8.322790E+01   2.768581E+01
   8.322651E+01   2.768506E+01
   8.322647E+01   2.768295E+01
   8.322689E+01   2.768126E+01
   8.322640E+01   2.768045E+01
   8.322741E+01   2.767954E+01
   8.322814E+01   2.767829E+01
   8.322686E+01   2.767601E+01
   8.322710E+01   2.767308E+01
   8.322642E+01   2.767203E+01
   8.322618E+01   2.767057E+01
   8.322594E+01   2.766633E+01
   8.322492E+01   2.766339E+01
   8.322356E+01   2.766106E+01
   8.322376E+01   2.765865E+01
   8.322342E+01   2.765794E+01
   8.322348E+01   2.765620E+01
   8.322455E+01   2.765544E+01
   8.322455E+01   2.765429E+01
   8.322413E+01   2.765275E+01
   8.322463E+01   2.765135E+01
   8.322439E+01   2.764942E+01
   8.322397E+01   2.764784E+01
   8.322243E+01   2.764744E+01
   8.322177E+01   2.764678E+01
   8.322090E+01   2.764663E+01
   8.322049E+01   2.764565E+01
   8.322141E+01   2.764393E+01
   8.322180E+01   2.764355E+01
   8.322252E+01   2.764346E+01
   8.322283E+01   2.764268E+01
   8.322283E+01   2.764113E+01
   8.322224E+01   2.764003E+01
   8.322195E+01   2.763951E+01
   8.322277E+01   2.763869E+01
   8.322365E+01   2.763671E+01
   8.322506E+01   2.763542E+01
   8.322649E+01   2.763372E+01
   8.322663E+01   2.763247E+01
   8.322712E+01   2.763143E+01
   8.322799E+01   2.763010E+01
   8.322789E+01   2.762826E+01
   8.322800E+01   2.762721E+01
   8.322961E+01   2.762605E+01
   8.322977E+01   2.762348E+01
   8.323000E+01   2.762100E+01
   8.322996E+01   2.761879E+01
   8.322978E+01   2.761685E+01
   8.323004E+01   2.761496E+01
   8.322999E+01   2.761409E+01
   8.323046E+01   2.761322E+01
   8.323017E+01   2.761258E+01
   8.323087E+01   2.761234E+01
   8.323052E+01   2.761210E+01
   8.323064E+01   2.761142E+01
   8.323030E+01   2.761100E+01
   8.322993E+01   2.761050E+01
   8.323120E+01   2.760964E+01
   8.323104E+01   2.760813E+01
   8.323007E+01   2.760790E+01
   8.323025E+01   2.760639E+01
   8.322956E+01   2.760482E+01
   8.322767E+01   2.760362E+01
   8.322634E+01   2.760116E+01
   8.322478E+01   2.759913E+01
   8.322361E+01   2.759971E+01
   8.322322E+01   2.759965E+01
   8.322347E+01   2.759870E+01
   8.322376E+01   2.759824E+01
   8.322363E+01   2.759760E+01
   8.322393E+01   2.759710E+01
   8.322246E+01   2.759646E+01
   8.322101E+01   2.759503E+01
   8.322077E+01   2.759371E+01
   8.322001E+01   2.759226E+01
   8.321910E+01   2.759069E+01
   8.321967E+01   2.758980E+01
   8.321965E+01   2.758879E+01
   8.321914E+01   2.758817E+01
   8.321944E+01   2.758680E+01
   8.321846E+01   2.758656E+01
   8.321829E+01   2.758606E+01
   8.321778E+01   2.758557E+01
   8.321661E+01   2.758471E+01
   8.321535E+01   2.758541E+01
   8.321432E+01   2.758520E+01
   8.321366E+01   2.758359E+01
   8.321391E+01   2.758236E+01
   8.321352E+01   2.758136E+01
   8.321331E+01   2.757977E+01
   8.321261E+01   2.757873E+01
   8.321183E+01   2.757750E+01
   8.321125E+01   2.757508E+01
   8.320952E+01   2.757480E+01
   8.320841E+01   2.757278E+01
   8.320700E+01   2.757122E+01
   8.320559E+01   2.757038E+01
   8.320637E+01   2.757046E+01
   8.320715E+01   2.757001E+01
   8.320845E+01   2.756925E+01
   8.320887E+01   2.756946E+01
   8.320912E+01   2.756887E+01
   8.320929E+01   2.756709E+01
   8.320867E+01   2.756569E+01
   8.320852E+01   2.756467E+01
   8.320830E+01   2.756380E+01
   8.320850E+01   2.756288E+01
   8.320744E+01   2.756353E+01
   8.320648E+01   2.756252E+01
   8.320641E+01   2.756174E+01
   8.320543E+01   2.756144E+01
   8.320530E+01   2.756062E+01
   8.320497E+01   2.756103E+01
   8.320450E+01   2.756043E+01
   8.320470E+01   2.755920E+01
   8.320470E+01   2.755844E+01
   8.320548E+01   2.755678E+01
   8.320852E+01   2.755630E+01
   8.320943E+01   2.755411E+01
   8.321080E+01   2.755294E+01
   8.321070E+01   2.755165E+01
   8.321101E+01   2.755091E+01
   8.321254E+01   2.755036E+01
   8.321205E+01   2.754954E+01
   8.321313E+01   2.754920E+01
   8.321346E+01   2.755022E+01
   8.321467E+01   2.754964E+01
   8.321517E+01   2.755053E+01
   8.321580E+01   2.754940E+01
   8.321485E+01   2.754931E+01
   8.321430E+01   2.754800E+01
   8.321531E+01   2.754772E+01
   8.321611E+01   2.754805E+01
   8.321658E+01   2.754717E+01
   8.321702E+01   2.754624E+01
   8.321692E+01   2.754504E+01
   8.321829E+01   2.754475E+01
   8.321706E+01   2.754428E+01
   8.321694E+01   2.754252E+01
   8.321666E+01   2.754095E+01
   8.321806E+01   2.754077E+01
   8.321944E+01   2.753933E+01
   8.322045E+01   2.753812E+01
   8.322000E+01   2.753721E+01
   8.322042E+01   2.753586E+01
   8.322153E+01   2.753525E+01
   8.322108E+01   2.753459E+01
   8.322247E+01   2.753373E+01
   8.322321E+01   2.753435E+01
   8.322451E+01   2.753473E+01
   8.322419E+01   2.753251E+01
   8.322373E+01   2.753189E+01
   8.322446E+01   2.753164E+01
   8.322346E+01   2.753136E+01
   8.322422E+01   2.753087E+01
   8.322495E+01   2.753082E+01
   8.322454E+01   2.753029E+01
   8.322367E+01   2.752980E+01
   8.322480E+01   2.752900E+01
   8.322419E+01   2.752799E+01
   8.322357E+01   2.752783E+01
   8.322477E+01   2.752731E+01
   8.322575E+01   2.752693E+01
   8.322646E+01   2.752580E+01
   8.322730E+01   2.752499E+01
   8.322712E+01   2.752413E+01
   8.322753E+01   2.752299E+01
   8.322765E+01   2.752220E+01
   8.322846E+01   2.752259E+01
   8.322881E+01   2.752159E+01
   8.322984E+01   2.752154E+01
   8.323056E+01   2.752091E+01
   8.323119E+01   2.751917E+01
   8.323066E+01   2.751811E+01
   8.322903E+01   2.751858E+01
   8.323010E+01   2.751760E+01
   8.323161E+01   2.751637E+01
   8.323163E+01   2.751557E+01
   8.323163E+01   2.751409E+01
   8.323278E+01   2.751364E+01
   8.323149E+01   2.751319E+01
   8.323037E+01   2.751161E+01
   8.323004E+01   2.750901E+01
   8.322912E+01   2.750816E+01
   8.323022E+01   2.750686E+01
   8.323124E+01   2.750728E+01
   8.323044E+01   2.750594E+01
   8.322932E+01   2.750679E+01
   8.322827E+01   2.750609E+01
   8.322769E+01   2.750568E+01
   8.322710E+01   2.750511E+01
   8.322635E+01   2.750506E+01
   8.322749E+01   2.750344E+01
   8.322750E+01   2.750226E+01
   8.322898E+01   2.750228E+01
   8.322950E+01   2.750156E+01
   8.322908E+01   2.750047E+01
   8.322889E+01   2.749896E+01
   8.322790E+01   2.749796E+01
   8.322752E+01   2.749746E+01
   8.322772E+01   2.749683E+01
   8.322660E+01   2.749680E+01
   8.322611E+01   2.749716E+01
   8.322617E+01   2.749595E+01
   8.322808E+01   2.749558E+01
   8.322700E+01   2.749448E+01
   8.322599E+01   2.749483E+01
   8.322497E+01   2.749518E+01
   8.322406E+01   2.749445E+01
   8.322420E+01   2.749248E+01
   8.322359E+01   2.749216E+01
   8.322245E+01   2.749283E+01
   8.322104E+01   2.749143E+01
   8.322177E+01   2.749109E+01
   8.322193E+01   2.749014E+01
   8.322279E+01   2.748926E+01
   8.322153E+01   2.748863E+01
   8.322198E+01   2.748741E+01
   8.322284E+01   2.748568E+01
   8.322175E+01   2.748442E+01
   8.322025E+01   2.748381E+01
   8.321951E+01   2.748241E+01
   8.322101E+01   2.748166E+01
   8.322054E+01   2.748072E+01
   8.321945E+01   2.748001E+01
   8.321872E+01   2.747958E+01
   8.321986E+01   2.747984E+01
   8.322074E+01   2.747923E+01
   8.322185E+01   2.747907E+01
   8.322122E+01   2.747803E+01
   8.322219E+01   2.747661E+01
   8.322097E+01   2.747669E+01
   8.322109E+01   2.747545E+01
   8.322152E+01   2.747471E+01
   8.322069E+01   2.747485E+01
   8.322053E+01   2.747363E+01
   8.322157E+01   2.747264E+01
   8.322237E+01   2.747308E+01
   8.322352E+01   2.747248E+01
   8.322473E+01   2.747198E+01
   8.322379E+01   2.747133E+01
   8.322367E+01   2.747054E+01
   8.322329E+01   2.746850E+01
   8.322458E+01   2.746901E+01
   8.322637E+01   2.746948E+01
   8.322726E+01   2.746871E+01
   8.322614E+01   2.746688E+01
   8.322611E+01   2.746539E+01
   8.322630E+01   2.746385E+01
   8.322528E+01   2.746304E+01
   8.322550E+01   2.746208E+01
   8.322518E+01   2.746059E+01
   8.322382E+01   2.745957E+01
   8.322332E+01   2.745792E+01
   8.322351E+01   2.745686E+01
   8.322250E+01   2.745554E+01
   8.322203E+01   2.745429E+01
   8.322048E+01   2.745423E+01
   8.321945E+01   2.745313E+01
   8.321850E+01   2.745349E+01
   8.321770E+01   2.745292E+01
   8.321890E+01   2.745131E+01
   8.321828E+01   2.745024E+01
   8.321720E+01   2.744934E+01
   8.321742E+01   2.744842E+01
   8.321757E+01   2.744761E+01
   8.321790E+01   2.744664E+01
   8.321765E+01   2.744572E+01
   8.321779E+01   2.744500E+01
   8.321673E+01   2.744379E+01
   8.321741E+01   2.744415E+01
   8.321792E+01   2.744321E+01
   8.321818E+01   2.744213E+01
   8.321991E+01   2.744077E+01
   8.321948E+01   2.744015E+01
   8.321891E+01   2.744036E+01
   8.321907E+01   2.743987E+01
   8.322003E+01   2.743946E+01
   8.321985E+01   2.743883E+01
   8.322006E+01   2.743804E+01
   8.322074E+01   2.743781E+01
   8.322110E+01   2.743851E+01
   8.322118E+01   2.743917E+01
   8.322191E+01   2.743857E+01
   8.322292E+01   2.743788E+01
   8.322359E+01   2.743814E+01
   8.322403E+01   2.743798E+01
   8.322481E+01   2.743746E+01
   8.322609E+01   2.743657E+01
   8.322652E+01   2.743583E+01
   8.322744E+01   2.743555E+01
   8.322830E+01   2.743513E+01
   8.322856E+01   2.743385E+01
   8.322903E+01   2.743507E+01
   8.322964E+01   2.743462E+01
   8.322983E+01   2.743325E+01
   8.322961E+01   2.743225E+01
   8.323051E+01   2.743249E+01
   8.323112E+01   2.743123E+01
   8.323094E+01   2.743043E+01
   8.323026E+01   2.742956E+01
   8.322878E+01   2.742977E+01
   8.322824E+01   2.742960E+01
   8.322730E+01   2.742834E+01
   8.322608E+01   2.742764E+01
   8.322597E+01   2.742877E+01
   8.322545E+01   2.742815E+01
   8.322481E+01   2.742757E+01
   8.322460E+01   2.742712E+01
   8.322532E+01   2.742586E+01
   8.322475E+01   2.742532E+01
   8.322392E+01   2.742564E+01
   8.322300E+01   2.742468E+01
   8.322351E+01   2.742387E+01
   8.322336E+01   2.742189E+01
   8.322188E+01   2.742086E+01
   8.322116E+01   2.742025E+01
   8.322072E+01   2.741961E+01
   8.322167E+01   2.741910E+01
   8.322166E+01   2.741827E+01
   8.322088E+01   2.741861E+01
   8.322021E+01   2.741938E+01
   8.321958E+01   2.741931E+01
   8.321758E+01   2.741805E+01
   8.321847E+01   2.741661E+01
   8.322069E+01   2.741509E+01
   8.323364E+01   2.740883E+01
   8.325359E+01   2.739672E+01
   8.326772E+01   2.738661E+01
   8.327050E+01   2.737895E+01
   8.326595E+01   2.736716E+01
   8.327247E+01   2.735267E+01
   8.328936E+01   2.733885E+01
