   8.544905E+01   2.781806E+01
   8.544562E+01   2.781463E+01
   8.543899E+01   2.781347E+01
   8.543196E+01   2.781381E+01
   8.542209E+01   2.781036E+01
   8.541471E+01   2.781083E+01
   8.540981E+01   2.781172E+01
   8.540404E+01   2.781350E+01
   8.539548E+01   2.781568E+01
   8.538842E+01   2.781547E+01
   8.538358E+01   2.781292E+01
   8.537235E+01   2.780985E+01
   8.536439E+01   2.781361E+01
   8.535402E+01   2.781070E+01
   8.534021E+01   2.781367E+01
   8.532984E+01   2.781569E+01
   8.531276E+01   2.781436E+01
   8.530578E+01   2.781130E+01
   8.529883E+01   2.781300E+01
   8.529270E+01   2.780964E+01
   8.528519E+01   2.780180E+01
   8.528297E+01   2.779841E+01
   8.527146E+01   2.778570E+01
   8.526195E+01   2.777933E+01
   8.525710E+01   2.778076E+01
   8.525247E+01   2.777547E+01
   8.519081E+01   2.777252E+01
   8.517615E+01   2.777089E+01
   8.514569E+01   2.776749E+01
   8.513409E+01   2.776756E+01
   8.511249E+01   2.777690E+01
   8.502307E+01   2.783357E+01
   8.501271E+01   2.783327E+01
   8.500570E+01   2.784250E+01
   8.500536E+01   2.784937E+01
   8.500420E+01   2.785276E+01
   8.499983E+01   2.785349E+01
   8.499882E+01   2.785625E+01
   8.499165E+01   2.785767E+01
   8.498913E+01   2.785919E+01
   8.499047E+01   2.786090E+01
   8.499040E+01   2.786295E+01
   8.499145E+01   2.786560E+01
   8.499164E+01   2.786865E+01
   8.499231E+01   2.787235E+01
   8.499288E+01   2.787730E+01
   8.499311E+01   2.787996E+01
   8.499248E+01   2.788121E+01
   8.499039E+01   2.788349E+01
   8.498958E+01   2.788656E+01
   8.499190E+01   2.788983E+01
   8.499264E+01   2.789664E+01
   8.500900E+01   2.792798E+01
   8.501504E+01   2.795177E+01
   8.500960E+01   2.794923E+01
   8.500880E+01   2.795360E+01
   8.501469E+01   2.796195E+01
   8.501971E+01   2.796833E+01
   8.502851E+01   2.797680E+01
   8.502694E+01   2.798484E+01
   8.502981E+01   2.799617E+01
   8.501430E+01   2.799928E+01
   8.500075E+01   2.800426E+01
   8.499502E+01   2.801334E+01
   8.498841E+01   2.802437E+01
   8.499111E+01   2.802776E+01
   8.499978E+01   2.802585E+01
   8.501346E+01   2.802615E+01
   8.503339E+01   2.803261E+01
   8.504223E+01   2.803901E+01
   8.506833E+01   2.806607E+01
   8.508635E+01   2.807060E+01
   8.510254E+01   2.807671E+01
   8.511693E+01   2.807801E+01
   8.512249E+01   2.809184E+01
   8.513759E+01   2.808228E+01
   8.514154E+01   2.808196E+01
   8.513372E+01   2.803729E+01
   8.514876E+01   2.802755E+01
   8.516632E+01   2.802448E+01
   8.517359E+01   2.802074E+01
   8.518355E+01   2.801891E+01
   8.518708E+01   2.801611E+01
   8.518320E+01   2.800727E+01
   8.518623E+01   2.799677E+01
   8.518015E+01   2.798818E+01
   8.518209E+01   2.797660E+01
   8.518461E+01   2.797354E+01
   8.518588E+01   2.797430E+01
   8.518760E+01   2.797612E+01
   8.518912E+01   2.797663E+01
   8.519067E+01   2.797572E+01
   8.519187E+01   2.797550E+01
   8.519331E+01   2.797583E+01
   8.519508E+01   2.797594E+01
   8.519633E+01   2.797549E+01
   8.519824E+01   2.797564E+01
   8.520003E+01   2.797561E+01
   8.520219E+01   2.797546E+01
   8.520404E+01   2.797552E+01
   8.520481E+01   2.797527E+01
   8.520641E+01   2.797531E+01
   8.520869E+01   2.797519E+01
   8.521034E+01   2.797363E+01
   8.521137E+01   2.797298E+01
   8.521305E+01   2.797245E+01
   8.521515E+01   2.797352E+01
   8.521674E+01   2.797507E+01
   8.522062E+01   2.797574E+01
   8.522226E+01   2.797406E+01
   8.522442E+01   2.797465E+01
   8.522702E+01   2.797478E+01
   8.522892E+01   2.797384E+01
   8.523031E+01   2.797392E+01
   8.523153E+01   2.797395E+01
   8.523283E+01   2.797311E+01
   8.523446E+01   2.797280E+01
   8.523565E+01   2.797370E+01
   8.523720E+01   2.797468E+01
   8.523870E+01   2.797386E+01
   8.524011E+01   2.797314E+01
   8.524251E+01   2.797331E+01
   8.524345E+01   2.797293E+01
   8.524454E+01   2.797261E+01
   8.524720E+01   2.797287E+01
   8.524893E+01   2.797194E+01
   8.525035E+01   2.797131E+01
   8.525218E+01   2.797185E+01
   8.525341E+01   2.797207E+01
   8.525381E+01   2.797295E+01
   8.525447E+01   2.797415E+01
   8.525522E+01   2.797454E+01
   8.525590E+01   2.797391E+01
   8.525579E+01   2.797303E+01
   8.525621E+01   2.797225E+01
   8.525661E+01   2.797174E+01
   8.525697E+01   2.797105E+01
   8.525764E+01   2.797099E+01
   8.526529E+01   2.796808E+01
   8.527542E+01   2.796460E+01
   8.528262E+01   2.797485E+01
   8.529160E+01   2.798343E+01
   8.535882E+01   2.801361E+01
   8.540029E+01   2.803687E+01
   8.540503E+01   2.805161E+01
   8.541428E+01   2.806308E+01
   8.542881E+01   2.806705E+01
   8.543243E+01   2.808098E+01
   8.544218E+01   2.808233E+01
   8.545650E+01   2.807179E+01
   8.547707E+01   2.805648E+01
   8.548074E+01   2.804787E+01
   8.549744E+01   2.802352E+01
   8.549076E+01   2.797119E+01
   8.548125E+01   2.795669E+01
   8.548301E+01   2.794546E+01
   8.548303E+01   2.793598E+01
   8.548568E+01   2.791863E+01
   8.546769E+01   2.788335E+01
   8.546496E+01   2.786874E+01
   8.546003E+01   2.786398E+01
   8.545139E+01   2.785349E+01
   8.545043E+01   2.785095E+01
   8.545056E+01   2.783381E+01
