   8.397675E+01   2.796627E+01
   8.397717E+01   2.796798E+01
   8.397739E+01   2.797064E+01
   8.398073E+01   2.797894E+01
   8.397827E+01   2.798872E+01
   8.397932E+01   2.799761E+01
   8.398328E+01   2.799812E+01
   8.399177E+01   2.800612E+01
   8.400569E+01   2.801386E+01
   8.402558E+01   2.801472E+01
   8.402927E+01   2.802271E+01
   8.402013E+01   2.802736E+01
   8.401684E+01   2.803083E+01
   8.401106E+01   2.802927E+01
   8.400741E+01   2.802972E+01
   8.400265E+01   2.803288E+01
   8.399921E+01   2.803357E+01
   8.399605E+01   2.803753E+01
   8.399645E+01   2.804239E+01
   8.399685E+01   2.804660E+01
   8.399267E+01   2.804529E+01
   8.399088E+01   2.804542E+01
   8.398961E+01   2.804465E+01
   8.398799E+01   2.804439E+01
   8.398712E+01   2.804305E+01
   8.398593E+01   2.804198E+01
   8.398524E+01   2.804035E+01
   8.398303E+01   2.803955E+01
   8.398203E+01   2.803885E+01
   8.398095E+01   2.803797E+01
   8.397950E+01   2.803771E+01
   8.397830E+01   2.803796E+01
   8.397707E+01   2.803810E+01
   8.397565E+01   2.803805E+01
   8.397461E+01   2.803809E+01
   8.397337E+01   2.803811E+01
   8.397247E+01   2.803833E+01
   8.397125E+01   2.803830E+01
   8.397039E+01   2.803794E+01
   8.396952E+01   2.803812E+01
   8.396851E+01   2.803798E+01
   8.396806E+01   2.803765E+01
   8.396688E+01   2.803805E+01
   8.396607E+01   2.803864E+01
   8.396499E+01   2.803904E+01
   8.396392E+01   2.803888E+01
   8.396350E+01   2.803947E+01
   8.396257E+01   2.803986E+01
   8.396172E+01   2.803984E+01
   8.396143E+01   2.804039E+01
   8.396105E+01   2.804116E+01
   8.396170E+01   2.804204E+01
   8.396144E+01   2.804306E+01
   8.396153E+01   2.804375E+01
   8.396103E+01   2.804446E+01
   8.396035E+01   2.804532E+01
   8.395964E+01   2.804599E+01
   8.395953E+01   2.804676E+01
   8.395881E+01   2.804720E+01
   8.395829E+01   2.804757E+01
   8.395763E+01   2.804811E+01
   8.395113E+01   2.805167E+01
   8.394675E+01   2.805361E+01
   8.394125E+01   2.806546E+01
   8.394471E+01   2.806852E+01
   8.395249E+01   2.806907E+01
   8.396605E+01   2.807385E+01
   8.396894E+01   2.807615E+01
   8.396889E+01   2.807685E+01
   8.396821E+01   2.807706E+01
   8.396643E+01   2.807697E+01
   8.396506E+01   2.807737E+01
   8.396389E+01   2.807816E+01
   8.396284E+01   2.807847E+01
   8.396184E+01   2.807928E+01
   8.396021E+01   2.807949E+01
   8.395875E+01   2.807975E+01
   8.395874E+01   2.808050E+01
   8.395897E+01   2.808134E+01
   8.395893E+01   2.808452E+01
   8.396923E+01   2.808876E+01
   8.397556E+01   2.809434E+01
   8.398214E+01   2.809973E+01
   8.399243E+01   2.809954E+01
   8.400056E+01   2.811348E+01
   8.400631E+01   2.811531E+01
   8.400745E+01   2.811325E+01
   8.400865E+01   2.811093E+01
   8.401086E+01   2.810999E+01
   8.401362E+01   2.810962E+01
   8.401368E+01   2.810771E+01
   8.401257E+01   2.810653E+01
   8.401371E+01   2.810532E+01
   8.401644E+01   2.810509E+01
   8.401928E+01   2.810441E+01
   8.402265E+01   2.810480E+01
   8.402629E+01   2.810491E+01
   8.402843E+01   2.810447E+01
   8.402820E+01   2.810279E+01
   8.402586E+01   2.810080E+01
   8.402616E+01   2.809819E+01
   8.402627E+01   2.809628E+01
   8.402865E+01   2.809563E+01
   8.402925E+01   2.809657E+01
   8.402829E+01   2.809752E+01
   8.402813E+01   2.809900E+01
   8.403162E+01   2.809992E+01
   8.403637E+01   2.809584E+01
   8.404176E+01   2.809300E+01
   8.403800E+01   2.809244E+01
   8.403869E+01   2.809122E+01
   8.404377E+01   2.808906E+01
   8.404474E+01   2.808807E+01
   8.404733E+01   2.808502E+01
   8.405177E+01   2.808407E+01
   8.405736E+01   2.808798E+01
   8.406236E+01   2.808394E+01
   8.406784E+01   2.807860E+01
   8.407135E+01   2.808017E+01
   8.407726E+01   2.808961E+01
   8.407921E+01   2.809189E+01
   8.409303E+01   2.810265E+01
   8.410248E+01   2.811049E+01
   8.411543E+01   2.810683E+01
   8.412360E+01   2.810606E+01
   8.413814E+01   2.810444E+01
   8.414712E+01   2.810490E+01
   8.414981E+01   2.810146E+01
   8.415863E+01   2.809703E+01
   8.416422E+01   2.809969E+01
   8.417779E+01   2.810071E+01
   8.417890E+01   2.809937E+01
   8.418911E+01   2.809601E+01
   8.419689E+01   2.809729E+01
   8.420865E+01   2.809443E+01
   8.421494E+01   2.809798E+01
   8.422321E+01   2.809905E+01
   8.422605E+01   2.809732E+01
   8.423022E+01   2.809120E+01
   8.423179E+01   2.807808E+01
   8.424046E+01   2.808322E+01
   8.424651E+01   2.808681E+01
   8.425034E+01   2.808778E+01
   8.425269E+01   2.808499E+01
   8.425825E+01   2.808763E+01
   8.426486E+01   2.809307E+01
   8.427361E+01   2.809288E+01
   8.427879E+01   2.809419E+01
   8.429082E+01   2.810070E+01
   8.430876E+01   2.810722E+01
   8.432089E+01   2.811711E+01
   8.432345E+01   2.811999E+01
   8.432527E+01   2.812069E+01
   8.433006E+01   2.812392E+01
   8.434749E+01   2.812601E+01
   8.435611E+01   2.812813E+01
   8.436200E+01   2.812829E+01
   8.437137E+01   2.812767E+01
   8.437621E+01   2.812831E+01
   8.438032E+01   2.812695E+01
   8.439358E+01   2.812954E+01
   8.440679E+01   2.812376E+01
   8.441699E+01   2.811953E+01
   8.442087E+01   2.811939E+01
   8.442246E+01   2.811706E+01
   8.442716E+01   2.811088E+01
   8.443165E+01   2.811045E+01
   8.443827E+01   2.810513E+01
   8.444752E+01   2.809845E+01
   8.445232E+01   2.809560E+01
   8.445232E+01   2.809190E+01
   8.446121E+01   2.808338E+01
   8.446541E+01   2.807688E+01
   8.446788E+01   2.807002E+01
   8.447485E+01   2.806170E+01
   8.447370E+01   2.805343E+01
   8.446824E+01   2.805201E+01
   8.446857E+01   2.804563E+01
   8.446465E+01   2.803979E+01
   8.446376E+01   2.803540E+01
   8.446172E+01   2.802984E+01
   8.446164E+01   2.802639E+01
   8.446094E+01   2.802145E+01
   8.445912E+01   2.801853E+01
   8.445668E+01   2.800881E+01
   8.445728E+01   2.800455E+01
   8.445299E+01   2.800317E+01
   8.445271E+01   2.800037E+01
   8.443870E+01   2.799343E+01
   8.444012E+01   2.798860E+01
   8.443208E+01   2.798652E+01
   8.442693E+01   2.798324E+01
   8.442025E+01   2.797650E+01
   8.442152E+01   2.797389E+01
   8.442127E+01   2.796600E+01
   8.442243E+01   2.796168E+01
   8.442198E+01   2.795701E+01
   8.442412E+01   2.795441E+01
   8.443510E+01   2.794851E+01
   8.444288E+01   2.794627E+01
   8.444845E+01   2.794996E+01
   8.445657E+01   2.794761E+01
   8.445863E+01   2.794204E+01
   8.446822E+01   2.794176E+01
   8.447522E+01   2.793526E+01
   8.448674E+01   2.792664E+01
   8.450774E+01   2.792199E+01
   8.450036E+01   2.791618E+01
   8.450783E+01   2.791417E+01
   8.451124E+01   2.791666E+01
   8.451539E+01   2.791564E+01
   8.451919E+01   2.791326E+01
   8.452883E+01   2.791409E+01
   8.453501E+01   2.791667E+01
   8.453983E+01   2.791542E+01
   8.453821E+01   2.791101E+01
   8.454269E+01   2.790597E+01
   8.454531E+01   2.790436E+01
   8.454121E+01   2.790219E+01
   8.454033E+01   2.789634E+01
   8.454529E+01   2.788107E+01
   8.454479E+01   2.786971E+01
   8.455241E+01   2.787010E+01
   8.454812E+01   2.786513E+01
   8.455546E+01   2.785950E+01
   8.455924E+01   2.785795E+01
   8.455685E+01   2.785302E+01
   8.455844E+01   2.784811E+01
   8.455663E+01   2.783805E+01
   8.454559E+01   2.783183E+01
   8.453810E+01   2.783326E+01
   8.452354E+01   2.783306E+01
   8.452026E+01   2.782798E+01
   8.451826E+01   2.781689E+01
   8.450814E+01   2.781673E+01
   8.449354E+01   2.781931E+01
   8.449039E+01   2.782069E+01
   8.447677E+01   2.782329E+01
   8.446634E+01   2.782111E+01
   8.446315E+01   2.781943E+01
   8.445270E+01   2.782104E+01
   8.444288E+01   2.782120E+01
   8.444023E+01   2.781650E+01
   8.443263E+01   2.781367E+01
   8.442997E+01   2.779136E+01
   8.444857E+01   2.777834E+01
   8.446298E+01   2.777087E+01
   8.447030E+01   2.776131E+01
   8.447029E+01   2.775192E+01
   8.446079E+01   2.775652E+01
   8.445429E+01   2.775982E+01
   8.444373E+01   2.775136E+01
   8.443068E+01   2.774129E+01
   8.442420E+01   2.774231E+01
   8.442132E+01   2.774381E+01
   8.442440E+01   2.774653E+01
   8.442016E+01   2.774804E+01
   8.441705E+01   2.775120E+01
   8.441971E+01   2.775537E+01
   8.441289E+01   2.775935E+01
   8.440488E+01   2.776241E+01
   8.439875E+01   2.777137E+01
   8.438870E+01   2.777608E+01
   8.438419E+01   2.777714E+01
   8.438124E+01   2.777884E+01
   8.437557E+01   2.777853E+01
   8.436883E+01   2.777601E+01
   8.436656E+01   2.777200E+01
   8.436420E+01   2.776384E+01
   8.436132E+01   2.775920E+01
   8.436081E+01   2.775400E+01
   8.435377E+01   2.775094E+01
   8.434780E+01   2.774992E+01
   8.434143E+01   2.774876E+01
   8.433864E+01   2.774454E+01
   8.432918E+01   2.774823E+01
   8.432394E+01   2.775108E+01
   8.432132E+01   2.775975E+01
   8.431594E+01   2.776262E+01
   8.431583E+01   2.776911E+01
   8.431705E+01   2.777699E+01
   8.431353E+01   2.778542E+01
   8.430725E+01   2.778905E+01
   8.430159E+01   2.779131E+01
   8.429970E+01   2.779632E+01
   8.429897E+01   2.780067E+01
   8.429790E+01   2.780530E+01
   8.429970E+01   2.780771E+01
   8.430236E+01   2.780993E+01
   8.430071E+01   2.781323E+01
   8.430099E+01   2.781566E+01
   8.430562E+01   2.781722E+01
   8.430489E+01   2.782003E+01
   8.429642E+01   2.782817E+01
   8.429285E+01   2.783595E+01
   8.429125E+01   2.783813E+01
   8.428343E+01   2.783773E+01
   8.427790E+01   2.783714E+01
   8.427131E+01   2.783650E+01
   8.426987E+01   2.783321E+01
   8.426608E+01   2.783329E+01
   8.426691E+01   2.783722E+01
   8.426303E+01   2.783932E+01
   8.425254E+01   2.783862E+01
   8.424687E+01   2.784342E+01
   8.424112E+01   2.784659E+01
   8.423526E+01   2.784428E+01
   8.423095E+01   2.784659E+01
   8.422726E+01   2.784416E+01
   8.422878E+01   2.784084E+01
   8.422666E+01   2.783672E+01
   8.422346E+01   2.783783E+01
   8.421983E+01   2.784452E+01
   8.421591E+01   2.784686E+01
   8.421024E+01   2.784447E+01
   8.421164E+01   2.784158E+01
   8.421123E+01   2.783936E+01
   8.420743E+01   2.783993E+01
   8.420602E+01   2.784399E+01
   8.420762E+01   2.784892E+01
   8.420145E+01   2.785206E+01
   8.419233E+01   2.784652E+01
   8.418411E+01   2.784942E+01
   8.417550E+01   2.785192E+01
   8.417246E+01   2.784932E+01
   8.416864E+01   2.784534E+01
   8.416462E+01   2.784672E+01
   8.416252E+01   2.784534E+01
   8.416168E+01   2.784065E+01
   8.415701E+01   2.783940E+01
   8.415435E+01   2.784259E+01
   8.415664E+01   2.784737E+01
   8.415194E+01   2.784712E+01
   8.414711E+01   2.784898E+01
   8.414149E+01   2.784976E+01
   8.413295E+01   2.784691E+01
   8.412651E+01   2.784517E+01
   8.412119E+01   2.784746E+01
   8.412327E+01   2.785014E+01
   8.412898E+01   2.785253E+01
   8.412752E+01   2.785887E+01
   8.411988E+01   2.785947E+01
   8.412111E+01   2.785575E+01
   8.411935E+01   2.785113E+01
   8.411426E+01   2.785156E+01
   8.411265E+01   2.785462E+01
   8.411087E+01   2.786065E+01
   8.410690E+01   2.786137E+01
   8.410356E+01   2.785530E+01
   8.409836E+01   2.785651E+01
   8.409565E+01   2.785824E+01
   8.409705E+01   2.786086E+01
   8.410111E+01   2.786429E+01
   8.409916E+01   2.786712E+01
   8.408806E+01   2.786833E+01
   8.408042E+01   2.786947E+01
   8.407723E+01   2.786915E+01
   8.407896E+01   2.786412E+01
   8.407538E+01   2.786391E+01
   8.407001E+01   2.786400E+01
   8.406946E+01   2.785814E+01
   8.406390E+01   2.785467E+01
   8.405152E+01   2.784932E+01
   8.404978E+01   2.785596E+01
   8.404223E+01   2.785482E+01
   8.404272E+01   2.785275E+01
   8.404246E+01   2.784998E+01
   8.403903E+01   2.785061E+01
   8.404012E+01   2.785378E+01
   8.403956E+01   2.785721E+01
   8.402844E+01   2.785658E+01
   8.401824E+01   2.786173E+01
   8.401527E+01   2.785827E+01
   8.401991E+01   2.785582E+01
   8.402216E+01   2.785136E+01
   8.401297E+01   2.785239E+01
   8.400168E+01   2.785522E+01
   8.399830E+01   2.785551E+01
   8.399770E+01   2.786102E+01
   8.399713E+01   2.786382E+01
   8.399365E+01   2.786631E+01
   8.397968E+01   2.786561E+01
   8.397407E+01   2.786802E+01
   8.397268E+01   2.787211E+01
   8.397143E+01   2.787273E+01
   8.397002E+01   2.787111E+01
   8.396749E+01   2.787022E+01
   8.396274E+01   2.787183E+01
   8.395876E+01   2.787323E+01
   8.395254E+01   2.786978E+01
   8.394931E+01   2.786915E+01
   8.394679E+01   2.787034E+01
   8.394353E+01   2.787431E+01
   8.394075E+01   2.787848E+01
   8.394049E+01   2.788004E+01
   8.393866E+01   2.788085E+01
   8.393917E+01   2.788404E+01
   8.394114E+01   2.789048E+01
   8.394276E+01   2.789432E+01
   8.395193E+01   2.788910E+01
   8.395350E+01   2.789518E+01
   8.395827E+01   2.789839E+01
   8.396907E+01   2.790241E+01
   8.397472E+01   2.790318E+01
   8.397550E+01   2.790865E+01
   8.397799E+01   2.791449E+01
   8.397657E+01   2.791856E+01
   8.397611E+01   2.792140E+01
   8.397352E+01   2.792268E+01
   8.397332E+01   2.792816E+01
   8.397325E+01   2.793225E+01
   8.397246E+01   2.793576E+01
   8.396919E+01   2.793848E+01
   8.396985E+01   2.794223E+01
   8.397026E+01   2.794477E+01
   8.396975E+01   2.794719E+01
   8.396881E+01   2.795037E+01
   8.396828E+01   2.795301E+01
   8.396728E+01   2.795551E+01
   8.396767E+01   2.795965E+01
   8.397019E+01   2.795840E+01
   8.397169E+01   2.796082E+01
   8.397135E+01   2.796249E+01
   8.397324E+01   2.796392E+01
   8.397517E+01   2.796572E+01
