   8.443739E+01   2.877013E+01
   8.444397E+01   2.877986E+01
   8.444458E+01   2.878470E+01
   8.444427E+01   2.879377E+01
   8.443732E+01   2.879755E+01
   8.443126E+01   2.880224E+01
   8.442990E+01   2.881177E+01
   8.443444E+01   2.882024E+01
   8.442869E+01   2.882418E+01
   8.442264E+01   2.882766E+01
   8.441750E+01   2.883189E+01
   8.440827E+01   2.882871E+01
   8.440358E+01   2.882947E+01
   8.440026E+01   2.883673E+01
   8.440328E+01   2.884082E+01
   8.440797E+01   2.884445E+01
   8.440449E+01   2.885156E+01
   8.439557E+01   2.885882E+01
   8.438785E+01   2.886048E+01
   8.436849E+01   2.886078E+01
   8.436017E+01   2.885957E+01
   8.435457E+01   2.886320E+01
   8.434262E+01   2.887334E+01
   8.433597E+01   2.886880E+01
   8.433385E+01   2.886441E+01
   8.432916E+01   2.886184E+01
   8.432357E+01   2.886215E+01
   8.432145E+01   2.886714E+01
   8.431252E+01   2.886925E+01
   8.430390E+01   2.887137E+01
   8.429301E+01   2.887379E+01
   8.428726E+01   2.887878E+01
   8.427970E+01   2.888499E+01
   8.427380E+01   2.888650E+01
   8.427198E+01   2.889406E+01
   8.426805E+01   2.889694E+01
   8.426533E+01   2.889860E+01
   8.425383E+01   2.888952E+01
   8.424082E+01   2.889043E+01
   8.423492E+01   2.889225E+01
   8.422781E+01   2.889255E+01
   8.422138E+01   2.889144E+01
   8.420599E+01   2.889576E+01
   8.418453E+01   2.890057E+01
   8.417189E+01   2.888477E+01
   8.416034E+01   2.887404E+01
   8.414653E+01   2.888071E+01
   8.413099E+01   2.888923E+01
   8.412220E+01   2.888206E+01
   8.410999E+01   2.888423E+01
   8.409594E+01   2.888743E+01
   8.408944E+01   2.887911E+01
   8.408345E+01   2.886566E+01
   8.408469E+01   2.884979E+01
   8.407285E+01   2.884279E+01
   8.406583E+01   2.884110E+01
   8.405100E+01   2.884439E+01
   8.405006E+01   2.883654E+01
   8.404801E+01   2.882185E+01
   8.404052E+01   2.881643E+01
   8.402717E+01   2.881105E+01
   8.401673E+01   2.880026E+01
   8.400439E+01   2.880191E+01
   8.400197E+01   2.880646E+01
   8.398966E+01   2.881473E+01
   8.396726E+01   2.881804E+01
   8.396051E+01   2.883080E+01
   8.395048E+01   2.883443E+01
   8.394127E+01   2.882890E+01
   8.393666E+01   2.881354E+01
   8.394290E+01   2.880659E+01
   8.393414E+01   2.878286E+01
   8.391332E+01   2.877930E+01
   8.389973E+01   2.877266E+01
   8.389493E+01   2.876501E+01
   8.389171E+01   2.875276E+01
   8.388961E+01   2.874473E+01
   8.387985E+01   2.873846E+01
   8.387281E+01   2.872972E+01
   8.386301E+01   2.872261E+01
   8.384276E+01   2.872656E+01
   8.383369E+01   2.872250E+01
   8.382445E+01   2.871843E+01
   8.381744E+01   2.871294E+01
   8.380510E+01   2.870607E+01
   8.380172E+01   2.868540E+01
   8.382298E+01   2.867302E+01
   8.383884E+01   2.866118E+01
   8.385084E+01   2.865105E+01
   8.385653E+01   2.863879E+01
   8.386806E+01   2.861971E+01
   8.387864E+01   2.861119E+01
   8.391739E+01   2.860574E+01
   8.393110E+01   2.860408E+01
   8.394437E+01   2.860173E+01
   8.397754E+01   2.859791E+01
   8.401259E+01   2.858706E+01
   8.402552E+01   2.857630E+01
   8.404416E+01   2.856812E+01
   8.406269E+01   2.855963E+01
   8.408580E+01   2.853882E+01
   8.410919E+01   2.853693E+01
   8.412149E+01   2.853507E+01
   8.415748E+01   2.851851E+01
   8.417391E+01   2.850868E+01
   8.418697E+01   2.850092E+01
   8.419807E+01   2.848755E+01
   8.422255E+01   2.848175E+01
   8.423904E+01   2.848258E+01
   8.425221E+01   2.847996E+01
   8.426181E+01   2.848175E+01
   8.427305E+01   2.847236E+01
   8.426858E+01   2.845578E+01
   8.428027E+01   2.844633E+01
   8.429672E+01   2.844850E+01
   8.431281E+01   2.845094E+01
   8.435244E+01   2.845371E+01
   8.437370E+01   2.845524E+01
   8.437296E+01   2.846020E+01
   8.439781E+01   2.845639E+01
   8.440680E+01   2.846248E+01
   8.441701E+01   2.847459E+01
   8.442007E+01   2.849099E+01
   8.442093E+01   2.849817E+01
   8.443328E+01   2.851005E+01
   8.446343E+01   2.849456E+01
   8.447040E+01   2.848400E+01
   8.448673E+01   2.846885E+01
   8.449058E+01   2.846167E+01
   8.451980E+01   2.846832E+01
   8.454330E+01   2.847078E+01
   8.456259E+01   2.847655E+01
   8.456460E+01   2.848718E+01
   8.456509E+01   2.849648E+01
   8.455806E+01   2.853070E+01
   8.455758E+01   2.855345E+01
   8.454094E+01   2.860183E+01
   8.453565E+01   2.863664E+01
   8.452197E+01   2.864891E+01
   8.452089E+01   2.865456E+01
   8.451662E+01   2.868640E+01
   8.450915E+01   2.869704E+01
   8.448858E+01   2.871463E+01
   8.449171E+01   2.873436E+01
   8.448572E+01   2.873660E+01
   8.448194E+01   2.874250E+01
   8.447861E+01   2.874794E+01
   8.447256E+01   2.874870E+01
   8.446424E+01   2.875308E+01
   8.445925E+01   2.875308E+01
   8.445789E+01   2.875823E+01
   8.445305E+01   2.876352E+01
   8.444355E+01   2.876726E+01
