   8.320447E+01   2.756075E+01
   8.320495E+01   2.756071E+01
   8.320562E+01   2.756086E+01
   8.320571E+01   2.756181E+01
   8.320654E+01   2.756194E+01
   8.320688E+01   2.756270E+01
   8.320787E+01   2.756330E+01
   8.320865E+01   2.756310E+01
   8.320871E+01   2.756399E+01
   8.320852E+01   2.756501E+01
   8.320827E+01   2.756611E+01
   8.320938E+01   2.756773E+01
   8.320914E+01   2.756906E+01
   8.320871E+01   2.756947E+01
   8.320842E+01   2.756939E+01
   8.320677E+01   2.757001E+01
   8.320615E+01   2.757016E+01
   8.320593E+01   2.757110E+01
   8.320764E+01   2.757122E+01
   8.320837E+01   2.757361E+01
   8.321040E+01   2.757505E+01
   8.321164E+01   2.757528E+01
   8.321179E+01   2.757830E+01
   8.321279E+01   2.757891E+01
   8.321354E+01   2.758042E+01
   8.321376E+01   2.758141E+01
   8.321358E+01   2.758263E+01
   8.321374E+01   2.758407E+01
   8.321451E+01   2.758529E+01
   8.321576E+01   2.758516E+01
   8.321687E+01   2.758473E+01
   8.321829E+01   2.758546E+01
   8.321800E+01   2.758624E+01
   8.321918E+01   2.758630E+01
   8.321936E+01   2.758727E+01
   8.321894E+01   2.758860E+01
   8.321975E+01   2.758907E+01
   8.321916E+01   2.758978E+01
   8.321929E+01   2.759103E+01
   8.322036E+01   2.759266E+01
   8.322085E+01   2.759424E+01
   8.322130E+01   2.759552E+01
   8.322345E+01   2.759681E+01
   8.322405E+01   2.759732E+01
   8.322365E+01   2.759772E+01
   8.322382E+01   2.759853E+01
   8.322285E+01   2.759904E+01
   8.322345E+01   2.759923E+01
   8.322396E+01   2.759970E+01
   8.322520E+01   2.760049E+01
   8.322668E+01   2.760184E+01
   8.322850E+01   2.760346E+01
   8.322985E+01   2.760526E+01
   8.323040E+01   2.760701E+01
   8.323044E+01   2.760768E+01
   8.323087E+01   2.760861E+01
   8.323090E+01   2.761007E+01
   8.322994E+01   2.761071E+01
   8.323008E+01   2.761125E+01
   8.323060E+01   2.761177E+01
   8.323080E+01   2.761199E+01
   8.323105E+01   2.761261E+01
   8.323013E+01   2.761284E+01
   8.323052E+01   2.761354E+01
   8.322993E+01   2.761437E+01
   8.322949E+01   2.761518E+01
   8.322979E+01   2.761740E+01
   8.322999E+01   2.761974E+01
   8.322939E+01   2.762197E+01
   8.323031E+01   2.762457E+01
   8.322894E+01   2.762713E+01
   8.322787E+01   2.762762E+01
   8.322830E+01   2.762900E+01
   8.322730E+01   2.763095E+01
   8.322720E+01   2.763175E+01
   8.322681E+01   2.763332E+01
   8.322615E+01   2.763414E+01
   8.322395E+01   2.763598E+01
   8.322347E+01   2.763789E+01
   8.322232E+01   2.763916E+01
   8.322141E+01   2.763962E+01
   8.322246E+01   2.764073E+01
   8.322297E+01   2.764154E+01
   8.322251E+01   2.764295E+01
   8.322182E+01   2.764313E+01
   8.322232E+01   2.764365E+01
   8.322081E+01   2.764466E+01
   8.322097E+01   2.764616E+01
   8.322122E+01   2.764647E+01
   8.322164E+01   2.764730E+01
   8.322326E+01   2.764740E+01
   8.322419E+01   2.764853E+01
   8.322449E+01   2.764990E+01
   8.322459E+01   2.765223E+01
   8.322405E+01   2.765356E+01
   8.322462E+01   2.765478E+01
   8.322427E+01   2.765571E+01
   8.322365E+01   2.765702E+01
   8.322330E+01   2.765819E+01
   8.322412E+01   2.765883E+01
   8.322386E+01   2.766239E+01
   8.322507E+01   2.766383E+01
   8.322767E+01   2.766678E+01
   8.322641E+01   2.767105E+01
   8.322544E+01   2.767216E+01
   8.322743E+01   2.767358E+01
   8.322770E+01   2.767672E+01
   8.322810E+01   2.767895E+01
   8.322704E+01   2.767979E+01
   8.322593E+01   2.768107E+01
   8.322712E+01   2.768177E+01
   8.322723E+01   2.768391E+01
   8.322665E+01   2.768563E+01
   8.322816E+01   2.768630E+01
   8.322863E+01   2.768842E+01
   8.322706E+01   2.769050E+01
   8.322778E+01   2.769277E+01
   8.322893E+01   2.769402E+01
   8.322614E+01   2.769413E+01
   8.322662E+01   2.769697E+01
   8.322361E+01   2.770010E+01
   8.322314E+01   2.770325E+01
   8.322261E+01   2.770600E+01
   8.322125E+01   2.771048E+01
   8.322228E+01   2.771258E+01
   8.322268E+01   2.771436E+01
   8.322194E+01   2.771727E+01
   8.321740E+01   2.772342E+01
   8.321577E+01   2.772772E+01
   8.321809E+01   2.773069E+01
   8.321723E+01   2.773495E+01
   8.321733E+01   2.773797E+01
   8.321474E+01   2.774189E+01
   8.321349E+01   2.774622E+01
   8.321124E+01   2.775158E+01
   8.321223E+01   2.775644E+01
   8.321248E+01   2.775948E+01
   8.320123E+01   2.776014E+01
   8.318636E+01   2.775371E+01
   8.316844E+01   2.775795E+01
   8.315815E+01   2.775828E+01
   8.314208E+01   2.776092E+01
   8.313192E+01   2.776707E+01
   8.312304E+01   2.776485E+01
   8.311732E+01   2.776640E+01
   8.310645E+01   2.776872E+01
   8.309932E+01   2.777177E+01
   8.308935E+01   2.778209E+01
   8.309058E+01   2.777783E+01
   8.309017E+01   2.777417E+01
   8.308951E+01   2.777150E+01
   8.308591E+01   2.777471E+01
   8.308344E+01   2.776979E+01
   8.307428E+01   2.776456E+01
   8.306639E+01   2.776433E+01
   8.306624E+01   2.775792E+01
   8.306170E+01   2.776221E+01
   8.305250E+01   2.775681E+01
   8.305004E+01   2.776544E+01
   8.304820E+01   2.776981E+01
   8.304245E+01   2.777663E+01
   8.302787E+01   2.779697E+01
   8.302046E+01   2.780420E+01
   8.301980E+01   2.781682E+01
   8.301896E+01   2.782005E+01
   8.300906E+01   2.780622E+01
   8.299562E+01   2.779281E+01
   8.298207E+01   2.779303E+01
   8.296069E+01   2.779597E+01
   8.295290E+01   2.779012E+01
   8.294530E+01   2.779010E+01
   8.293749E+01   2.778794E+01
   8.292536E+01   2.778764E+01
   8.291827E+01   2.778514E+01
   8.291014E+01   2.778812E+01
   8.290251E+01   2.779267E+01
   8.287748E+01   2.779355E+01
   8.286104E+01   2.779006E+01
   8.284144E+01   2.779029E+01
   8.282663E+01   2.779196E+01
   8.280911E+01   2.779445E+01
   8.280354E+01   2.779468E+01
   8.280570E+01   2.779223E+01
   8.280453E+01   2.779112E+01
   8.280291E+01   2.778807E+01
   8.280418E+01   2.777754E+01
   8.279946E+01   2.777612E+01
   8.278636E+01   2.777257E+01
   8.275820E+01   2.777699E+01
   8.273735E+01   2.777684E+01
   8.272972E+01   2.776582E+01
   8.271904E+01   2.775898E+01
   8.270370E+01   2.775877E+01
   8.269618E+01   2.775617E+01
   8.270218E+01   2.775032E+01
   8.270359E+01   2.774328E+01
   8.270777E+01   2.772293E+01
   8.270883E+01   2.772215E+01
   8.270879E+01   2.772133E+01
   8.270874E+01   2.772011E+01
   8.270817E+01   2.771890E+01
   8.270793E+01   2.771628E+01
   8.270731E+01   2.771432E+01
   8.270642E+01   2.771090E+01
   8.270477E+01   2.770895E+01
   8.270475E+01   2.770783E+01
   8.270500E+01   2.770582E+01
   8.270441E+01   2.770438E+01
   8.270543E+01   2.770319E+01
   8.270660E+01   2.770117E+01
   8.270821E+01   2.769920E+01
   8.270748E+01   2.769842E+01
   8.270847E+01   2.769574E+01
   8.270981E+01   2.769487E+01
   8.271259E+01   2.769356E+01
   8.271464E+01   2.769219E+01
   8.271750E+01   2.769025E+01
   8.271806E+01   2.768917E+01
   8.271627E+01   2.768814E+01
   8.271612E+01   2.768688E+01
   8.271806E+01   2.768627E+01
   8.271827E+01   2.768453E+01
   8.271753E+01   2.768124E+01
   8.271777E+01   2.768012E+01
   8.271890E+01   2.767822E+01
   8.271704E+01   2.767726E+01
   8.271494E+01   2.767818E+01
   8.271373E+01   2.767743E+01
   8.271370E+01   2.767592E+01
   8.271326E+01   2.767389E+01
   8.271384E+01   2.767227E+01
   8.271321E+01   2.767125E+01
   8.271312E+01   2.766906E+01
   8.271513E+01   2.766914E+01
   8.271643E+01   2.766877E+01
   8.271835E+01   2.766827E+01
   8.271731E+01   2.766651E+01
   8.271599E+01   2.766494E+01
   8.271532E+01   2.766402E+01
   8.271339E+01   2.766429E+01
   8.271237E+01   2.766297E+01
   8.271379E+01   2.766222E+01
   8.271724E+01   2.766204E+01
   8.271995E+01   2.766161E+01
   8.272147E+01   2.766235E+01
   8.272224E+01   2.765982E+01
   8.272030E+01   2.765898E+01
   8.271954E+01   2.765804E+01
   8.271830E+01   2.765659E+01
   8.271932E+01   2.765513E+01
   8.272095E+01   2.765487E+01
   8.272192E+01   2.765651E+01
   8.272344E+01   2.765754E+01
   8.272461E+01   2.765907E+01
   8.272662E+01   2.765811E+01
   8.272743E+01   2.765729E+01
   8.272743E+01   2.765549E+01
   8.272792E+01   2.765380E+01
   8.272762E+01   2.765148E+01
   8.272889E+01   2.765152E+01
   8.273050E+01   2.765251E+01
   8.273153E+01   2.765393E+01
   8.273168E+01   2.765266E+01
   8.273174E+01   2.765079E+01
   8.273147E+01   2.764974E+01
   8.273130E+01   2.764827E+01
   8.273240E+01   2.764653E+01
   8.273170E+01   2.764563E+01
   8.273045E+01   2.764528E+01
   8.272981E+01   2.764355E+01
   8.273043E+01   2.764268E+01
   8.273210E+01   2.764364E+01
   8.273239E+01   2.764506E+01
   8.273467E+01   2.764668E+01
   8.273614E+01   2.764585E+01
   8.273587E+01   2.764452E+01
   8.273613E+01   2.764302E+01
   8.273529E+01   2.764227E+01
   8.273567E+01   2.764115E+01
   8.273699E+01   2.763983E+01
   8.273777E+01   2.763807E+01
   8.273847E+01   2.763741E+01
   8.273589E+01   2.763488E+01
   8.273314E+01   2.763409E+01
   8.273095E+01   2.763260E+01
   8.273177E+01   2.763093E+01
   8.273315E+01   2.763087E+01
   8.273356E+01   2.763213E+01
   8.273699E+01   2.763281E+01
   8.273954E+01   2.763235E+01
   8.273995E+01   2.763136E+01
   8.273836E+01   2.763014E+01
   8.273564E+01   2.762954E+01
   8.273393E+01   2.763032E+01
   8.273283E+01   2.762846E+01
   8.273395E+01   2.762788E+01
   8.273619E+01   2.762548E+01
   8.273823E+01   2.762506E+01
   8.273998E+01   2.762561E+01
   8.274036E+01   2.762469E+01
   8.273832E+01   2.762293E+01
   8.273664E+01   2.762162E+01
   8.273607E+01   2.761968E+01
   8.273308E+01   2.761883E+01
   8.273238E+01   2.761802E+01
   8.273372E+01   2.761681E+01
   8.273523E+01   2.761689E+01
   8.273689E+01   2.761597E+01
   8.273825E+01   2.761497E+01
   8.273739E+01   2.761382E+01
   8.273631E+01   2.761300E+01
   8.273494E+01   2.761149E+01
   8.273542E+01   2.761033E+01
   8.273587E+01   2.760892E+01
   8.273676E+01   2.760800E+01
   8.273839E+01   2.760618E+01
   8.273877E+01   2.760480E+01
   8.274079E+01   2.760335E+01
   8.274235E+01   2.760277E+01
   8.274649E+01   2.760235E+01
   8.274861E+01   2.760013E+01
   8.274816E+01   2.759966E+01
   8.274519E+01   2.759896E+01
   8.274366E+01   2.759768E+01
   8.274564E+01   2.759441E+01
   8.274706E+01   2.759356E+01
   8.275035E+01   2.759355E+01
   8.275220E+01   2.759406E+01
   8.275395E+01   2.759441E+01
   8.275588E+01   2.759305E+01
   8.275603E+01   2.759034E+01
   8.275607E+01   2.758842E+01
   8.275791E+01   2.758637E+01
   8.275756E+01   2.758406E+01
   8.275630E+01   2.758275E+01
   8.275268E+01   2.758198E+01
   8.275175E+01   2.758006E+01
   8.275136E+01   2.757792E+01
   8.275053E+01   2.757581E+01
   8.274790E+01   2.757456E+01
   8.274741E+01   2.757207E+01
   8.274828E+01   2.756767E+01
   8.274811E+01   2.756528E+01
   8.274424E+01   2.756266E+01
   8.274238E+01   2.756044E+01
   8.274342E+01   2.755880E+01
   8.274867E+01   2.755678E+01
   8.274857E+01   2.755575E+01
   8.274612E+01   2.755450E+01
   8.274328E+01   2.755291E+01
   8.274256E+01   2.755383E+01
   8.274156E+01   2.755376E+01
   8.274100E+01   2.755302E+01
   8.274106E+01   2.755245E+01
   8.274095E+01   2.755181E+01
   8.274057E+01   2.755170E+01
   8.274032E+01   2.755174E+01
   8.274014E+01   2.755147E+01
   8.273969E+01   2.755151E+01
   8.273878E+01   2.755196E+01
   8.273822E+01   2.755194E+01
   8.273839E+01   2.755151E+01
   8.273871E+01   2.755106E+01
   8.273846E+01   2.755079E+01
   8.273840E+01   2.755037E+01
   8.273902E+01   2.755011E+01
   8.274037E+01   2.755015E+01
   8.274089E+01   2.755006E+01
   8.274079E+01   2.754913E+01
   8.273997E+01   2.754863E+01
   8.273947E+01   2.754854E+01
   8.273857E+01   2.754812E+01
   8.273785E+01   2.754690E+01
   8.273781E+01   2.754637E+01
   8.273839E+01   2.754588E+01
   8.273885E+01   2.754519E+01
   8.273929E+01   2.754512E+01
   8.274090E+01   2.754611E+01
   8.274155E+01   2.754634E+01
   8.274200E+01   2.754591E+01
   8.274180E+01   2.754540E+01
   8.274097E+01   2.754497E+01
   8.274070E+01   2.754447E+01
   8.274101E+01   2.754418E+01
   8.274138E+01   2.754354E+01
   8.274188E+01   2.754331E+01
   8.274250E+01   2.754340E+01
   8.274263E+01   2.754301E+01
   8.274230E+01   2.754270E+01
   8.274175E+01   2.754282E+01
   8.274119E+01   2.754278E+01
   8.274127E+01   2.754228E+01
   8.274171E+01   2.754131E+01
   8.274191E+01   2.754095E+01
   8.274222E+01   2.754122E+01
   8.274259E+01   2.754151E+01
   8.274316E+01   2.754133E+01
   8.274316E+01   2.754087E+01
   8.274158E+01   2.753984E+01
   8.274131E+01   2.753949E+01
   8.274153E+01   2.753923E+01
   8.274214E+01   2.753904E+01
   8.274219E+01   2.753836E+01
   8.274188E+01   2.753728E+01
   8.274187E+01   2.753688E+01
   8.274153E+01   2.753690E+01
   8.274128E+01   2.753712E+01
   8.274081E+01   2.753722E+01
   8.274062E+01   2.753687E+01
   8.274083E+01   2.753635E+01
   8.274131E+01   2.753583E+01
   8.274159E+01   2.753547E+01
   8.274200E+01   2.753557E+01
   8.274244E+01   2.753597E+01
   8.274346E+01   2.753601E+01
   8.274406E+01   2.753557E+01
   8.274446E+01   2.753373E+01
   8.274391E+01   2.753361E+01
   8.274274E+01   2.753347E+01
   8.274270E+01   2.753309E+01
   8.274257E+01   2.753276E+01
   8.274206E+01   2.753217E+01
   8.274212E+01   2.753165E+01
   8.274254E+01   2.753168E+01
   8.274314E+01   2.753216E+01
   8.274345E+01   2.753234E+01
   8.274371E+01   2.753174E+01
   8.274377E+01   2.753141E+01
   8.274421E+01   2.753159E+01
   8.274435E+01   2.753232E+01
   8.274475E+01   2.753240E+01
   8.274523E+01   2.753196E+01
   8.274552E+01   2.753118E+01
   8.274508E+01   2.753079E+01
   8.274466E+01   2.753038E+01
   8.274420E+01   2.753003E+01
   8.274420E+01   2.752967E+01
   8.274478E+01   2.752969E+01
   8.274568E+01   2.753003E+01
   8.274627E+01   2.753043E+01
   8.274655E+01   2.753141E+01
   8.274701E+01   2.753148E+01
   8.274723E+01   2.753073E+01
   8.274705E+01   2.752991E+01
   8.274590E+01   2.752924E+01
   8.274527E+01   2.752894E+01
   8.274522E+01   2.752837E+01
   8.274588E+01   2.752792E+01
   8.274667E+01   2.752787E+01
   8.274705E+01   2.752769E+01
   8.274673E+01   2.752742E+01
   8.274642E+01   2.752711E+01
   8.274637E+01   2.752636E+01
   8.274619E+01   2.752595E+01
   8.274647E+01   2.752561E+01
   8.274691E+01   2.752574E+01
   8.274733E+01   2.752638E+01
   8.274754E+01   2.752687E+01
   8.274790E+01   2.752694E+01
   8.274826E+01   2.752661E+01
   8.274855E+01   2.752633E+01
   8.274849E+01   2.752558E+01
   8.274871E+01   2.752498E+01
   8.274927E+01   2.752467E+01
   8.274922E+01   2.752434E+01
   8.274878E+01   2.752411E+01
   8.274793E+01   2.752407E+01
   8.274757E+01   2.752367E+01
   8.274752E+01   2.752319E+01
   8.274748E+01   2.752284E+01
   8.274792E+01   2.752274E+01
   8.274872E+01   2.752295E+01
   8.274944E+01   2.752277E+01
   8.274968E+01   2.752252E+01
   8.274944E+01   2.752226E+01
   8.274898E+01   2.752200E+01
   8.274867E+01   2.752158E+01
   8.274830E+01   2.752097E+01
   8.274791E+01   2.752036E+01
   8.274751E+01   2.751998E+01
   8.274717E+01   2.751936E+01
   8.274683E+01   2.751939E+01
   8.274657E+01   2.751970E+01
   8.274653E+01   2.752021E+01
   8.274667E+01   2.752055E+01
   8.274640E+01   2.752073E+01
   8.274614E+01   2.752064E+01
   8.274594E+01   2.752041E+01
   8.274533E+01   2.752010E+01
   8.274501E+01   2.751980E+01
   8.274474E+01   2.751978E+01
   8.274450E+01   2.751985E+01
   8.274450E+01   2.752004E+01
   8.274459E+01   2.752025E+01
   8.274430E+01   2.752039E+01
   8.274370E+01   2.752040E+01
   8.274311E+01   2.752047E+01
   8.274299E+01   2.752063E+01
   8.274321E+01   2.752087E+01
   8.274314E+01   2.752115E+01
   8.274278E+01   2.752127E+01
   8.274236E+01   2.752112E+01
   8.274184E+01   2.752069E+01
   8.274186E+01   2.752018E+01
   8.274223E+01   2.751985E+01
   8.274243E+01   2.751944E+01
   8.274234E+01   2.751903E+01
   8.274224E+01   2.751814E+01
   8.274251E+01   2.751749E+01
   8.274293E+01   2.751733E+01
   8.274337E+01   2.751731E+01
   8.274334E+01   2.751703E+01
   8.274320E+01   2.751666E+01
   8.274285E+01   2.751652E+01
   8.274239E+01   2.751683E+01
   8.274198E+01   2.751701E+01
   8.274139E+01   2.751685E+01
   8.274097E+01   2.751701E+01
   8.274081E+01   2.751726E+01
   8.274096E+01   2.751785E+01
   8.274079E+01   2.751808E+01
   8.274014E+01   2.751790E+01
   8.273950E+01   2.751808E+01
   8.273905E+01   2.751850E+01
   8.273838E+01   2.751862E+01
   8.273763E+01   2.751811E+01
   8.273725E+01   2.751800E+01
   8.273679E+01   2.751795E+01
   8.273658E+01   2.751731E+01
   8.273687E+01   2.751677E+01
   8.273681E+01   2.751636E+01
   8.273649E+01   2.751565E+01
   8.273632E+01   2.751498E+01
   8.273687E+01   2.751453E+01
   8.273747E+01   2.751379E+01
   8.273746E+01   2.751340E+01
   8.273693E+01   2.751320E+01
   8.273657E+01   2.751292E+01
   8.273700E+01   2.751247E+01
   8.273743E+01   2.751225E+01
   8.273727E+01   2.751182E+01
   8.273718E+01   2.751085E+01
   8.273701E+01   2.750992E+01
   8.273660E+01   2.750958E+01
   8.273661E+01   2.750937E+01
   8.273746E+01   2.750892E+01
   8.273762E+01   2.750839E+01
   8.273700E+01   2.750815E+01
   8.273643E+01   2.750822E+01
   8.273583E+01   2.750850E+01
   8.273529E+01   2.750831E+01
   8.273512E+01   2.750794E+01
   8.273548E+01   2.750753E+01
   8.273522E+01   2.750680E+01
   8.273513E+01   2.750598E+01
   8.273508E+01   2.750523E+01
   8.273523E+01   2.750398E+01
   8.273516E+01   2.750286E+01
   8.273570E+01   2.750233E+01
   8.273624E+01   2.750238E+01
   8.275296E+01   2.750159E+01
   8.275857E+01   2.750116E+01
   8.277534E+01   2.750048E+01
   8.280144E+01   2.749643E+01
   8.282199E+01   2.749991E+01
   8.283725E+01   2.750121E+01
   8.285123E+01   2.749932E+01
   8.287056E+01   2.749857E+01
   8.289753E+01   2.750017E+01
   8.292584E+01   2.750128E+01
   8.293961E+01   2.749109E+01
   8.295414E+01   2.746778E+01
   8.296504E+01   2.746463E+01
   8.297375E+01   2.746294E+01
   8.299868E+01   2.745806E+01
   8.301528E+01   2.745470E+01
   8.302718E+01   2.745124E+01
   8.305135E+01   2.745012E+01
   8.307268E+01   2.745211E+01
   8.307888E+01   2.745299E+01
   8.311191E+01   2.745449E+01
   8.313421E+01   2.745571E+01
   8.316065E+01   2.745726E+01
   8.316726E+01   2.745724E+01
   8.317414E+01   2.745562E+01
   8.318790E+01   2.745438E+01
   8.320052E+01   2.743906E+01
   8.321702E+01   2.741789E+01
   8.321824E+01   2.741816E+01
   8.321979E+01   2.741949E+01
   8.322039E+01   2.741892E+01
   8.322103E+01   2.741830E+01
   8.322187E+01   2.741850E+01
   8.322123E+01   2.741923E+01
   8.322075E+01   2.741985E+01
   8.322144E+01   2.742051E+01
   8.322271E+01   2.742116E+01
   8.322335E+01   2.742260E+01
   8.322341E+01   2.742410E+01
   8.322327E+01   2.742516E+01
   8.322422E+01   2.742559E+01
   8.322506E+01   2.742539E+01
   8.322516E+01   2.742648E+01
   8.322454E+01   2.742729E+01
   8.322520E+01   2.742767E+01
   8.322544E+01   2.742857E+01
   8.322611E+01   2.742852E+01
   8.322633E+01   2.742744E+01
   8.322807E+01   2.742883E+01
   8.322817E+01   2.742977E+01
   8.322909E+01   2.742950E+01
   8.323079E+01   2.742982E+01
   8.323105E+01   2.743056E+01
   8.323072E+01   2.743168E+01
   8.323027E+01   2.743247E+01
   8.322936E+01   2.743252E+01
   8.323001E+01   2.743350E+01
   8.322948E+01   2.743520E+01
   8.322885E+01   2.743456E+01
   8.322824E+01   2.743397E+01
   8.322828E+01   2.743549E+01
   8.322733E+01   2.743542E+01
   8.322649E+01   2.743626E+01
   8.322535E+01   2.743657E+01
   8.322463E+01   2.743802E+01
   8.322384E+01   2.743802E+01
   8.322345E+01   2.743799E+01
   8.322272E+01   2.743784E+01
   8.322172E+01   2.743890E+01
   8.322101E+01   2.743908E+01
   8.322106E+01   2.743830E+01
   8.322046E+01   2.743771E+01
   8.322011E+01   2.743838E+01
   8.321999E+01   2.743908E+01
   8.321971E+01   2.743966E+01
   8.321875E+01   2.743998E+01
   8.321907E+01   2.744037E+01
   8.321972E+01   2.744022E+01
   8.321945E+01   2.744136E+01
   8.321750E+01   2.744266E+01
   8.321782E+01   2.744380E+01
   8.321721E+01   2.744380E+01
   8.321695E+01   2.744500E+01
   8.321801E+01   2.744519E+01
   8.321765E+01   2.744612E+01
   8.321746E+01   2.744712E+01
   8.321790E+01   2.744784E+01
   8.321734E+01   2.744861E+01
   8.321728E+01   2.744967E+01
   8.321873E+01   2.745056E+01
   8.321832E+01   2.745158E+01
   8.321779E+01   2.745328E+01
   8.321874E+01   2.745285E+01
   8.321976E+01   2.745425E+01
   8.322095E+01   2.745464E+01
   8.322244E+01   2.745457E+01
   8.322266E+01   2.745625E+01
   8.322328E+01   2.745698E+01
   8.322383E+01   2.745836E+01
   8.322428E+01   2.746003E+01
   8.322496E+01   2.746146E+01
   8.322546E+01   2.746232E+01
   8.322555E+01   2.746328E+01
   8.322665E+01   2.746424E+01
   8.322606E+01   2.746576E+01
   8.322636E+01   2.746745E+01
   8.322738E+01   2.746901E+01
   8.322569E+01   2.746923E+01
   8.322413E+01   2.746837E+01
   8.322329E+01   2.746874E+01
   8.322331E+01   2.747093E+01
   8.322417E+01   2.747122E+01
   8.322457E+01   2.747219E+01
   8.322326E+01   2.747267E+01
   8.322210E+01   2.747297E+01
   8.322128E+01   2.747270E+01
   8.322055E+01   2.747431E+01
   8.322089E+01   2.747483E+01
   8.322159E+01   2.747489E+01
   8.322080E+01   2.747592E+01
   8.322149E+01   2.747641E+01
   8.322215E+01   2.747701E+01
   8.322117E+01   2.747839E+01
   8.322182E+01   2.747937E+01
   8.322026E+01   2.747964E+01
   8.321917E+01   2.747927E+01
   8.321881E+01   2.747982E+01
   8.322002E+01   2.748073E+01
   8.322104E+01   2.748100E+01
   8.322081E+01   2.748199E+01
   8.321944E+01   2.748260E+01
   8.322053E+01   2.748383E+01
   8.322189E+01   2.748470E+01
   8.322272E+01   2.748655E+01
   8.322182E+01   2.748811E+01
   8.322182E+01   2.748890E+01
   8.322277E+01   2.748963E+01
   8.322192E+01   2.749057E+01
   8.322141E+01   2.749094E+01
   8.322149E+01   2.749183E+01
   8.322285E+01   2.749267E+01
   8.322403E+01   2.749213E+01
   8.322400E+01   2.749267E+01
   8.322416E+01   2.749522E+01
   8.322531E+01   2.749471E+01
   8.322622E+01   2.749478E+01
   8.322750E+01   2.749490E+01
   8.322795E+01   2.749596E+01
   8.322594E+01   2.749625E+01
   8.322634E+01   2.749722E+01
   8.322694E+01   2.749645E+01
   8.322791E+01   2.749706E+01
   8.322752E+01   2.749785E+01
   8.322833E+01   2.749819E+01
   8.322889E+01   2.749939E+01
   8.322968E+01   2.750067E+01
   8.322957E+01   2.750192E+01
   8.322850E+01   2.750189E+01
   8.322743E+01   2.750257E+01
   8.322722E+01   2.750422E+01
   8.322630E+01   2.750538E+01
   8.322734E+01   2.750532E+01
   8.322820E+01   2.750550E+01
   8.322856E+01   2.750636E+01
   8.322966E+01   2.750664E+01
   8.323112E+01   2.750592E+01
   8.323107E+01   2.750734E+01
   8.322980E+01   2.750731E+01
   8.322924E+01   2.750851E+01
   8.323002E+01   2.751024E+01
   8.323139E+01   2.751206E+01
   8.323172E+01   2.751340E+01
   8.323292E+01   2.751408E+01
   8.323124E+01   2.751426E+01
   8.323212E+01   2.751583E+01
   8.323139E+01   2.751664E+01
   8.322948E+01   2.751814E+01
   8.322931E+01   2.751884E+01
   8.323132E+01   2.751793E+01
   8.323041E+01   2.751957E+01
   8.323092E+01   2.752115E+01
   8.322952E+01   2.752151E+01
   8.322859E+01   2.752211E+01
   8.322823E+01   2.752260E+01
   8.322743E+01   2.752254E+01
   8.322719E+01   2.752333E+01
   8.322801E+01   2.752481E+01
   8.322705E+01   2.752530E+01
   8.322596E+01   2.752658E+01
   8.322553E+01   2.752723E+01
   8.322439E+01   2.752749E+01
   8.322375E+01   2.752808E+01
   8.322441E+01   2.752805E+01
   8.322434E+01   2.752911E+01
   8.322363E+01   2.753007E+01
   8.322495E+01   2.753028E+01
   8.322482E+01   2.753105E+01
   8.322374E+01   2.753095E+01
   8.322387E+01   2.753138E+01
   8.322437E+01   2.753178E+01
   8.322370E+01   2.753207E+01
   8.322426E+01   2.753354E+01
   8.322441E+01   2.753497E+01
   8.322312E+01   2.753393E+01
   8.322218E+01   2.753426E+01
   8.322105E+01   2.753480E+01
   8.322145E+01   2.753555E+01
   8.322011E+01   2.753624E+01
   8.322015E+01   2.753765E+01
   8.322004E+01   2.753843E+01
   8.321876E+01   2.753930E+01
   8.321779E+01   2.754103E+01
   8.321656E+01   2.754144E+01
   8.321696E+01   2.754323E+01
   8.321723E+01   2.754444E+01
   8.321793E+01   2.754500E+01
   8.321676E+01   2.754515E+01
   8.321718E+01   2.754677E+01
   8.321620E+01   2.754728E+01
   8.321587E+01   2.754811E+01
   8.321473E+01   2.754773E+01
   8.321438E+01   2.754883E+01
   8.321546E+01   2.754911E+01
   8.321558E+01   2.755018E+01
   8.321505E+01   2.755025E+01
   8.321435E+01   2.754978E+01
   8.321336E+01   2.754988E+01
   8.321250E+01   2.754908E+01
   8.321255E+01   2.754967E+01
   8.321153E+01   2.755071E+01
   8.321073E+01   2.755103E+01
   8.321041E+01   2.755184E+01
   8.321074E+01   2.755309E+01
   8.320893E+01   2.755524E+01
   8.320800E+01   2.755580E+01
   8.320548E+01   2.755740E+01
   8.320532E+01   2.755890E+01
   8.320432E+01   2.755962E+01
   8.320447E+01   2.756075E+01
