   8.361935E+01   2.909944E+01
   8.361496E+01   2.909331E+01
   8.362652E+01   2.908564E+01
   8.361808E+01   2.905620E+01
   8.361636E+01   2.904170E+01
   8.361384E+01   2.902238E+01
   8.361386E+01   2.901634E+01
   8.361416E+01   2.900963E+01
   8.361420E+01   2.900057E+01
   8.361382E+01   2.898638E+01
   8.360922E+01   2.898008E+01
   8.359891E+01   2.898550E+01
   8.358827E+01   2.897854E+01
   8.358564E+01   2.896898E+01
   8.358116E+01   2.895741E+01
   8.357471E+01   2.895386E+01
   8.356686E+01   2.894302E+01
   8.355544E+01   2.893479E+01
   8.352906E+01   2.890814E+01
   8.351430E+01   2.888928E+01
   8.350347E+01   2.888184E+01
   8.349960E+01   2.887545E+01
   8.350469E+01   2.886762E+01
   8.350586E+01   2.885714E+01
   8.349956E+01   2.884499E+01
   8.348738E+01   2.884630E+01
   8.348276E+01   2.883266E+01
   8.347900E+01   2.882299E+01
   8.348406E+01   2.881391E+01
   8.348733E+01   2.880247E+01
   8.349526E+01   2.879033E+01
   8.350639E+01   2.878881E+01
   8.351679E+01   2.878568E+01
   8.353133E+01   2.878176E+01
   8.355322E+01   2.877147E+01
   8.355671E+01   2.875252E+01
   8.354207E+01   2.872328E+01
   8.353614E+01   2.870407E+01
   8.352616E+01   2.868743E+01
   8.353475E+01   2.867886E+01
   8.353998E+01   2.867239E+01
   8.354380E+01   2.865555E+01
   8.356092E+01   2.864196E+01
   8.356401E+01   2.862880E+01
   8.356231E+01   2.861292E+01
   8.357064E+01   2.859784E+01
   8.357968E+01   2.858367E+01
   8.360667E+01   2.858488E+01
   8.362200E+01   2.857541E+01
   8.364324E+01   2.857224E+01
   8.364169E+01   2.857053E+01
   8.363910E+01   2.856909E+01
   8.363803E+01   2.856775E+01
   8.363754E+01   2.856651E+01
   8.364358E+01   2.856506E+01
   8.365739E+01   2.856450E+01
   8.366587E+01   2.857276E+01
   8.367589E+01   2.858452E+01
   8.368167E+01   2.859731E+01
   8.368322E+01   2.860602E+01
   8.368651E+01   2.861380E+01
   8.369914E+01   2.861986E+01
   8.370469E+01   2.863265E+01
   8.371305E+01   2.864417E+01
   8.372490E+01   2.865437E+01
   8.372616E+01   2.865918E+01
   8.373547E+01   2.867282E+01
   8.374137E+01   2.868647E+01
   8.375536E+01   2.868847E+01
   8.376602E+01   2.868667E+01
   8.378292E+01   2.869090E+01
   8.380510E+01   2.870607E+01
   8.381744E+01   2.871294E+01
   8.382445E+01   2.871843E+01
   8.383369E+01   2.872250E+01
   8.384276E+01   2.872656E+01
   8.386301E+01   2.872261E+01
   8.387281E+01   2.872972E+01
   8.387985E+01   2.873846E+01
   8.388961E+01   2.874473E+01
   8.389171E+01   2.875276E+01
   8.389493E+01   2.876501E+01
   8.389973E+01   2.877266E+01
   8.391332E+01   2.877930E+01
   8.393414E+01   2.878286E+01
   8.394290E+01   2.880659E+01
   8.393666E+01   2.881354E+01
   8.394127E+01   2.882890E+01
   8.395048E+01   2.883443E+01
   8.396051E+01   2.883080E+01
   8.396726E+01   2.881804E+01
   8.398966E+01   2.881473E+01
   8.400197E+01   2.880646E+01
   8.400439E+01   2.880191E+01
   8.401673E+01   2.880026E+01
   8.402717E+01   2.881105E+01
   8.404052E+01   2.881643E+01
   8.404801E+01   2.882185E+01
   8.405006E+01   2.883654E+01
   8.405100E+01   2.884439E+01
   8.406583E+01   2.884110E+01
   8.407285E+01   2.884279E+01
   8.408469E+01   2.884979E+01
   8.408345E+01   2.886566E+01
   8.408944E+01   2.887911E+01
   8.409594E+01   2.888743E+01
   8.410999E+01   2.888423E+01
   8.412220E+01   2.888206E+01
   8.413099E+01   2.888923E+01
   8.414653E+01   2.888071E+01
   8.416034E+01   2.887404E+01
   8.417189E+01   2.888477E+01
   8.418453E+01   2.890057E+01
   8.420599E+01   2.889576E+01
   8.422138E+01   2.889144E+01
   8.422435E+01   2.889768E+01
   8.422388E+01   2.890768E+01
   8.422222E+01   2.891494E+01
   8.422373E+01   2.892431E+01
   8.422524E+01   2.893505E+01
   8.422554E+01   2.894337E+01
   8.423023E+01   2.895623E+01
   8.423462E+01   2.896531E+01
   8.423931E+01   2.896894E+01
   8.424007E+01   2.897438E+01
   8.423901E+01   2.898225E+01
   8.423931E+01   2.898543E+01
   8.423976E+01   2.898996E+01
   8.423931E+01   2.899450E+01
   8.424037E+01   2.899904E+01
   8.424385E+01   2.900978E+01
   8.425171E+01   2.902082E+01
   8.424733E+01   2.903035E+01
   8.424642E+01   2.903837E+01
   8.424415E+01   2.904275E+01
   8.423946E+01   2.904457E+01
   8.423190E+01   2.904714E+01
   8.422222E+01   2.905319E+01
   8.421102E+01   2.905334E+01
   8.420391E+01   2.905092E+01
   8.419620E+01   2.904714E+01
   8.418849E+01   2.905667E+01
   8.418773E+01   2.906756E+01
   8.418758E+01   2.907815E+01
   8.419302E+01   2.908889E+01
   8.419559E+01   2.909766E+01
   8.419801E+01   2.910069E+01
   8.420104E+01   2.910493E+01
   8.419998E+01   2.912353E+01
   8.419136E+01   2.912534E+01
   8.417911E+01   2.912898E+01
   8.417336E+01   2.913367E+01
   8.417291E+01   2.914501E+01
   8.416716E+01   2.915726E+01
   8.416822E+01   2.917209E+01
   8.416413E+01   2.917995E+01
   8.416232E+01   2.918555E+01
   8.416413E+01   2.919372E+01
   8.416791E+01   2.920037E+01
   8.417381E+01   2.920219E+01
   8.418606E+01   2.920537E+01
   8.419151E+01   2.920945E+01
   8.419907E+01   2.921383E+01
   8.419741E+01   2.922140E+01
   8.419771E+01   2.922881E+01
   8.420119E+01   2.923804E+01
   8.419469E+01   2.924409E+01
   8.418334E+01   2.924167E+01
   8.417911E+01   2.923758E+01
   8.417124E+01   2.924000E+01
   8.415944E+01   2.924197E+01
   8.414916E+01   2.924091E+01
   8.413736E+01   2.923970E+01
   8.413070E+01   2.924303E+01
   8.412102E+01   2.924545E+01
   8.411618E+01   2.924439E+01
   8.411331E+01   2.925468E+01
   8.411527E+01   2.926027E+01
   8.411376E+01   2.926284E+01
   8.411966E+01   2.926753E+01
   8.412163E+01   2.927222E+01
   8.411875E+01   2.927525E+01
   8.411724E+01   2.927812E+01
   8.411346E+01   2.928190E+01
   8.410363E+01   2.928629E+01
   8.409833E+01   2.929128E+01
   8.408926E+01   2.929431E+01
   8.408411E+01   2.929401E+01
   8.407821E+01   2.928765E+01
   8.406838E+01   2.928584E+01
   8.406293E+01   2.929007E+01
   8.405628E+01   2.929068E+01
   8.405325E+01   2.929567E+01
   8.404282E+01   2.930142E+01
   8.403147E+01   2.929491E+01
   8.402693E+01   2.928796E+01
   8.401831E+01   2.928977E+01
   8.401393E+01   2.929128E+01
   8.400954E+01   2.929537E+01
   8.399880E+01   2.929446E+01
   8.399003E+01   2.929809E+01
   8.399350E+01   2.930399E+01
   8.400031E+01   2.930762E+01
   8.400016E+01   2.931276E+01
   8.399502E+01   2.931715E+01
   8.398821E+01   2.932063E+01
   8.396401E+01   2.933061E+01
   8.395645E+01   2.932396E+01
   8.394873E+01   2.931624E+01
   8.393239E+01   2.932017E+01
   8.392438E+01   2.932093E+01
   8.391923E+01   2.932486E+01
   8.391379E+01   2.932396E+01
   8.389942E+01   2.932244E+01
   8.389065E+01   2.931881E+01
   8.388338E+01   2.931790E+01
   8.387597E+01   2.931473E+01
   8.386750E+01   2.931201E+01
   8.385631E+01   2.930928E+01
   8.385419E+01   2.930202E+01
   8.384678E+01   2.929688E+01
   8.383785E+01   2.929854E+01
   8.383241E+01   2.929869E+01
   8.382757E+01   2.929915E+01
   8.381743E+01   2.930323E+01
   8.381380E+01   2.929779E+01
   8.380926E+01   2.929189E+01
   8.380624E+01   2.928523E+01
   8.380094E+01   2.928085E+01
   8.379520E+01   2.927782E+01
   8.379368E+01   2.927343E+01
   8.379671E+01   2.926784E+01
   8.379913E+01   2.926209E+01
   8.380064E+01   2.925740E+01
   8.379958E+01   2.925407E+01
   8.379656E+01   2.925241E+01
   8.379338E+01   2.924938E+01
   8.378536E+01   2.924560E+01
   8.377826E+01   2.924757E+01
   8.377357E+01   2.924696E+01
   8.377054E+01   2.924424E+01
   8.376479E+01   2.924016E+01
   8.375678E+01   2.924273E+01
   8.374906E+01   2.924469E+01
   8.374407E+01   2.924469E+01
   8.373757E+01   2.924424E+01
   8.372864E+01   2.924394E+01
   8.372078E+01   2.924273E+01
   8.371125E+01   2.924409E+01
   8.370338E+01   2.923607E+01
   8.369415E+01   2.922367E+01
   8.368629E+01   2.921535E+01
   8.367434E+01   2.920748E+01
   8.366602E+01   2.920658E+01
   8.365860E+01   2.920400E+01
   8.365573E+01   2.920022E+01
   8.365830E+01   2.919538E+01
   8.365770E+01   2.918857E+01
   8.366299E+01   2.918389E+01
   8.365660E+01   2.917624E+01
   8.366587E+01   2.916980E+01
   8.366162E+01   2.916187E+01
   8.366836E+01   2.915471E+01
   8.367805E+01   2.914127E+01
   8.367973E+01   2.913103E+01
   8.367995E+01   2.912378E+01
   8.366021E+01   2.912470E+01
   8.365326E+01   2.912141E+01
   8.365003E+01   2.911330E+01
   8.364635E+01   2.910401E+01
   8.362868E+01   2.910708E+01
