   8.442222E+01   2.774140E+01
   8.442666E+01   2.772577E+01
   8.443036E+01   2.770544E+01
   8.437538E+01   2.768201E+01
   8.434913E+01   2.770256E+01
   8.432519E+01   2.769321E+01
   8.431791E+01   2.768319E+01
   8.427151E+01   2.766304E+01
   8.425488E+01   2.765086E+01
   8.423613E+01   2.765041E+01
   8.420686E+01   2.763923E+01
   8.417249E+01   2.761534E+01
   8.412987E+01   2.757679E+01
   8.411923E+01   2.755997E+01
   8.409991E+01   2.755411E+01
   8.407511E+01   2.755967E+01
   8.406275E+01   2.755175E+01
   8.404618E+01   2.755472E+01
   8.403820E+01   2.753950E+01
   8.401554E+01   2.753911E+01
   8.399365E+01   2.754337E+01
   8.396730E+01   2.755060E+01
   8.395434E+01   2.754276E+01
   8.393998E+01   2.754231E+01
   8.392207E+01   2.754276E+01
   8.392241E+01   2.752462E+01
   8.392984E+01   2.751320E+01
   8.395090E+01   2.752624E+01
   8.396551E+01   2.752234E+01
   8.396860E+01   2.750963E+01
   8.394876E+01   2.749691E+01
   8.393967E+01   2.748376E+01
   8.394423E+01   2.746638E+01
   8.393234E+01   2.744974E+01
   8.391670E+01   2.744303E+01
   8.390994E+01   2.744118E+01
   8.390421E+01   2.743885E+01
   8.389657E+01   2.743757E+01
   8.388702E+01   2.743563E+01
   8.388308E+01   2.743067E+01
   8.386226E+01   2.742460E+01
   8.386004E+01   2.739616E+01
   8.385442E+01   2.737945E+01
   8.385991E+01   2.736265E+01
   8.385526E+01   2.735202E+01
   8.384401E+01   2.736019E+01
   8.383236E+01   2.736870E+01
   8.381718E+01   2.737618E+01
   8.380721E+01   2.738070E+01
   8.379642E+01   2.738567E+01
   8.378222E+01   2.739222E+01
   8.376260E+01   2.740118E+01
   8.375250E+01   2.740583E+01
   8.374295E+01   2.741036E+01
   8.372888E+01   2.741696E+01
   8.370861E+01   2.742635E+01
   8.369297E+01   2.743364E+01
   8.367960E+01   2.743965E+01
   8.366541E+01   2.744618E+01
   8.365076E+01   2.745308E+01
   8.363880E+01   2.745870E+01
   8.362391E+01   2.746542E+01
   8.361494E+01   2.746910E+01
   8.361384E+01   2.747124E+01
   8.361395E+01   2.747299E+01
   8.361241E+01   2.747405E+01
   8.361189E+01   2.747549E+01
   8.361141E+01   2.747621E+01
   8.361290E+01   2.747824E+01
   8.361142E+01   2.747977E+01
   8.361156E+01   2.748319E+01
   8.361066E+01   2.748510E+01
   8.361001E+01   2.748684E+01
   8.361099E+01   2.748967E+01
   8.360905E+01   2.748960E+01
   8.360598E+01   2.749189E+01
   8.360450E+01   2.749410E+01
   8.360308E+01   2.749684E+01
   8.360060E+01   2.749656E+01
   8.359965E+01   2.749764E+01
   8.359816E+01   2.749744E+01
   8.359734E+01   2.749827E+01
   8.359852E+01   2.749863E+01
   8.359780E+01   2.749999E+01
   8.359734E+01   2.749889E+01
   8.359661E+01   2.749965E+01
   8.359492E+01   2.749933E+01
   8.359404E+01   2.749934E+01
   8.359405E+01   2.750122E+01
   8.359376E+01   2.750231E+01
   8.359497E+01   2.750130E+01
   8.359543E+01   2.750320E+01
   8.359622E+01   2.750381E+01
   8.359525E+01   2.750563E+01
   8.359455E+01   2.750717E+01
   8.359452E+01   2.750833E+01
   8.359433E+01   2.751029E+01
   8.359493E+01   2.751124E+01
   8.359593E+01   2.751100E+01
   8.359710E+01   2.751138E+01
   8.359759E+01   2.751087E+01
   8.359855E+01   2.751115E+01
   8.359852E+01   2.751204E+01
   8.359680E+01   2.751237E+01
   8.359671E+01   2.751417E+01
   8.359828E+01   2.751482E+01
   8.359735E+01   2.751561E+01
   8.359820E+01   2.751943E+01
   8.359702E+01   2.751850E+01
   8.359554E+01   2.752032E+01
   8.359288E+01   2.752103E+01
   8.359235E+01   2.752062E+01
   8.359088E+01   2.752162E+01
   8.359010E+01   2.752356E+01
   8.358988E+01   2.752475E+01
   8.359169E+01   2.752470E+01
   8.359085E+01   2.752551E+01
   8.359072E+01   2.752673E+01
   8.359220E+01   2.752694E+01
   8.359379E+01   2.752722E+01
   8.359336E+01   2.752778E+01
   8.359175E+01   2.752869E+01
   8.359043E+01   2.752804E+01
   8.358963E+01   2.752945E+01
   8.358882E+01   2.753050E+01
   8.358801E+01   2.752977E+01
   8.358709E+01   2.753039E+01
   8.358658E+01   2.753159E+01
   8.358741E+01   2.753182E+01
   8.358830E+01   2.753271E+01
   8.358940E+01   2.753257E+01
   8.358990E+01   2.753404E+01
   8.359083E+01   2.753356E+01
   8.359159E+01   2.753469E+01
   8.359048E+01   2.753615E+01
   8.359032E+01   2.753768E+01
   8.358996E+01   2.753889E+01
   8.359037E+01   2.753999E+01
   8.358980E+01   2.754110E+01
   8.359037E+01   2.754238E+01
   8.359044E+01   2.754331E+01
   8.359150E+01   2.754402E+01
   8.359253E+01   2.754377E+01
   8.359345E+01   2.754407E+01
   8.359337E+01   2.754485E+01
   8.359436E+01   2.754478E+01
   8.359496E+01   2.754544E+01
   8.359580E+01   2.754561E+01
   8.359613E+01   2.754708E+01
   8.359647E+01   2.754828E+01
   8.359544E+01   2.754858E+01
   8.359475E+01   2.754838E+01
   8.359378E+01   2.754833E+01
   8.359259E+01   2.754838E+01
   8.359178E+01   2.754897E+01
   8.359205E+01   2.754953E+01
   8.359199E+01   2.755026E+01
   8.359165E+01   2.755065E+01
   8.359119E+01   2.755139E+01
   8.359141E+01   2.755241E+01
   8.359112E+01   2.755284E+01
   8.359112E+01   2.755345E+01
   8.359115E+01   2.755410E+01
   8.359194E+01   2.755498E+01
   8.359251E+01   2.755517E+01
   8.359283E+01   2.755557E+01
   8.359303E+01   2.755613E+01
   8.359253E+01   2.755669E+01
   8.359359E+01   2.755760E+01
   8.359322E+01   2.755819E+01
   8.359265E+01   2.755871E+01
   8.359343E+01   2.755918E+01
   8.359353E+01   2.755961E+01
   8.359406E+01   2.755997E+01
   8.359435E+01   2.756035E+01
   8.359444E+01   2.756059E+01
   8.359428E+01   2.756116E+01
   8.359446E+01   2.756150E+01
   8.359506E+01   2.756161E+01
   8.359457E+01   2.756181E+01
   8.359491E+01   2.756207E+01
   8.359489E+01   2.756231E+01
   8.359456E+01   2.756252E+01
   8.359524E+01   2.756277E+01
   8.359499E+01   2.756318E+01
   8.359458E+01   2.756343E+01
   8.359433E+01   2.756318E+01
   8.359390E+01   2.756350E+01
   8.359413E+01   2.756378E+01
   8.359447E+01   2.756389E+01
   8.359410E+01   2.756410E+01
   8.359476E+01   2.756458E+01
   8.359516E+01   2.756489E+01
   8.359474E+01   2.756483E+01
   8.359483E+01   2.756532E+01
   8.359514E+01   2.756571E+01
   8.359546E+01   2.756594E+01
   8.359599E+01   2.756608E+01
   8.359629E+01   2.756654E+01
   8.359589E+01   2.756719E+01
   8.359583E+01   2.756752E+01
   8.359631E+01   2.756795E+01
   8.359627E+01   2.756873E+01
   8.359557E+01   2.756907E+01
   8.359601E+01   2.756974E+01
   8.359601E+01   2.757031E+01
   8.359535E+01   2.757112E+01
   8.359558E+01   2.757254E+01
   8.359575E+01   2.757294E+01
   8.359526E+01   2.757369E+01
   8.359477E+01   2.757403E+01
   8.359477E+01   2.757483E+01
   8.359407E+01   2.757536E+01
   8.359066E+01   2.757622E+01
   8.358796E+01   2.757398E+01
   8.358057E+01   2.757465E+01
   8.358062E+01   2.757540E+01
   8.358033E+01   2.757586E+01
   8.358021E+01   2.757638E+01
   8.358041E+01   2.757658E+01
   8.358035E+01   2.757711E+01
   8.358067E+01   2.757760E+01
   8.358073E+01   2.757785E+01
   8.358097E+01   2.757905E+01
   8.358082E+01   2.758077E+01
   8.358110E+01   2.758164E+01
   8.358304E+01   2.758219E+01
   8.358162E+01   2.758292E+01
   8.358048E+01   2.758317E+01
   8.358145E+01   2.758390E+01
   8.358209E+01   2.758454E+01
   8.358233E+01   2.758589E+01
   8.358281E+01   2.758733E+01
   8.358268E+01   2.758852E+01
   8.358240E+01   2.758874E+01
   8.358198E+01   2.758918E+01
   8.358171E+01   2.759045E+01
   8.358057E+01   2.758986E+01
   8.357990E+01   2.759105E+01
   8.357959E+01   2.759196E+01
   8.358027E+01   2.759351E+01
   8.357961E+01   2.759393E+01
   8.357806E+01   2.759502E+01
   8.357784E+01   2.759584E+01
   8.357710E+01   2.759649E+01
   8.357606E+01   2.759726E+01
   8.357563E+01   2.759744E+01
   8.357572E+01   2.759818E+01
   8.357563E+01   2.759854E+01
   8.357509E+01   2.759890E+01
   8.357527E+01   2.760004E+01
   8.357472E+01   2.760011E+01
   8.357444E+01   2.760135E+01
   8.357347E+01   2.760248E+01
   8.357340E+01   2.760426E+01
   8.357257E+01   2.760741E+01
   8.357226E+01   2.761264E+01
   8.357316E+01   2.761464E+01
   8.357256E+01   2.761608E+01
   8.357402E+01   2.761645E+01
   8.357475E+01   2.761769E+01
   8.357687E+01   2.761832E+01
   8.357856E+01   2.761655E+01
   8.358036E+01   2.761716E+01
   8.358161E+01   2.761779E+01
   8.358332E+01   2.761905E+01
   8.358441E+01   2.761954E+01
   8.358512E+01   2.762111E+01
   8.358671E+01   2.762218E+01
   8.358829E+01   2.762368E+01
   8.358795E+01   2.762580E+01
   8.358944E+01   2.762677E+01
   8.359088E+01   2.762582E+01
   8.359165E+01   2.762816E+01
   8.359253E+01   2.762870E+01
   8.359164E+01   2.762954E+01
   8.359244E+01   2.763063E+01
   8.359435E+01   2.762973E+01
   8.359540E+01   2.762968E+01
   8.359701E+01   2.762946E+01
   8.359807E+01   2.763046E+01
   8.359681E+01   2.763117E+01
   8.359616E+01   2.763342E+01
   8.359786E+01   2.763448E+01
   8.360065E+01   2.763571E+01
   8.360023E+01   2.763753E+01
   8.359885E+01   2.763861E+01
   8.359822E+01   2.763973E+01
   8.359843E+01   2.764136E+01
   8.359899E+01   2.764313E+01
   8.360034E+01   2.764449E+01
   8.360270E+01   2.764888E+01
   8.360553E+01   2.764830E+01
   8.360910E+01   2.764949E+01
   8.361052E+01   2.765097E+01
   8.361514E+01   2.765666E+01
   8.362342E+01   2.766194E+01
   8.362987E+01   2.766549E+01
   8.362860E+01   2.766883E+01
   8.362949E+01   2.767161E+01
   8.363139E+01   2.767611E+01
   8.363312E+01   2.767687E+01
   8.363407E+01   2.767819E+01
   8.363202E+01   2.767937E+01
   8.363255E+01   2.768090E+01
   8.363338E+01   2.768299E+01
   8.363377E+01   2.768429E+01
   8.363333E+01   2.768608E+01
   8.363392E+01   2.768792E+01
   8.363251E+01   2.768963E+01
   8.363319E+01   2.769130E+01
   8.363250E+01   2.769300E+01
   8.363717E+01   2.769211E+01
   8.364367E+01   2.769115E+01
   8.364894E+01   2.769101E+01
   8.365455E+01   2.768936E+01
   8.365774E+01   2.768620E+01
   8.366075E+01   2.768148E+01
   8.366799E+01   2.767561E+01
   8.367449E+01   2.767253E+01
   8.368029E+01   2.766856E+01
   8.368658E+01   2.766427E+01
   8.369239E+01   2.766538E+01
   8.369750E+01   2.766550E+01
   8.369972E+01   2.767718E+01
   8.370107E+01   2.768858E+01
   8.369773E+01   2.769133E+01
   8.369229E+01   2.769535E+01
   8.368997E+01   2.770029E+01
   8.368730E+01   2.771087E+01
   8.368235E+01   2.771849E+01
   8.368178E+01   2.772163E+01
   8.369374E+01   2.771709E+01
   8.370283E+01   2.771654E+01
   8.371488E+01   2.771574E+01
   8.372147E+01   2.771115E+01
   8.372876E+01   2.770917E+01
   8.373786E+01   2.771515E+01
   8.374579E+01   2.771965E+01
   8.375651E+01   2.772071E+01
   8.377293E+01   2.772381E+01
   8.378130E+01   2.772465E+01
   8.379191E+01   2.772208E+01
   8.380539E+01   2.771826E+01
   8.381495E+01   2.771386E+01
   8.382229E+01   2.771110E+01
   8.383080E+01   2.771382E+01
   8.383821E+01   2.771092E+01
   8.384918E+01   2.771146E+01
   8.384419E+01   2.772473E+01
   8.384294E+01   2.773267E+01
   8.384666E+01   2.773488E+01
   8.385958E+01   2.773455E+01
   8.386585E+01   2.773378E+01
   8.387156E+01   2.773404E+01
   8.387615E+01   2.773577E+01
   8.387871E+01   2.773539E+01
   8.388278E+01   2.773502E+01
   8.388609E+01   2.773239E+01
   8.388858E+01   2.773028E+01
   8.389266E+01   2.773154E+01
   8.389799E+01   2.773202E+01
   8.390003E+01   2.773077E+01
   8.390266E+01   2.773047E+01
   8.390354E+01   2.773532E+01
   8.390779E+01   2.773428E+01
   8.390657E+01   2.773179E+01
   8.391382E+01   2.773035E+01
   8.391843E+01   2.773006E+01
   8.392400E+01   2.772680E+01
   8.392625E+01   2.773268E+01
   8.392939E+01   2.773467E+01
   8.394292E+01   2.774333E+01
   8.394690E+01   2.774450E+01
   8.395036E+01   2.774743E+01
   8.395455E+01   2.774652E+01
   8.395712E+01   2.774721E+01
   8.395967E+01   2.774635E+01
   8.396015E+01   2.774829E+01
   8.396290E+01   2.774802E+01
   8.396737E+01   2.774738E+01
   8.396808E+01   2.774912E+01
   8.397176E+01   2.774897E+01
   8.397373E+01   2.774739E+01
   8.397725E+01   2.774739E+01
   8.398011E+01   2.774929E+01
   8.398303E+01   2.774851E+01
   8.398539E+01   2.774810E+01
   8.398958E+01   2.774865E+01
   8.399279E+01   2.775051E+01
   8.399437E+01   2.775149E+01
   8.399264E+01   2.775342E+01
   8.399295E+01   2.775927E+01
   8.399450E+01   2.776692E+01
   8.399872E+01   2.777399E+01
   8.400011E+01   2.778080E+01
   8.399984E+01   2.778629E+01
   8.400099E+01   2.778858E+01
   8.400228E+01   2.779123E+01
   8.400526E+01   2.779565E+01
   8.400853E+01   2.779760E+01
   8.401055E+01   2.779946E+01
   8.401205E+01   2.780073E+01
   8.401358E+01   2.780397E+01
   8.401421E+01   2.780807E+01
   8.401533E+01   2.781183E+01
   8.401831E+01   2.781437E+01
   8.402023E+01   2.781668E+01
   8.402120E+01   2.781898E+01
   8.402467E+01   2.781815E+01
   8.402598E+01   2.782045E+01
   8.402715E+01   2.782081E+01
   8.402580E+01   2.782280E+01
   8.402561E+01   2.782455E+01
   8.402656E+01   2.782632E+01
   8.402547E+01   2.782775E+01
   8.402706E+01   2.782973E+01
   8.402626E+01   2.783070E+01
   8.402505E+01   2.783388E+01
   8.402282E+01   2.783689E+01
   8.402126E+01   2.783935E+01
   8.402071E+01   2.784185E+01
   8.402146E+01   2.784283E+01
   8.402237E+01   2.784321E+01
   8.402224E+01   2.784407E+01
   8.402268E+01   2.784508E+01
   8.402303E+01   2.784755E+01
   8.402336E+01   2.784936E+01
   8.402566E+01   2.785149E+01
   8.402569E+01   2.785233E+01
   8.402678E+01   2.785307E+01
   8.402790E+01   2.785510E+01
   8.403457E+01   2.785806E+01
   8.404102E+01   2.785512E+01
   8.403845E+01   2.785144E+01
   8.404186E+01   2.784993E+01
   8.404315E+01   2.785163E+01
   8.404180E+01   2.785410E+01
   8.404815E+01   2.785636E+01
   8.405105E+01   2.785061E+01
   8.405566E+01   2.785000E+01
   8.406787E+01   2.785641E+01
   8.406901E+01   2.786233E+01
   8.407474E+01   2.786528E+01
   8.407802E+01   2.786336E+01
   8.407744E+01   2.786784E+01
   8.407918E+01   2.786974E+01
   8.408509E+01   2.786923E+01
   8.409770E+01   2.786619E+01
   8.410126E+01   2.786642E+01
   8.409821E+01   2.786131E+01
   8.409534E+01   2.785870E+01
   8.409723E+01   2.785778E+01
   8.410222E+01   2.785462E+01
   8.410619E+01   2.785959E+01
   8.410943E+01   2.786190E+01
   8.411225E+01   2.785663E+01
   8.411298E+01   2.785247E+01
   8.411812E+01   2.785065E+01
   8.412132E+01   2.785395E+01
   8.411982E+01   2.785870E+01
   8.412553E+01   2.785993E+01
   8.412967E+01   2.785437E+01
   8.412531E+01   2.785071E+01
   8.412057E+01   2.784849E+01
   8.412437E+01   2.784591E+01
   8.413046E+01   2.784636E+01
   8.413911E+01   2.784892E+01
   8.414533E+01   2.784987E+01
   8.415014E+01   2.784729E+01
   8.415563E+01   2.784807E+01
   8.415510E+01   2.784359E+01
   8.415595E+01   2.783942E+01
   8.415915E+01   2.783967E+01
   8.416286E+01   2.784388E+01
   8.416301E+01   2.784674E+01
   8.416705E+01   2.784583E+01
   8.417162E+01   2.784703E+01
   8.417366E+01   2.785259E+01
   8.418164E+01   2.785061E+01
   8.418876E+01   2.784663E+01
   8.419900E+01   2.785101E+01
   8.420651E+01   2.785082E+01
   8.420683E+01   2.784593E+01
   8.420659E+01   2.784126E+01
   8.420994E+01   2.783881E+01
   8.421202E+01   2.784020E+01
   8.421007E+01   2.784346E+01
   8.421350E+01   2.784670E+01
   8.421799E+01   2.784655E+01
   8.422198E+01   2.784069E+01
   8.422558E+01   2.783614E+01
   8.422827E+01   2.783972E+01
   8.422752E+01   2.784314E+01
   8.422846E+01   2.784612E+01
   8.423385E+01   2.784458E+01
   8.423945E+01   2.784619E+01
   8.424558E+01   2.784578E+01
   8.425088E+01   2.783915E+01
   8.426086E+01   2.783900E+01
   8.426670E+01   2.783843E+01
   8.426577E+01   2.783453E+01
   8.426906E+01   2.783246E+01
   8.426981E+01   2.783566E+01
   8.427638E+01   2.783633E+01
   8.428086E+01   2.783809E+01
   8.428957E+01   2.783767E+01
   8.429240E+01   2.783678E+01
   8.429491E+01   2.783090E+01
   8.430315E+01   2.782061E+01
   8.430590E+01   2.781824E+01
   8.430245E+01   2.781574E+01
   8.430039E+01   2.781469E+01
   8.430200E+01   2.781107E+01
   8.430064E+01   2.780788E+01
   8.429764E+01   2.780672E+01
   8.429818E+01   2.780251E+01
   8.429991E+01   2.779767E+01
   8.430039E+01   2.779165E+01
   8.430500E+01   2.779038E+01
   8.431210E+01   2.778689E+01
   8.431677E+01   2.777908E+01
   8.431791E+01   2.777177E+01
   8.431519E+01   2.776444E+01
   8.431922E+01   2.776046E+01
   8.432336E+01   2.775396E+01
   8.432677E+01   2.774819E+01
   8.433665E+01   2.774614E+01
   8.434160E+01   2.774570E+01
   8.434525E+01   2.775108E+01
   8.435257E+01   2.774920E+01
   8.436036E+01   2.775326E+01
   8.436188E+01   2.775689E+01
   8.436351E+01   2.776190E+01
   8.436600E+01   2.777025E+01
   8.436806E+01   2.777485E+01
   8.437279E+01   2.777813E+01
   8.437956E+01   2.777916E+01
   8.438387E+01   2.777734E+01
   8.438700E+01   2.777741E+01
   8.439638E+01   2.777254E+01
   8.440287E+01   2.776496E+01
   8.441079E+01   2.775981E+01
   8.441895E+01   2.775760E+01
   8.441744E+01   2.775192E+01
   8.441889E+01   2.774832E+01
   8.442283E+01   2.774843E+01
   8.442173E+01   2.774423E+01
   8.442222E+01   2.774140E+01
