   8.239643E+01   2.827608E+01
   8.240780E+01   2.825999E+01
   8.241204E+01   2.825719E+01
   8.241902E+01   2.825413E+01
   8.242910E+01   2.825162E+01
   8.243703E+01   2.824769E+01
   8.243654E+01   2.824488E+01
   8.242632E+01   2.823876E+01
   8.242815E+01   2.823331E+01
   8.242641E+01   2.822994E+01
   8.241476E+01   2.822399E+01
   8.240383E+01   2.821326E+01
   8.240312E+01   2.820124E+01
   8.240144E+01   2.819556E+01
   8.240147E+01   2.819114E+01
   8.240348E+01   2.818385E+01
   8.239953E+01   2.817878E+01
   8.239870E+01   2.817238E+01
   8.240919E+01   2.816106E+01
   8.243100E+01   2.815372E+01
   8.245966E+01   2.814489E+01
   8.247773E+01   2.814477E+01
   8.248141E+01   2.813704E+01
   8.249528E+01   2.813492E+01
   8.250330E+01   2.815007E+01
   8.251614E+01   2.813965E+01
   8.253018E+01   2.813623E+01
   8.254588E+01   2.813452E+01
   8.255998E+01   2.813520E+01
   8.256114E+01   2.813198E+01
   8.255946E+01   2.813032E+01
   8.256055E+01   2.812854E+01
   8.256158E+01   2.812555E+01
   8.256292E+01   2.812412E+01
   8.256457E+01   2.812143E+01
   8.256650E+01   2.811740E+01
   8.256939E+01   2.811467E+01
   8.257110E+01   2.811322E+01
   8.257530E+01   2.811221E+01
   8.257780E+01   2.810970E+01
   8.258089E+01   2.811096E+01
   8.258277E+01   2.810996E+01
   8.258541E+01   2.810783E+01
   8.258771E+01   2.810640E+01
   8.259021E+01   2.810274E+01
   8.259492E+01   2.810152E+01
   8.259668E+01   2.809525E+01
   8.259785E+01   2.809256E+01
   8.259957E+01   2.809398E+01
   8.260453E+01   2.809930E+01
   8.260713E+01   2.811647E+01
   8.260565E+01   2.812759E+01
   8.260114E+01   2.813102E+01
   8.259173E+01   2.813850E+01
   8.259078E+01   2.814748E+01
   8.259779E+01   2.814949E+01
   8.260642E+01   2.815116E+01
   8.261217E+01   2.816431E+01
   8.261229E+01   2.816773E+01
   8.261381E+01   2.817027E+01
   8.261700E+01   2.817218E+01
   8.261870E+01   2.817381E+01
   8.262025E+01   2.817476E+01
   8.262287E+01   2.817553E+01
   8.262496E+01   2.817693E+01
   8.262539E+01   2.817846E+01
   8.262790E+01   2.817896E+01
   8.263057E+01   2.817957E+01
   8.263219E+01   2.818024E+01
   8.263593E+01   2.817993E+01
   8.263783E+01   2.818101E+01
   8.263978E+01   2.818103E+01
   8.264110E+01   2.818346E+01
   8.264493E+01   2.818440E+01
   8.264896E+01   2.818521E+01
   8.265336E+01   2.818738E+01
   8.265644E+01   2.819031E+01
   8.266097E+01   2.819021E+01
   8.266440E+01   2.818846E+01
   8.266772E+01   2.818940E+01
   8.267013E+01   2.819149E+01
   8.267547E+01   2.819132E+01
   8.267853E+01   2.819223E+01
   8.267962E+01   2.819180E+01
   8.268243E+01   2.819232E+01
   8.268719E+01   2.818883E+01
   8.268986E+01   2.819636E+01
   8.269695E+01   2.820532E+01
   8.269607E+01   2.821144E+01
   8.269762E+01   2.821041E+01
   8.270475E+01   2.820739E+01
   8.272077E+01   2.820857E+01
   8.273233E+01   2.820813E+01
   8.274109E+01   2.820064E+01
   8.274621E+01   2.819634E+01
   8.275017E+01   2.819299E+01
   8.275802E+01   2.818049E+01
   8.277333E+01   2.817949E+01
   8.278793E+01   2.817892E+01
   8.279339E+01   2.818887E+01
   8.281444E+01   2.818751E+01
   8.282406E+01   2.820690E+01
   8.283310E+01   2.822288E+01
   8.283868E+01   2.823144E+01
   8.285275E+01   2.823657E+01
   8.284921E+01   2.825258E+01
   8.286130E+01   2.825770E+01
   8.287687E+01   2.826877E+01
   8.288844E+01   2.827761E+01
   8.289101E+01   2.829614E+01
   8.289833E+01   2.829821E+01
   8.290142E+01   2.830382E+01
   8.291431E+01   2.831795E+01
   8.292117E+01   2.832333E+01
   8.292512E+01   2.833817E+01
   8.293552E+01   2.835379E+01
   8.294750E+01   2.836244E+01
   8.295557E+01   2.835995E+01
   8.295556E+01   2.837143E+01
   8.294792E+01   2.837696E+01
   8.295057E+01   2.838354E+01
   8.294195E+01   2.839329E+01
   8.293651E+01   2.840175E+01
   8.292317E+01   2.840115E+01
   8.291925E+01   2.840677E+01
   8.291693E+01   2.841970E+01
   8.291443E+01   2.843377E+01
   8.290428E+01   2.844392E+01
   8.289274E+01   2.844838E+01
   8.288248E+01   2.846203E+01
   8.287635E+01   2.847676E+01
   8.286675E+01   2.847933E+01
   8.285004E+01   2.847813E+01
   8.284140E+01   2.847854E+01
   8.282758E+01   2.848262E+01
   8.282504E+01   2.848431E+01
   8.281676E+01   2.848761E+01
   8.281086E+01   2.849308E+01
   8.279943E+01   2.849656E+01
   8.277070E+01   2.850099E+01
   8.275700E+01   2.850664E+01
   8.274768E+01   2.851027E+01
   8.274142E+01   2.851556E+01
   8.274334E+01   2.852512E+01
   8.273198E+01   2.852647E+01
   8.272425E+01   2.852399E+01
   8.271574E+01   2.851969E+01
   8.271192E+01   2.851511E+01
   8.271028E+01   2.851375E+01
   8.270347E+01   2.850893E+01
   8.270063E+01   2.851017E+01
   8.269392E+01   2.851298E+01
   8.269394E+01   2.852198E+01
   8.268659E+01   2.851638E+01
   8.267302E+01   2.851084E+01
   8.265760E+01   2.849344E+01
   8.263670E+01   2.849953E+01
   8.261364E+01   2.851093E+01
   8.260141E+01   2.850721E+01
   8.259365E+01   2.851168E+01
   8.258212E+01   2.851402E+01
   8.256935E+01   2.851793E+01
   8.256156E+01   2.852261E+01
   8.255381E+01   2.852413E+01
   8.254761E+01   2.852463E+01
   8.254130E+01   2.853934E+01
   8.252902E+01   2.855889E+01
   8.252160E+01   2.855406E+01
   8.250893E+01   2.855177E+01
   8.249175E+01   2.855251E+01
   8.249220E+01   2.853857E+01
   8.247355E+01   2.853039E+01
   8.245953E+01   2.852127E+01
   8.244006E+01   2.852438E+01
   8.242841E+01   2.852517E+01
   8.241838E+01   2.852854E+01
   8.241695E+01   2.851777E+01
   8.241286E+01   2.851405E+01
   8.241161E+01   2.849731E+01
   8.240749E+01   2.848739E+01
   8.240558E+01   2.847782E+01
   8.239647E+01   2.846842E+01
   8.238813E+01   2.845844E+01
   8.237399E+01   2.844842E+01
   8.237699E+01   2.843049E+01
   8.235008E+01   2.842355E+01
   8.236017E+01   2.840864E+01
   8.236200E+01   2.839413E+01
   8.238377E+01   2.837417E+01
   8.237985E+01   2.835235E+01
   8.236312E+01   2.834044E+01
   8.236814E+01   2.832497E+01
   8.237453E+01   2.831687E+01
   8.237540E+01   2.830607E+01
   8.238378E+01   2.829141E+01
   8.239533E+01   2.828304E+01
