   8.376021E+01   2.839394E+01
   8.375587E+01   2.839403E+01
   8.375245E+01   2.839347E+01
   8.374955E+01   2.839415E+01
   8.374775E+01   2.839403E+01
   8.374470E+01   2.839440E+01
   8.374190E+01   2.839420E+01
   8.373852E+01   2.839424E+01
   8.373552E+01   2.839458E+01
   8.372944E+01   2.839623E+01
   8.372219E+01   2.839639E+01
   8.371030E+01   2.839614E+01
   8.369944E+01   2.839931E+01
   8.368841E+01   2.839920E+01
   8.367946E+01   2.838214E+01
   8.367665E+01   2.836880E+01
   8.367041E+01   2.835998E+01
   8.366345E+01   2.834895E+01
   8.365433E+01   2.835017E+01
   8.364544E+01   2.835787E+01
   8.364280E+01   2.836077E+01
   8.363998E+01   2.836127E+01
   8.363810E+01   2.836320E+01
   8.363592E+01   2.836567E+01
   8.363340E+01   2.836727E+01
   8.363079E+01   2.837099E+01
   8.362879E+01   2.837474E+01
   8.362814E+01   2.837663E+01
   8.362184E+01   2.838163E+01
   8.361231E+01   2.838491E+01
   8.360318E+01   2.838863E+01
   8.359900E+01   2.839021E+01
   8.359634E+01   2.839185E+01
   8.358964E+01   2.838866E+01
   8.358674E+01   2.838427E+01
   8.358049E+01   2.838000E+01
   8.357578E+01   2.837739E+01
   8.356979E+01   2.837480E+01
   8.356945E+01   2.837158E+01
   8.356687E+01   2.836378E+01
   8.356531E+01   2.835697E+01
   8.356882E+01   2.834867E+01
   8.356888E+01   2.834013E+01
   8.358031E+01   2.833089E+01
   8.358771E+01   2.832439E+01
   8.359192E+01   2.831843E+01
   8.359929E+01   2.831110E+01
   8.360027E+01   2.830396E+01
   8.360108E+01   2.829927E+01
   8.359874E+01   2.829899E+01
   8.359347E+01   2.830096E+01
   8.359136E+01   2.830228E+01
   8.358822E+01   2.830652E+01
   8.358671E+01   2.830854E+01
   8.358273E+01   2.831046E+01
   8.358012E+01   2.831121E+01
   8.357306E+01   2.831322E+01
   8.356952E+01   2.831462E+01
   8.356226E+01   2.831742E+01
   8.355799E+01   2.831648E+01
   8.355649E+01   2.831564E+01
   8.354892E+01   2.831398E+01
   8.353234E+01   2.830675E+01
   8.352986E+01   2.831285E+01
   8.352020E+01   2.831517E+01
   8.350884E+01   2.831737E+01
   8.349213E+01   2.832251E+01
   8.348870E+01   2.832107E+01
   8.348221E+01   2.832175E+01
   8.346274E+01   2.832425E+01
   8.345607E+01   2.832571E+01
   8.344154E+01   2.832930E+01
   8.343873E+01   2.833870E+01
   8.343395E+01   2.834040E+01
   8.342559E+01   2.834022E+01
   8.342275E+01   2.834552E+01
   8.341797E+01   2.835021E+01
   8.340610E+01   2.835760E+01
   8.339388E+01   2.835495E+01
   8.337782E+01   2.835537E+01
   8.336337E+01   2.837011E+01
   8.334104E+01   2.837098E+01
   8.333312E+01   2.836529E+01
   8.332509E+01   2.836453E+01
   8.332067E+01   2.835925E+01
   8.331320E+01   2.835695E+01
   8.329874E+01   2.835807E+01
   8.328905E+01   2.836425E+01
   8.328430E+01   2.836888E+01
   8.328252E+01   2.837214E+01
   8.328373E+01   2.838279E+01
   8.328205E+01   2.839257E+01
   8.328995E+01   2.839775E+01
   8.329214E+01   2.840979E+01
   8.329663E+01   2.841662E+01
   8.328944E+01   2.842247E+01
   8.328210E+01   2.843000E+01
   8.327992E+01   2.843342E+01
   8.327464E+01   2.843020E+01
   8.327297E+01   2.844167E+01
   8.329051E+01   2.844818E+01
   8.329766E+01   2.845529E+01
   8.329959E+01   2.846136E+01
   8.328395E+01   2.847519E+01
   8.327857E+01   2.848645E+01
   8.326533E+01   2.849166E+01
   8.324668E+01   2.850245E+01
   8.323359E+01   2.850829E+01
   8.321265E+01   2.851123E+01
   8.320741E+01   2.850541E+01
   8.319527E+01   2.850029E+01
   8.318311E+01   2.849750E+01
   8.316712E+01   2.849287E+01
   8.316140E+01   2.849552E+01
   8.315071E+01   2.849626E+01
   8.314273E+01   2.849649E+01
   8.313006E+01   2.849556E+01
   8.312995E+01   2.850730E+01
   8.312818E+01   2.851577E+01
   8.312584E+01   2.851954E+01
   8.312473E+01   2.852942E+01
   8.311227E+01   2.853660E+01
   8.310295E+01   2.855086E+01
   8.309990E+01   2.855559E+01
   8.310007E+01   2.856457E+01
   8.310482E+01   2.857120E+01
   8.310832E+01   2.857601E+01
   8.310810E+01   2.858681E+01
   8.310564E+01   2.859358E+01
   8.310484E+01   2.859665E+01
   8.310406E+01   2.860336E+01
   8.310482E+01   2.861553E+01
   8.310664E+01   2.862948E+01
   8.311422E+01   2.863046E+01
   8.311624E+01   2.863683E+01
   8.312325E+01   2.866208E+01
   8.312228E+01   2.867681E+01
   8.313838E+01   2.867519E+01
   8.314255E+01   2.868953E+01
   8.315020E+01   2.869596E+01
   8.315114E+01   2.870839E+01
   8.314630E+01   2.872128E+01
   8.315946E+01   2.874733E+01
   8.319994E+01   2.873559E+01
   8.321798E+01   2.873511E+01
   8.323427E+01   2.874023E+01
   8.324526E+01   2.873174E+01
   8.326433E+01   2.872610E+01
   8.328111E+01   2.872575E+01
   8.329907E+01   2.873248E+01
   8.332059E+01   2.873683E+01
   8.333406E+01   2.873808E+01
   8.335057E+01   2.873626E+01
   8.336244E+01   2.873547E+01
   8.338191E+01   2.875631E+01
   8.341079E+01   2.876062E+01
   8.344639E+01   2.876913E+01
   8.346543E+01   2.878057E+01
   8.348248E+01   2.878172E+01
   8.349526E+01   2.879033E+01
   8.350639E+01   2.878881E+01
   8.351679E+01   2.878568E+01
   8.353133E+01   2.878176E+01
   8.355322E+01   2.877147E+01
   8.355671E+01   2.875252E+01
   8.354207E+01   2.872328E+01
   8.353614E+01   2.870407E+01
   8.352616E+01   2.868743E+01
   8.353475E+01   2.867886E+01
   8.353998E+01   2.867239E+01
   8.354380E+01   2.865555E+01
   8.356092E+01   2.864196E+01
   8.356401E+01   2.862880E+01
   8.356231E+01   2.861292E+01
   8.357064E+01   2.859784E+01
   8.357968E+01   2.858367E+01
   8.360667E+01   2.858488E+01
   8.362200E+01   2.857541E+01
   8.364324E+01   2.857224E+01
   8.364169E+01   2.857053E+01
   8.363910E+01   2.856909E+01
   8.363803E+01   2.856775E+01
   8.363754E+01   2.856651E+01
   8.364358E+01   2.856506E+01
   8.365739E+01   2.856450E+01
   8.366587E+01   2.857276E+01
   8.367589E+01   2.858452E+01
   8.368167E+01   2.859731E+01
   8.368322E+01   2.860602E+01
   8.368651E+01   2.861380E+01
   8.369914E+01   2.861986E+01
   8.370469E+01   2.863265E+01
   8.371305E+01   2.864417E+01
   8.372490E+01   2.865437E+01
   8.372616E+01   2.865918E+01
   8.373547E+01   2.867282E+01
   8.374137E+01   2.868647E+01
   8.375536E+01   2.868847E+01
   8.376602E+01   2.868667E+01
   8.378292E+01   2.869090E+01
   8.379297E+01   2.869014E+01
   8.381583E+01   2.867790E+01
   8.383578E+01   2.866528E+01
   8.384869E+01   2.865412E+01
   8.385540E+01   2.864313E+01
   8.386391E+01   2.862500E+01
   8.386503E+01   2.861189E+01
   8.386008E+01   2.861012E+01
   8.384872E+01   2.860395E+01
   8.384346E+01   2.860485E+01
   8.382679E+01   2.859625E+01
   8.381084E+01   2.859121E+01
   8.380494E+01   2.858523E+01
   8.380126E+01   2.857978E+01
   8.380378E+01   2.857207E+01
   8.381677E+01   2.855005E+01
   8.382637E+01   2.853814E+01
   8.381955E+01   2.852747E+01
   8.378441E+01   2.849800E+01
   8.375982E+01   2.847677E+01
   8.375329E+01   2.846856E+01
   8.375228E+01   2.845616E+01
   8.373976E+01   2.844264E+01
   8.373619E+01   2.843107E+01
   8.373171E+01   2.842108E+01
   8.373801E+01   2.841014E+01
   8.375291E+01   2.840404E+01
   8.376191E+01   2.839910E+01
