   8.492383E+01   2.812026E+01
   8.492303E+01   2.811922E+01
   8.492202E+01   2.811760E+01
   8.492037E+01   2.811590E+01
   8.491996E+01   2.811497E+01
   8.492093E+01   2.811120E+01
   8.492126E+01   2.810913E+01
   8.492136E+01   2.810833E+01
   8.492143E+01   2.810672E+01
   8.492037E+01   2.810545E+01
   8.491918E+01   2.810486E+01
   8.491748E+01   2.810335E+01
   8.491581E+01   2.810279E+01
   8.491432E+01   2.810291E+01
   8.491275E+01   2.810318E+01
   8.491145E+01   2.810385E+01
   8.490920E+01   2.810474E+01
   8.490678E+01   2.810494E+01
   8.490436E+01   2.810533E+01
   8.490142E+01   2.810606E+01
   8.490029E+01   2.810681E+01
   8.489570E+01   2.810339E+01
   8.489443E+01   2.810222E+01
   8.489261E+01   2.810048E+01
   8.489209E+01   2.810032E+01
   8.488907E+01   2.810354E+01
   8.488738E+01   2.810424E+01
   8.488581E+01   2.810514E+01
   8.488515E+01   2.810609E+01
   8.488482E+01   2.810762E+01
   8.488397E+01   2.810964E+01
   8.488261E+01   2.811111E+01
   8.488086E+01   2.811289E+01
   8.487917E+01   2.811344E+01
   8.487734E+01   2.811438E+01
   8.487387E+01   2.811617E+01
   8.487266E+01   2.811685E+01
   8.487134E+01   2.811779E+01
   8.487077E+01   2.811885E+01
   8.486975E+01   2.812025E+01
   8.486733E+01   2.812065E+01
   8.486509E+01   2.812104E+01
   8.486219E+01   2.812169E+01
   8.485996E+01   2.812113E+01
   8.485907E+01   2.812031E+01
   8.485755E+01   2.812117E+01
   8.485520E+01   2.812252E+01
   8.485383E+01   2.812205E+01
   8.485082E+01   2.811963E+01
   8.484784E+01   2.811780E+01
   8.484360E+01   2.811644E+01
   8.484199E+01   2.811470E+01
   8.484228E+01   2.811287E+01
   8.484232E+01   2.811084E+01
   8.484003E+01   2.810882E+01
   8.483805E+01   2.810661E+01
   8.483701E+01   2.810427E+01
   8.483766E+01   2.810156E+01
   8.483718E+01   2.809925E+01
   8.483691E+01   2.809555E+01
   8.483297E+01   2.809125E+01
   8.483159E+01   2.808513E+01
   8.482775E+01   2.807515E+01
   8.482345E+01   2.806537E+01
   8.482142E+01   2.806401E+01
   8.482070E+01   2.806304E+01
   8.482079E+01   2.806052E+01
   8.482111E+01   2.805918E+01
   8.482076E+01   2.805700E+01
   8.481856E+01   2.805479E+01
   8.481820E+01   2.805287E+01
   8.481438E+01   2.804558E+01
   8.481012E+01   2.803958E+01
   8.480935E+01   2.803449E+01
   8.481310E+01   2.803044E+01
   8.481184E+01   2.802572E+01
   8.481280E+01   2.802151E+01
   8.481320E+01   2.800973E+01
   8.480833E+01   2.800215E+01
   8.480417E+01   2.800085E+01
   8.479975E+01   2.800117E+01
   8.479635E+01   2.800146E+01
   8.479393E+01   2.799778E+01
   8.478845E+01   2.799319E+01
   8.478555E+01   2.798756E+01
   8.478188E+01   2.798246E+01
   8.477775E+01   2.797857E+01
   8.477448E+01   2.797716E+01
   8.477147E+01   2.797634E+01
   8.477528E+01   2.797198E+01
   8.476502E+01   2.796782E+01
   8.474573E+01   2.796030E+01
   8.474082E+01   2.794834E+01
   8.473935E+01   2.793633E+01
   8.473613E+01   2.793083E+01
   8.473208E+01   2.792665E+01
   8.473356E+01   2.792465E+01
   8.473505E+01   2.791514E+01
   8.473476E+01   2.790276E+01
   8.473569E+01   2.789332E+01
   8.474967E+01   2.788592E+01
   8.474596E+01   2.787967E+01
   8.475573E+01   2.786940E+01
   8.475487E+01   2.786675E+01
   8.475971E+01   2.785974E+01
   8.476577E+01   2.785810E+01
   8.476739E+01   2.785252E+01
   8.476822E+01   2.784663E+01
   8.476765E+01   2.784367E+01
   8.477048E+01   2.783936E+01
   8.477328E+01   2.783793E+01
   8.477599E+01   2.783508E+01
   8.477342E+01   2.782613E+01
   8.478292E+01   2.781368E+01
   8.477182E+01   2.780967E+01
   8.476529E+01   2.781860E+01
   8.475599E+01   2.780810E+01
   8.474417E+01   2.780416E+01
   8.473713E+01   2.779912E+01
   8.472233E+01   2.780116E+01
   8.471144E+01   2.780068E+01
   8.470444E+01   2.780741E+01
   8.469241E+01   2.780969E+01
   8.468413E+01   2.781069E+01
   8.466769E+01   2.782179E+01
   8.466144E+01   2.782851E+01
   8.466367E+01   2.783901E+01
   8.466263E+01   2.784333E+01
   8.466001E+01   2.784996E+01
   8.465777E+01   2.785157E+01
   8.464956E+01   2.785268E+01
   8.464717E+01   2.785565E+01
   8.464968E+01   2.785849E+01
   8.464501E+01   2.786082E+01
   8.463276E+01   2.786952E+01
   8.462777E+01   2.787515E+01
   8.462225E+01   2.788061E+01
   8.461395E+01   2.787644E+01
   8.460519E+01   2.787201E+01
   8.459794E+01   2.787606E+01
   8.458989E+01   2.787995E+01
   8.458390E+01   2.787602E+01
   8.457650E+01   2.786920E+01
   8.457367E+01   2.786174E+01
   8.455890E+01   2.785866E+01
   8.455116E+01   2.786120E+01
   8.454954E+01   2.786633E+01
   8.455083E+01   2.787099E+01
   8.454028E+01   2.787676E+01
   8.454037E+01   2.788579E+01
   8.454100E+01   2.789990E+01
   8.454235E+01   2.790288E+01
   8.454542E+01   2.790523E+01
   8.454001E+01   2.790715E+01
   8.453994E+01   2.791155E+01
   8.453826E+01   2.791769E+01
   8.453406E+01   2.791373E+01
   8.452309E+01   2.791554E+01
   8.451778E+01   2.791273E+01
   8.451407E+01   2.791717E+01
   8.451132E+01   2.791514E+01
   8.450440E+01   2.791523E+01
   8.449993E+01   2.791749E+01
   8.449527E+01   2.792759E+01
   8.448175E+01   2.792977E+01
   8.447331E+01   2.793640E+01
   8.446356E+01   2.794397E+01
   8.445789E+01   2.794241E+01
   8.445209E+01   2.794991E+01
   8.444735E+01   2.794900E+01
   8.443972E+01   2.794863E+01
   8.443052E+01   2.795061E+01
   8.442283E+01   2.795590E+01
   8.442058E+01   2.795805E+01
   8.442217E+01   2.796419E+01
   8.441869E+01   2.796920E+01
   8.442102E+01   2.797567E+01
   8.442085E+01   2.797827E+01
   8.442721E+01   2.798571E+01
   8.443616E+01   2.798864E+01
   8.443952E+01   2.799014E+01
   8.444122E+01   2.799232E+01
   8.445248E+01   2.800130E+01
   8.445507E+01   2.800391E+01
   8.445719E+01   2.800528E+01
   8.445912E+01   2.801138E+01
   8.445933E+01   2.802011E+01
   8.445954E+01   2.802305E+01
   8.446413E+01   2.802810E+01
   8.446152E+01   2.803199E+01
   8.446149E+01   2.803784E+01
   8.446595E+01   2.804172E+01
   8.446782E+01   2.804835E+01
   8.447266E+01   2.805102E+01
   8.447531E+01   2.805519E+01
   8.448121E+01   2.805566E+01
   8.448713E+01   2.806266E+01
   8.448688E+01   2.806982E+01
   8.448348E+01   2.807668E+01
   8.449239E+01   2.807677E+01
   8.448844E+01   2.808102E+01
   8.448844E+01   2.808345E+01
   8.449147E+01   2.808562E+01
   8.449365E+01   2.808677E+01
   8.449590E+01   2.808639E+01
   8.449762E+01   2.808535E+01
   8.450136E+01   2.808678E+01
   8.450558E+01   2.808715E+01
   8.451142E+01   2.808826E+01
   8.451285E+01   2.808783E+01
   8.451639E+01   2.808986E+01
   8.451809E+01   2.809194E+01
   8.451894E+01   2.809408E+01
   8.452066E+01   2.809506E+01
   8.452386E+01   2.809535E+01
   8.452765E+01   2.809711E+01
   8.453033E+01   2.809914E+01
   8.453495E+01   2.810082E+01
   8.453680E+01   2.810025E+01
   8.453926E+01   2.809933E+01
   8.454116E+01   2.810025E+01
   8.454313E+01   2.810214E+01
   8.454646E+01   2.810521E+01
   8.455021E+01   2.810816E+01
   8.455110E+01   2.811054E+01
   8.454927E+01   2.811160E+01
   8.454954E+01   2.811319E+01
   8.455086E+01   2.811497E+01
   8.455405E+01   2.811598E+01
   8.455418E+01   2.811805E+01
   8.455405E+01   2.811924E+01
   8.455236E+01   2.811975E+01
   8.455191E+01   2.812005E+01
   8.455230E+01   2.812054E+01
   8.455499E+01   2.812097E+01
   8.455571E+01   2.812139E+01
   8.455531E+01   2.812256E+01
   8.455594E+01   2.812366E+01
   8.455625E+01   2.812494E+01
   8.455766E+01   2.812509E+01
   8.455894E+01   2.812486E+01
   8.455881E+01   2.812580E+01
   8.455993E+01   2.812728E+01
   8.456301E+01   2.812824E+01
   8.456523E+01   2.812771E+01
   8.456665E+01   2.812853E+01
   8.456839E+01   2.812826E+01
   8.457040E+01   2.812847E+01
   8.457022E+01   2.812979E+01
   8.457025E+01   2.813075E+01
   8.457208E+01   2.813051E+01
   8.457395E+01   2.813048E+01
   8.457457E+01   2.813219E+01
   8.457499E+01   2.813279E+01
   8.457570E+01   2.813292E+01
   8.457594E+01   2.813319E+01
   8.457471E+01   2.813413E+01
   8.457569E+01   2.813503E+01
   8.457683E+01   2.813653E+01
   8.457612E+01   2.813820E+01
   8.457824E+01   2.813895E+01
   8.457996E+01   2.814042E+01
   8.458330E+01   2.814090E+01
   8.458524E+01   2.814225E+01
   8.458620E+01   2.814282E+01
   8.458734E+01   2.814366E+01
   8.458603E+01   2.814503E+01
   8.458543E+01   2.814597E+01
   8.458692E+01   2.814665E+01
   8.458857E+01   2.814684E+01
   8.458990E+01   2.814860E+01
   8.459310E+01   2.814839E+01
   8.459547E+01   2.814925E+01
   8.459585E+01   2.815047E+01
   8.459669E+01   2.815108E+01
   8.459872E+01   2.815132E+01
   8.460123E+01   2.815223E+01
   8.460150E+01   2.815398E+01
   8.460228E+01   2.815562E+01
   8.460639E+01   2.815716E+01
   8.460940E+01   2.815999E+01
   8.461010E+01   2.816512E+01
   8.461348E+01   2.817070E+01
   8.461597E+01   2.817513E+01
   8.461823E+01   2.817903E+01
   8.462318E+01   2.818420E+01
   8.463418E+01   2.819234E+01
   8.463547E+01   2.819796E+01
   8.463750E+01   2.821040E+01
   8.463408E+01   2.822328E+01
   8.464723E+01   2.825188E+01
   8.464646E+01   2.828209E+01
   8.465479E+01   2.831237E+01
   8.466363E+01   2.832108E+01
   8.466794E+01   2.833423E+01
   8.468406E+01   2.834972E+01
   8.468418E+01   2.837093E+01
   8.467553E+01   2.838648E+01
   8.466458E+01   2.840309E+01
   8.464677E+01   2.841896E+01
   8.463784E+01   2.843762E+01
   8.463104E+01   2.844380E+01
   8.462080E+01   2.844900E+01
   8.461060E+01   2.844808E+01
   8.459583E+01   2.845990E+01
   8.458185E+01   2.847386E+01
   8.456577E+01   2.848394E+01
   8.456597E+01   2.849438E+01
   8.456631E+01   2.851971E+01
   8.455985E+01   2.854698E+01
   8.454862E+01   2.857264E+01
   8.453676E+01   2.863200E+01
   8.453127E+01   2.864703E+01
   8.451872E+01   2.865284E+01
   8.451297E+01   2.867591E+01
   8.452063E+01   2.869517E+01
   8.449081E+01   2.870984E+01
   8.448445E+01   2.872369E+01
   8.449888E+01   2.874144E+01
   8.450962E+01   2.874522E+01
   8.452369E+01   2.874340E+01
   8.453110E+01   2.874401E+01
   8.453806E+01   2.874340E+01
   8.454502E+01   2.874643E+01
   8.455243E+01   2.875097E+01
   8.455787E+01   2.874597E+01
   8.456574E+01   2.874204E+01
   8.457451E+01   2.873539E+01
   8.459100E+01   2.873675E+01
   8.459796E+01   2.873539E+01
   8.460522E+01   2.873342E+01
   8.461324E+01   2.873629E+01
   8.462110E+01   2.873599E+01
   8.462776E+01   2.873327E+01
   8.463109E+01   2.873206E+01
   8.463593E+01   2.873039E+01
   8.464289E+01   2.872555E+01
   8.464742E+01   2.871905E+01
   8.465014E+01   2.871027E+01
   8.465317E+01   2.870014E+01
   8.466263E+01   2.869636E+01
   8.466516E+01   2.869434E+01
   8.466726E+01   2.869318E+01
   8.466812E+01   2.868783E+01
   8.466812E+01   2.868393E+01
   8.467275E+01   2.868097E+01
   8.467716E+01   2.867923E+01
   8.468316E+01   2.867880E+01
   8.468757E+01   2.867931E+01
   8.469176E+01   2.867699E+01
   8.469530E+01   2.867266E+01
   8.469899E+01   2.867135E+01
   8.470426E+01   2.867164E+01
   8.470115E+01   2.866268E+01
   8.469747E+01   2.865386E+01
   8.469848E+01   2.865105E+01
   8.470130E+01   2.864873E+01
   8.470079E+01   2.864534E+01
   8.469870E+01   2.864215E+01
   8.469588E+01   2.863630E+01
   8.469862E+01   2.863507E+01
   8.470318E+01   2.863449E+01
   8.470751E+01   2.863392E+01
   8.471431E+01   2.863240E+01
   8.471662E+01   2.863037E+01
   8.471922E+01   2.862878E+01
   8.472190E+01   2.862568E+01
   8.472493E+01   2.862040E+01
   8.473006E+01   2.862062E+01
   8.473361E+01   2.861780E+01
   8.473871E+01   2.861686E+01
   8.474551E+01   2.861860E+01
   8.475217E+01   2.861556E+01
   8.475955E+01   2.861382E+01
   8.476331E+01   2.861324E+01
   8.476751E+01   2.861078E+01
   8.477750E+01   2.861006E+01
   8.485782E+01   2.857272E+01
   8.486983E+01   2.858227E+01
   8.487678E+01   2.858053E+01
   8.488329E+01   2.858227E+01
   8.489125E+01   2.859008E+01
   8.490023E+01   2.859066E+01
   8.490240E+01   2.859385E+01
   8.490631E+01   2.858878E+01
   8.491904E+01   2.859457E+01
   8.492526E+01   2.859457E+01
   8.493626E+01   2.859472E+01
   8.494582E+01   2.859428E+01
   8.494854E+01   2.858230E+01
   8.495668E+01   2.858335E+01
   8.496315E+01   2.858625E+01
   8.496792E+01   2.858643E+01
   8.497215E+01   2.858722E+01
   8.497354E+01   2.858933E+01
   8.497686E+01   2.859030E+01
   8.498169E+01   2.859084E+01
   8.498465E+01   2.859253E+01
   8.498719E+01   2.859561E+01
   8.499269E+01   2.860063E+01
   8.498864E+01   2.860286E+01
   8.498622E+01   2.860467E+01
   8.498640E+01   2.860812E+01
   8.498761E+01   2.861102E+01
   8.499069E+01   2.861416E+01
   8.499468E+01   2.861802E+01
   8.499969E+01   2.862268E+01
   8.500120E+01   2.862551E+01
   8.500392E+01   2.863047E+01
   8.500731E+01   2.863409E+01
   8.501123E+01   2.863711E+01
   8.501534E+01   2.863899E+01
   8.501945E+01   2.864297E+01
   8.502205E+01   2.864793E+01
   8.502658E+01   2.865119E+01
   8.502948E+01   2.865584E+01
   8.503636E+01   2.865723E+01
   8.504089E+01   2.865916E+01
   8.504186E+01   2.866581E+01
   8.504415E+01   2.866937E+01
   8.505237E+01   2.867028E+01
   8.505382E+01   2.867589E+01
   8.505406E+01   2.867988E+01
   8.505817E+01   2.868248E+01
   8.506065E+01   2.868169E+01
   8.506409E+01   2.868030E+01
   8.506892E+01   2.867982E+01
   8.507303E+01   2.867734E+01
   8.507822E+01   2.867269E+01
   8.508439E+01   2.867167E+01
   8.508952E+01   2.867269E+01
   8.509242E+01   2.867698E+01
   8.509647E+01   2.867898E+01
   8.510197E+01   2.868175E+01
   8.511036E+01   2.868351E+01
   8.511483E+01   2.868695E+01
   8.511906E+01   2.868429E+01
   8.512371E+01   2.868151E+01
   8.512661E+01   2.867958E+01
   8.512927E+01   2.867843E+01
   8.513253E+01   2.867487E+01
   8.513446E+01   2.867160E+01
   8.513839E+01   2.866611E+01
   8.514075E+01   2.866472E+01
   8.514443E+01   2.866121E+01
   8.514413E+01   2.865686E+01
   8.514830E+01   2.865433E+01
   8.515108E+01   2.865119E+01
   8.515452E+01   2.864925E+01
   8.515597E+01   2.864635E+01
   8.515772E+01   2.864358E+01
   8.516310E+01   2.864279E+01
   8.516612E+01   2.864388E+01
   8.517053E+01   2.864418E+01
   8.517506E+01   2.864539E+01
   8.517923E+01   2.864539E+01
   8.518182E+01   2.864454E+01
   8.518406E+01   2.864279E+01
   8.518811E+01   2.864122E+01
   8.518678E+01   2.863753E+01
   8.518502E+01   2.863204E+01
   8.518696E+01   2.863101E+01
   8.519094E+01   2.863047E+01
   8.519366E+01   2.863009E+01
   8.519590E+01   2.862841E+01
   8.519753E+01   2.862588E+01
   8.519717E+01   2.862255E+01
   8.519699E+01   2.862038E+01
   8.519457E+01   2.861706E+01
   8.519155E+01   2.861096E+01
   8.518903E+01   2.860580E+01
   8.518643E+01   2.860407E+01
   8.518049E+01   2.860030E+01
   8.517412E+01   2.859524E+01
   8.517687E+01   2.859104E+01
   8.518078E+01   2.858829E+01
   8.518122E+01   2.858048E+01
   8.518382E+01   2.857599E+01
   8.518845E+01   2.857165E+01
   8.518758E+01   2.856383E+01
   8.518585E+01   2.856065E+01
   8.518831E+01   2.854603E+01
   8.518686E+01   2.853793E+01
   8.517586E+01   2.853228E+01
   8.516530E+01   2.852722E+01
   8.516312E+01   2.851940E+01
   8.515734E+01   2.850406E+01
   8.515227E+01   2.849045E+01
   8.514720E+01   2.848756E+01
   8.512911E+01   2.848770E+01
   8.512405E+01   2.848901E+01
   8.511797E+01   2.848539E+01
   8.511377E+01   2.847974E+01
   8.511203E+01   2.847149E+01
   8.510928E+01   2.846672E+01
   8.510205E+01   2.845992E+01
   8.510234E+01   2.844877E+01
   8.511305E+01   2.844429E+01
   8.511392E+01   2.844096E+01
   8.511319E+01   2.843358E+01
   8.511551E+01   2.842315E+01
   8.511739E+01   2.841708E+01
   8.511638E+01   2.840969E+01
   8.512607E+01   2.839754E+01
   8.512246E+01   2.838466E+01
   8.512289E+01   2.837496E+01
   8.511840E+01   2.837192E+01
   8.511507E+01   2.836830E+01
   8.510871E+01   2.834833E+01
   8.510827E+01   2.834636E+01
   8.506486E+01   2.833970E+01
   8.502808E+01   2.826267E+01
   8.501311E+01   2.825739E+01
   8.500001E+01   2.824639E+01
   8.499133E+01   2.824414E+01
   8.497761E+01   2.822732E+01
   8.496647E+01   2.821842E+01
   8.496162E+01   2.821279E+01
   8.497013E+01   2.819769E+01
   8.497064E+01   2.818740E+01
   8.496458E+01   2.817399E+01
   8.496039E+01   2.816072E+01
   8.495715E+01   2.814709E+01
   8.495563E+01   2.814126E+01
   8.495825E+01   2.813377E+01
   8.495650E+01   2.812688E+01
   8.494230E+01   2.812173E+01
   8.493128E+01   2.812405E+01
