   8.373171E+01   2.842108E+01
   8.373801E+01   2.841014E+01
   8.375291E+01   2.840404E+01
   8.376191E+01   2.839910E+01
   8.375694E+01   2.839309E+01
   8.375397E+01   2.839366E+01
   8.375004E+01   2.839457E+01
   8.374845E+01   2.839399E+01
   8.374574E+01   2.839456E+01
   8.374292E+01   2.839453E+01
   8.373968E+01   2.839470E+01
   8.373645E+01   2.839467E+01
   8.373087E+01   2.839603E+01
   8.372485E+01   2.839570E+01
   8.371334E+01   2.839512E+01
   8.370425E+01   2.839963E+01
   8.370129E+01   2.839585E+01
   8.370421E+01   2.839085E+01
   8.370940E+01   2.838371E+01
   8.371490E+01   2.837865E+01
   8.371734E+01   2.837764E+01
   8.372013E+01   2.837650E+01
   8.372055E+01   2.837301E+01
   8.371826E+01   2.836882E+01
   8.371998E+01   2.836418E+01
   8.372271E+01   2.835894E+01
   8.372540E+01   2.835869E+01
   8.372705E+01   2.835611E+01
   8.372782E+01   2.834806E+01
   8.373432E+01   2.834536E+01
   8.373898E+01   2.834125E+01
   8.373881E+01   2.833816E+01
   8.374079E+01   2.833479E+01
   8.374234E+01   2.833209E+01
   8.374520E+01   2.832919E+01
   8.374746E+01   2.832698E+01
   8.374987E+01   2.832552E+01
   8.375364E+01   2.832422E+01
   8.375626E+01   2.832312E+01
   8.375832E+01   2.832146E+01
   8.375867E+01   2.831927E+01
   8.376063E+01   2.831705E+01
   8.376233E+01   2.831541E+01
   8.376429E+01   2.831445E+01
   8.376593E+01   2.831335E+01
   8.376734E+01   2.831255E+01
   8.377003E+01   2.831167E+01
   8.377259E+01   2.831101E+01
   8.377450E+01   2.830914E+01
   8.377124E+01   2.830631E+01
   8.376939E+01   2.830361E+01
   8.376766E+01   2.830034E+01
   8.376485E+01   2.829700E+01
   8.376286E+01   2.829589E+01
   8.376135E+01   2.829259E+01
   8.376621E+01   2.828977E+01
   8.377441E+01   2.828254E+01
   8.376683E+01   2.827473E+01
   8.376825E+01   2.827258E+01
   8.377039E+01   2.827118E+01
   8.377276E+01   2.826938E+01
   8.377639E+01   2.826803E+01
   8.377785E+01   2.827073E+01
   8.378188E+01   2.826834E+01
   8.379229E+01   2.826310E+01
   8.380115E+01   2.826068E+01
   8.380827E+01   2.826146E+01
   8.381121E+01   2.826154E+01
   8.381714E+01   2.826016E+01
   8.382224E+01   2.825664E+01
   8.380388E+01   2.823473E+01
   8.379983E+01   2.822769E+01
   8.380960E+01   2.821957E+01
   8.382814E+01   2.821449E+01
   8.383562E+01   2.821334E+01
   8.384094E+01   2.820972E+01
   8.384500E+01   2.820407E+01
   8.384770E+01   2.819941E+01
   8.386024E+01   2.819602E+01
   8.386894E+01   2.819704E+01
   8.387650E+01   2.819297E+01
   8.388636E+01   2.819444E+01
   8.389460E+01   2.819211E+01
   8.390057E+01   2.818596E+01
   8.390468E+01   2.817749E+01
   8.391528E+01   2.817198E+01
   8.392121E+01   2.816926E+01
   8.392467E+01   2.816731E+01
   8.392400E+01   2.815842E+01
   8.392332E+01   2.815322E+01
   8.392785E+01   2.814798E+01
   8.393410E+01   2.814407E+01
   8.394220E+01   2.814200E+01
   8.395379E+01   2.814197E+01
   8.395433E+01   2.813951E+01
   8.396007E+01   2.814114E+01
   8.396132E+01   2.813898E+01
   8.396504E+01   2.814128E+01
   8.396887E+01   2.814358E+01
   8.396953E+01   2.814251E+01
   8.397129E+01   2.814203E+01
   8.397351E+01   2.814228E+01
   8.397922E+01   2.814348E+01
   8.397997E+01   2.814127E+01
   8.398159E+01   2.814028E+01
   8.398301E+01   2.813902E+01
   8.398542E+01   2.813869E+01
   8.398656E+01   2.813693E+01
   8.398955E+01   2.813741E+01
   8.399086E+01   2.813632E+01
   8.399016E+01   2.813541E+01
   8.399073E+01   2.813509E+01
   8.399243E+01   2.813560E+01
   8.399414E+01   2.813448E+01
   8.399520E+01   2.813329E+01
   8.399705E+01   2.813395E+01
   8.399687E+01   2.813305E+01
   8.399868E+01   2.813285E+01
   8.400038E+01   2.813101E+01
   8.400205E+01   2.813130E+01
   8.400270E+01   2.813013E+01
   8.400157E+01   2.812930E+01
   8.400003E+01   2.812783E+01
   8.399864E+01   2.812617E+01
   8.399955E+01   2.812482E+01
   8.399888E+01   2.812184E+01
   8.400091E+01   2.811973E+01
   8.400216E+01   2.811804E+01
   8.400382E+01   2.811736E+01
   8.400400E+01   2.811681E+01
   8.400564E+01   2.811539E+01
   8.400670E+01   2.811371E+01
   8.400833E+01   2.811181E+01
   8.400972E+01   2.810941E+01
   8.401298E+01   2.810995E+01
   8.401370E+01   2.810816E+01
   8.401326E+01   2.810702E+01
   8.401278E+01   2.810540E+01
   8.401608E+01   2.810515E+01
   8.401841E+01   2.810423E+01
   8.402187E+01   2.810506E+01
   8.402536E+01   2.810533E+01
   8.402774E+01   2.810472E+01
   8.402852E+01   2.810346E+01
   8.402679E+01   2.810127E+01
   8.402580E+01   2.809872E+01
   8.402695E+01   2.809697E+01
   8.402791E+01   2.809555E+01
   8.402910E+01   2.809623E+01
   8.402834E+01   2.809690E+01
   8.402744E+01   2.809868E+01
   8.402972E+01   2.810020E+01
   8.403526E+01   2.809699E+01
   8.404108E+01   2.809497E+01
   8.403871E+01   2.809205E+01
   8.403776E+01   2.809152E+01
   8.404350E+01   2.808991E+01
   8.404378E+01   2.808835E+01
   8.404711E+01   2.808537E+01
   8.405087E+01   2.808379E+01
   8.405554E+01   2.808871E+01
   8.406064E+01   2.808656E+01
   8.406670E+01   2.808119E+01
   8.407087E+01   2.807885E+01
   8.407577E+01   2.808655E+01
   8.407878E+01   2.809134E+01
   8.408872E+01   2.809860E+01
   8.410099E+01   2.810835E+01
   8.411153E+01   2.810749E+01
   8.412070E+01   2.810597E+01
   8.413213E+01   2.810415E+01
   8.414426E+01   2.810639E+01
   8.415073E+01   2.810293E+01
   8.415510E+01   2.810015E+01
   8.416301E+01   2.809943E+01
   8.417060E+01   2.809978E+01
   8.417965E+01   2.810108E+01
   8.418302E+01   2.809578E+01
   8.419429E+01   2.809517E+01
   8.420678E+01   2.809470E+01
   8.421349E+01   2.809566E+01
   8.421971E+01   2.809984E+01
   8.422559E+01   2.809815E+01
   8.422829E+01   2.809839E+01
   8.422870E+01   2.810320E+01
   8.422426E+01   2.811153E+01
   8.421858E+01   2.812243E+01
   8.422360E+01   2.813559E+01
   8.422696E+01   2.814322E+01
   8.422064E+01   2.815135E+01
   8.421859E+01   2.815903E+01
   8.421849E+01   2.818024E+01
   8.419432E+01   2.818825E+01
   8.418983E+01   2.819574E+01
   8.420390E+01   2.820211E+01
   8.420989E+01   2.821368E+01
   8.420962E+01   2.821961E+01
   8.421271E+01   2.822894E+01
   8.421182E+01   2.823335E+01
   8.421438E+01   2.823962E+01
   8.421345E+01   2.825055E+01
   8.421084E+01   2.826367E+01
   8.419581E+01   2.827846E+01
   8.418710E+01   2.829623E+01
   8.419523E+01   2.830539E+01
   8.419739E+01   2.831943E+01
   8.420960E+01   2.834979E+01
   8.421788E+01   2.837722E+01
   8.422888E+01   2.841556E+01
   8.424531E+01   2.843751E+01
   8.426310E+01   2.845158E+01
   8.427848E+01   2.847096E+01
   8.426573E+01   2.848077E+01
   8.425605E+01   2.848023E+01
   8.424437E+01   2.848245E+01
   8.422705E+01   2.848056E+01
   8.421335E+01   2.848586E+01
   8.418760E+01   2.849765E+01
   8.417994E+01   2.850541E+01
   8.416337E+01   2.851187E+01
   8.412622E+01   2.853430E+01
   8.411521E+01   2.853760E+01
   8.409441E+01   2.853898E+01
   8.407452E+01   2.854513E+01
   8.404860E+01   2.856722E+01
   8.403234E+01   2.857144E+01
   8.401954E+01   2.857942E+01
   8.398548E+01   2.858745E+01
   8.396336E+01   2.860540E+01
   8.393629E+01   2.860160E+01
   8.392113E+01   2.860607E+01
   8.388661E+01   2.860725E+01
   8.387029E+01   2.861295E+01
   8.386139E+01   2.861018E+01
   8.385122E+01   2.860634E+01
   8.384513E+01   2.860501E+01
   8.383133E+01   2.859707E+01
   8.381384E+01   2.859298E+01
   8.380694E+01   2.858772E+01
   8.380151E+01   2.858164E+01
   8.380206E+01   2.857529E+01
   8.380782E+01   2.855877E+01
   8.382679E+01   2.854160E+01
   8.382295E+01   2.853081E+01
   8.380457E+01   2.851927E+01
   8.376486E+01   2.847921E+01
   8.375167E+01   2.847181E+01
   8.375389E+01   2.846159E+01
   8.374367E+01   2.844653E+01
   8.373694E+01   2.843451E+01
   8.373427E+01   2.842480E+01
