   8.146600E+01   2.965924E+01
   8.148700E+01   2.966651E+01
   8.149938E+01   2.967057E+01
   8.150746E+01   2.967594E+01
   8.151516E+01   2.968754E+01
   8.151564E+01   2.969666E+01
   8.151890E+01   2.970518E+01
   8.152147E+01   2.971348E+01
   8.151405E+01   2.972613E+01
   8.150782E+01   2.973905E+01
   8.151025E+01   2.974986E+01
   8.152439E+01   2.975234E+01
   8.154560E+01   2.975001E+01
   8.155254E+01   2.975489E+01
   8.156060E+01   2.976880E+01
   8.155453E+01   2.977902E+01
   8.155152E+01   2.978500E+01
   8.154833E+01   2.979360E+01
   8.155131E+01   2.980264E+01
   8.155713E+01   2.980839E+01
   8.155906E+01   2.982203E+01
   8.156165E+01   2.983266E+01
   8.156275E+01   2.984436E+01
   8.156030E+01   2.985350E+01
   8.155093E+01   2.986687E+01
   8.153545E+01   2.988217E+01
   8.152438E+01   2.988607E+01
   8.151614E+01   2.988610E+01
   8.150724E+01   2.989263E+01
   8.149180E+01   2.988532E+01
   8.145516E+01   2.989980E+01
   8.145923E+01   2.992776E+01
   8.146762E+01   2.995960E+01
   8.146275E+01   2.999550E+01
   8.144020E+01   3.000862E+01
   8.138593E+01   3.001336E+01
   8.137438E+01   3.000889E+01
   8.134013E+01   3.002013E+01
   8.131837E+01   3.002396E+01
   8.128746E+01   3.003595E+01
   8.128043E+01   3.004382E+01
   8.126363E+01   3.004277E+01
   8.125864E+01   3.003944E+01
   8.123837E+01   3.003203E+01
   8.124608E+01   3.002734E+01
   8.125380E+01   3.001781E+01
   8.124518E+01   3.001130E+01
   8.124178E+01   3.001245E+01
   8.123519E+01   3.001039E+01
   8.122491E+01   3.000797E+01
   8.121855E+01   3.000737E+01
   8.121417E+01   3.001282E+01
   8.121008E+01   3.001599E+01
   8.120600E+01   3.002219E+01
   8.119995E+01   3.002295E+01
   8.118997E+01   3.001735E+01
   8.118331E+01   3.001130E+01
   8.117726E+01   3.001539E+01
   8.116985E+01   3.001357E+01
   8.116652E+01   3.001160E+01
   8.114973E+01   3.001176E+01
   8.114640E+01   3.001539E+01
   8.113339E+01   3.001539E+01
   8.111751E+01   3.003384E+01
   8.110813E+01   3.004035E+01
   8.110011E+01   3.004730E+01
   8.108420E+01   3.005197E+01
   8.107864E+01   3.004552E+01
   8.106826E+01   3.004252E+01
   8.106279E+01   3.003416E+01
   8.105339E+01   3.002284E+01
   8.104423E+01   3.001706E+01
   8.103817E+01   3.001355E+01
   8.103730E+01   3.000777E+01
   8.103215E+01   2.999893E+01
   8.102132E+01   2.998339E+01
   8.101489E+01   2.998108E+01
   8.102021E+01   2.997462E+01
   8.101791E+01   2.996420E+01
   8.101565E+01   2.995207E+01
   8.101036E+01   2.994493E+01
   8.100505E+01   2.994002E+01
   8.100182E+01   2.993204E+01
   8.100986E+01   2.991861E+01
   8.101931E+01   2.991149E+01
   8.102467E+01   2.990912E+01
   8.102968E+01   2.989988E+01
   8.103108E+01   2.989212E+01
   8.103678E+01   2.987379E+01
   8.103643E+01   2.986705E+01
   8.103879E+01   2.985905E+01
   8.103894E+01   2.984379E+01
   8.105775E+01   2.982933E+01
   8.106988E+01   2.982881E+01
   8.106869E+01   2.980562E+01
   8.106622E+01   2.979518E+01
   8.106321E+01   2.978401E+01
   8.105962E+01   2.977210E+01
   8.105720E+01   2.975970E+01
   8.103825E+01   2.975277E+01
   8.102945E+01   2.974298E+01
   8.101996E+01   2.974756E+01
   8.099789E+01   2.974289E+01
   8.098688E+01   2.974069E+01
   8.098168E+01   2.973266E+01
   8.097604E+01   2.972674E+01
   8.097456E+01   2.972113E+01
   8.095354E+01   2.973056E+01
   8.094779E+01   2.973297E+01
   8.094276E+01   2.973533E+01
   8.093320E+01   2.973343E+01
   8.092726E+01   2.973006E+01
   8.091279E+01   2.972520E+01
   8.089625E+01   2.972139E+01
   8.086213E+01   2.970104E+01
   8.084342E+01   2.969267E+01
   8.082704E+01   2.968857E+01
   8.080939E+01   2.968248E+01
   8.079552E+01   2.968882E+01
   8.079240E+01   2.968265E+01
   8.079214E+01   2.967787E+01
   8.078828E+01   2.967775E+01
   8.078412E+01   2.968026E+01
   8.077945E+01   2.967628E+01
   8.077924E+01   2.967148E+01
   8.077883E+01   2.966815E+01
   8.077801E+01   2.966536E+01
   8.076914E+01   2.966798E+01
   8.076368E+01   2.965702E+01
   8.077160E+01   2.964243E+01
   8.078410E+01   2.964588E+01
   8.079101E+01   2.964116E+01
   8.078474E+01   2.963536E+01
   8.078214E+01   2.962897E+01
   8.078449E+01   2.961960E+01
   8.078692E+01   2.961461E+01
   8.078591E+01   2.960842E+01
   8.078604E+01   2.960006E+01
   8.077844E+01   2.958879E+01
   8.077853E+01   2.957844E+01
   8.078023E+01   2.957238E+01
   8.077641E+01   2.956777E+01
   8.077577E+01   2.956477E+01
   8.077677E+01   2.956228E+01
   8.077493E+01   2.955858E+01
   8.077214E+01   2.955295E+01
   8.075793E+01   2.955658E+01
   8.074982E+01   2.955702E+01
   8.074726E+01   2.955515E+01
   8.074848E+01   2.954364E+01
   8.074821E+01   2.953678E+01
   8.074805E+01   2.953270E+01
   8.074904E+01   2.953108E+01
   8.075235E+01   2.953059E+01
   8.075564E+01   2.952849E+01
   8.076209E+01   2.952725E+01
   8.076765E+01   2.952665E+01
   8.077571E+01   2.952455E+01
   8.078178E+01   2.952242E+01
   8.078103E+01   2.952057E+01
   8.078136E+01   2.951848E+01
   8.078522E+01   2.951319E+01
   8.078645E+01   2.950842E+01
   8.078862E+01   2.950590E+01
   8.079114E+01   2.950645E+01
   8.079556E+01   2.950834E+01
   8.080136E+01   2.951253E+01
   8.080465E+01   2.951550E+01
   8.080845E+01   2.951350E+01
   8.081181E+01   2.951428E+01
   8.081456E+01   2.951549E+01
   8.081737E+01   2.951466E+01
   8.081972E+01   2.951243E+01
   8.082295E+01   2.950635E+01
   8.082621E+01   2.950000E+01
   8.084237E+01   2.949175E+01
   8.084917E+01   2.948341E+01
   8.085350E+01   2.947676E+01
   8.085598E+01   2.947322E+01
   8.085661E+01   2.946846E+01
   8.086315E+01   2.946548E+01
   8.087425E+01   2.946490E+01
   8.087842E+01   2.945641E+01
   8.088462E+01   2.944707E+01
   8.088679E+01   2.944234E+01
   8.089024E+01   2.944345E+01
   8.089395E+01   2.944337E+01
   8.089694E+01   2.944441E+01
   8.090335E+01   2.944192E+01
   8.090993E+01   2.944266E+01
   8.091422E+01   2.943699E+01
   8.092653E+01   2.942586E+01
   8.093107E+01   2.941278E+01
   8.094610E+01   2.940011E+01
   8.099097E+01   2.940758E+01
   8.101309E+01   2.942103E+01
   8.102483E+01   2.941779E+01
   8.104793E+01   2.941250E+01
   8.106215E+01   2.940500E+01
   8.107632E+01   2.940560E+01
   8.108542E+01   2.940669E+01
   8.110423E+01   2.940417E+01
   8.111913E+01   2.939578E+01
   8.112548E+01   2.940315E+01
   8.113859E+01   2.939811E+01
   8.115532E+01   2.939564E+01
   8.117093E+01   2.941434E+01
   8.118696E+01   2.939778E+01
   8.119934E+01   2.939858E+01
   8.121877E+01   2.940571E+01
   8.122569E+01   2.941182E+01
   8.123203E+01   2.941061E+01
   8.124589E+01   2.941296E+01
   8.125333E+01   2.941881E+01
   8.125031E+01   2.942214E+01
   8.125895E+01   2.943080E+01
   8.127117E+01   2.943692E+01
   8.128360E+01   2.944341E+01
   8.129040E+01   2.944709E+01
   8.130261E+01   2.945489E+01
   8.130349E+01   2.946832E+01
   8.129233E+01   2.947189E+01
   8.130461E+01   2.947708E+01
   8.131313E+01   2.948217E+01
   8.131467E+01   2.949068E+01
   8.131834E+01   2.949230E+01
   8.132992E+01   2.949803E+01
   8.133691E+01   2.950311E+01
   8.134492E+01   2.951643E+01
   8.134979E+01   2.952645E+01
   8.135475E+01   2.953148E+01
   8.136714E+01   2.954481E+01
   8.137444E+01   2.955151E+01
   8.138842E+01   2.955631E+01
   8.140015E+01   2.955960E+01
   8.140049E+01   2.956833E+01
   8.140249E+01   2.958519E+01
   8.141726E+01   2.959584E+01
   8.142023E+01   2.961136E+01
   8.141767E+01   2.962444E+01
   8.142421E+01   2.963800E+01
   8.143214E+01   2.964517E+01
   8.144160E+01   2.964981E+01
   8.145229E+01   2.965145E+01
   8.146600E+01   2.965924E+01
