   8.371273E+01   2.806317E+01
   8.370859E+01   2.807560E+01
   8.370302E+01   2.809022E+01
   8.372011E+01   2.809156E+01
   8.372707E+01   2.810113E+01
   8.372488E+01   2.810532E+01
   8.371844E+01   2.810884E+01
   8.371171E+01   2.811437E+01
   8.370643E+01   2.811854E+01
   8.370840E+01   2.812669E+01
   8.370769E+01   2.812854E+01
   8.372313E+01   2.813994E+01
   8.373451E+01   2.814816E+01
   8.374524E+01   2.814799E+01
   8.375729E+01   2.814604E+01
   8.376429E+01   2.815293E+01
   8.376065E+01   2.816301E+01
   8.376130E+01   2.817444E+01
   8.376285E+01   2.819162E+01
   8.377140E+01   2.819818E+01
   8.377523E+01   2.819870E+01
   8.377774E+01   2.819977E+01
   8.377894E+01   2.819919E+01
   8.378010E+01   2.819787E+01
   8.378214E+01   2.819702E+01
   8.378369E+01   2.819783E+01
   8.378622E+01   2.819905E+01
   8.378718E+01   2.820270E+01
   8.379085E+01   2.820386E+01
   8.379273E+01   2.820528E+01
   8.379480E+01   2.820602E+01
   8.379821E+01   2.820888E+01
   8.380276E+01   2.821696E+01
   8.380597E+01   2.821895E+01
   8.380743E+01   2.822045E+01
   8.379872E+01   2.822866E+01
   8.380935E+01   2.824086E+01
   8.382051E+01   2.826056E+01
   8.381486E+01   2.826075E+01
   8.380985E+01   2.826106E+01
   8.380690E+01   2.826188E+01
   8.379896E+01   2.826224E+01
   8.378987E+01   2.826516E+01
   8.378073E+01   2.826960E+01
   8.377736E+01   2.826993E+01
   8.377594E+01   2.826813E+01
   8.377222E+01   2.826928E+01
   8.376972E+01   2.827157E+01
   8.376746E+01   2.827346E+01
   8.376665E+01   2.827537E+01
   8.377407E+01   2.828543E+01
   8.376452E+01   2.829159E+01
   8.376241E+01   2.829406E+01
   8.376410E+01   2.829638E+01
   8.376473E+01   2.829791E+01
   8.376809E+01   2.830094E+01
   8.377063E+01   2.830365E+01
   8.377237E+01   2.830652E+01
   8.377354E+01   2.830989E+01
   8.377206E+01   2.831138E+01
   8.376896E+01   2.831179E+01
   8.376693E+01   2.831287E+01
   8.376536E+01   2.831353E+01
   8.376380E+01   2.831510E+01
   8.376167E+01   2.831563E+01
   8.375948E+01   2.831776E+01
   8.375813E+01   2.831985E+01
   8.375779E+01   2.832169E+01
   8.375518E+01   2.832362E+01
   8.375220E+01   2.832492E+01
   8.374922E+01   2.832616E+01
   8.374660E+01   2.832769E+01
   8.374370E+01   2.833050E+01
   8.374162E+01   2.833341E+01
   8.374019E+01   2.833597E+01
   8.373935E+01   2.833934E+01
   8.373666E+01   2.834404E+01
   8.373195E+01   2.834630E+01
   8.372542E+01   2.834894E+01
   8.372636E+01   2.835666E+01
   8.372447E+01   2.835875E+01
   8.372213E+01   2.836084E+01
   8.371954E+01   2.836497E+01
   8.371884E+01   2.836950E+01
   8.372269E+01   2.837499E+01
   8.371743E+01   2.837605E+01
   8.371675E+01   2.837793E+01
   8.371360E+01   2.837993E+01
   8.370470E+01   2.838677E+01
   8.370376E+01   2.839254E+01
   8.370044E+01   2.839770E+01
   8.369201E+01   2.839761E+01
   8.368378E+01   2.838978E+01
   8.367853E+01   2.837124E+01
   8.367311E+01   2.836241E+01
   8.366540E+01   2.835109E+01
   8.365777E+01   2.834808E+01
   8.364938E+01   2.835633E+01
   8.364286E+01   2.835980E+01
   8.364074E+01   2.836127E+01
   8.363858E+01   2.836248E+01
   8.363747E+01   2.836476E+01
   8.363410E+01   2.836601E+01
   8.363155E+01   2.837074E+01
   8.362926E+01   2.837364E+01
   8.362830E+01   2.837562E+01
   8.362787E+01   2.838058E+01
   8.361670E+01   2.838307E+01
   8.360513E+01   2.838816E+01
   8.360051E+01   2.839003E+01
   8.359745E+01   2.839156E+01
   8.359246E+01   2.839021E+01
   8.358772E+01   2.838526E+01
   8.358407E+01   2.838073E+01
   8.357729E+01   2.837796E+01
   8.357279E+01   2.837575E+01
   8.356878E+01   2.837289E+01
   8.356650E+01   2.836659E+01
   8.356552E+01   2.835809E+01
   8.356684E+01   2.835210E+01
   8.356808E+01   2.834091E+01
   8.357485E+01   2.833423E+01
   8.358494E+01   2.832676E+01
   8.359136E+01   2.832083E+01
   8.359753E+01   2.831262E+01
   8.360135E+01   2.830550E+01
   8.360120E+01   2.830187E+01
   8.360015E+01   2.829031E+01
   8.360735E+01   2.828364E+01
   8.360511E+01   2.827145E+01
   8.361047E+01   2.826721E+01
   8.360981E+01   2.825886E+01
   8.361686E+01   2.825448E+01
   8.361916E+01   2.825243E+01
   8.362804E+01   2.825092E+01
   8.362943E+01   2.824856E+01
   8.363439E+01   2.824649E+01
   8.365002E+01   2.823707E+01
   8.365723E+01   2.823705E+01
   8.365995E+01   2.823071E+01
   8.366335E+01   2.823056E+01
   8.366871E+01   2.822640E+01
   8.367277E+01   2.822028E+01
   8.367350E+01   2.821298E+01
   8.367170E+01   2.820542E+01
   8.365975E+01   2.819955E+01
   8.365539E+01   2.819403E+01
   8.364879E+01   2.818701E+01
   8.364695E+01   2.818044E+01
   8.363947E+01   2.817515E+01
   8.364158E+01   2.816466E+01
   8.363655E+01   2.815801E+01
   8.363747E+01   2.815359E+01
   8.363440E+01   2.814984E+01
   8.363773E+01   2.814488E+01
   8.363746E+01   2.813580E+01
   8.363322E+01   2.812791E+01
   8.362944E+01   2.812221E+01
   8.360972E+01   2.811275E+01
   8.360468E+01   2.811072E+01
   8.360132E+01   2.810101E+01
   8.359752E+01   2.809379E+01
   8.358908E+01   2.808104E+01
   8.358258E+01   2.808117E+01
   8.358135E+01   2.807855E+01
   8.357735E+01   2.807599E+01
   8.356873E+01   2.806740E+01
   8.356558E+01   2.806441E+01
   8.356093E+01   2.806319E+01
   8.356267E+01   2.805530E+01
   8.356200E+01   2.804930E+01
   8.355922E+01   2.804359E+01
   8.356394E+01   2.804121E+01
   8.356162E+01   2.803593E+01
   8.357232E+01   2.803257E+01
   8.357864E+01   2.803408E+01
   8.358463E+01   2.802566E+01
   8.359043E+01   2.802573E+01
   8.359894E+01   2.801554E+01
   8.360434E+01   2.801304E+01
   8.360630E+01   2.801061E+01
   8.361483E+01   2.801181E+01
   8.361999E+01   2.800897E+01
   8.362520E+01   2.800721E+01
   8.362708E+01   2.800536E+01
   8.362710E+01   2.801202E+01
   8.363930E+01   2.801666E+01
   8.366347E+01   2.801452E+01
   8.367224E+01   2.801688E+01
   8.367911E+01   2.801849E+01
   8.368801E+01   2.802494E+01
   8.369482E+01   2.802872E+01
   8.369157E+01   2.803247E+01
   8.369404E+01   2.804125E+01
   8.369385E+01   2.805261E+01
   8.369798E+01   2.805285E+01
   8.370229E+01   2.805218E+01
   8.370684E+01   2.805841E+01
