   8.032276E+01   2.868720E+01
   8.032092E+01   2.868100E+01
   8.032357E+01   2.867485E+01
   8.032574E+01   2.866649E+01
   8.034545E+01   2.865541E+01
   8.035581E+01   2.864673E+01
   8.036072E+01   2.864563E+01
   8.035891E+01   2.864422E+01
   8.035742E+01   2.864010E+01
   8.035899E+01   2.863779E+01
   8.036058E+01   2.863607E+01
   8.036507E+01   2.863535E+01
   8.036747E+01   2.863525E+01
   8.037146E+01   2.863207E+01
   8.037113E+01   2.862944E+01
   8.037499E+01   2.862951E+01
   8.037687E+01   2.862879E+01
   8.038081E+01   2.863040E+01
   8.038459E+01   2.863046E+01
   8.038676E+01   2.863005E+01
   8.040070E+01   2.863399E+01
   8.041504E+01   2.863945E+01
   8.042270E+01   2.863772E+01
   8.042621E+01   2.863758E+01
   8.043296E+01   2.863705E+01
   8.043856E+01   2.863470E+01
   8.044260E+01   2.862869E+01
   8.045681E+01   2.862353E+01
   8.046205E+01   2.861888E+01
   8.046330E+01   2.861710E+01
   8.046080E+01   2.861416E+01
   8.046667E+01   2.860083E+01
   8.047214E+01   2.859141E+01
   8.047124E+01   2.858798E+01
   8.046958E+01   2.858392E+01
   8.047738E+01   2.858411E+01
   8.049104E+01   2.857899E+01
   8.049862E+01   2.857018E+01
   8.050340E+01   2.856947E+01
   8.051300E+01   2.855924E+01
   8.052564E+01   2.855973E+01
   8.052563E+01   2.857330E+01
   8.052111E+01   2.858083E+01
   8.051825E+01   2.860237E+01
   8.051552E+01   2.861559E+01
   8.050992E+01   2.863240E+01
   8.050602E+01   2.865229E+01
   8.050359E+01   2.866486E+01
   8.052226E+01   2.868065E+01
   8.055308E+01   2.869161E+01
   8.055011E+01   2.869480E+01
   8.054485E+01   2.869564E+01
   8.054168E+01   2.870105E+01
   8.054237E+01   2.870635E+01
   8.053739E+01   2.871427E+01
   8.054030E+01   2.871627E+01
   8.054369E+01   2.871251E+01
   8.054675E+01   2.870987E+01
   8.054933E+01   2.871045E+01
   8.055023E+01   2.871254E+01
   8.054935E+01   2.871476E+01
   8.054978E+01   2.871803E+01
   8.055328E+01   2.871904E+01
   8.055877E+01   2.872098E+01
   8.055498E+01   2.872550E+01
   8.055029E+01   2.873330E+01
   8.054262E+01   2.873463E+01
   8.053801E+01   2.873927E+01
   8.054553E+01   2.874115E+01
   8.055168E+01   2.874567E+01
   8.055447E+01   2.875126E+01
   8.055534E+01   2.875478E+01
   8.054851E+01   2.875023E+01
   8.054462E+01   2.875115E+01
   8.054090E+01   2.875713E+01
   8.053752E+01   2.876542E+01
   8.053463E+01   2.876781E+01
   8.053467E+01   2.877007E+01
   8.053820E+01   2.877111E+01
   8.054194E+01   2.876991E+01
   8.054689E+01   2.877078E+01
   8.054996E+01   2.877355E+01
   8.054916E+01   2.877569E+01
   8.054576E+01   2.878202E+01
   8.053818E+01   2.879024E+01
   8.053710E+01   2.879301E+01
   8.053805E+01   2.879462E+01
   8.053810E+01   2.879625E+01
   8.053551E+01   2.879500E+01
   8.053126E+01   2.879832E+01
   8.052955E+01   2.880162E+01
   8.052670E+01   2.880391E+01
   8.052385E+01   2.880748E+01
   8.052061E+01   2.881002E+01
   8.051829E+01   2.881070E+01
   8.051600E+01   2.881140E+01
   8.051212E+01   2.881389E+01
   8.051120E+01   2.881724E+01
   8.051543E+01   2.881907E+01
   8.051722E+01   2.881882E+01
   8.051689E+01   2.882058E+01
   8.051503E+01   2.882268E+01
   8.051412E+01   2.882383E+01
   8.051468E+01   2.882471E+01
   8.051510E+01   2.882571E+01
   8.051645E+01   2.882677E+01
   8.051806E+01   2.882875E+01
   8.051810E+01   2.883194E+01
   8.051448E+01   2.883511E+01
   8.051361E+01   2.883385E+01
   8.051281E+01   2.883169E+01
   8.051029E+01   2.883148E+01
   8.050948E+01   2.883125E+01
   8.050792E+01   2.883194E+01
   8.050653E+01   2.883217E+01
   8.050643E+01   2.883326E+01
   8.050764E+01   2.883365E+01
   8.050763E+01   2.883549E+01
   8.050722E+01   2.883613E+01
   8.050591E+01   2.883626E+01
   8.050467E+01   2.883678E+01
   8.050619E+01   2.883779E+01
   8.050789E+01   2.883882E+01
   8.050744E+01   2.883995E+01
   8.050626E+01   2.884063E+01
   8.050602E+01   2.884228E+01
   8.050508E+01   2.884153E+01
   8.050375E+01   2.884025E+01
   8.050337E+01   2.884156E+01
   8.050280E+01   2.884331E+01
   8.050248E+01   2.884496E+01
   8.050250E+01   2.884666E+01
   8.050265E+01   2.884785E+01
   8.050150E+01   2.884815E+01
   8.050043E+01   2.884815E+01
   8.049985E+01   2.884916E+01
   8.049957E+01   2.885275E+01
   8.049637E+01   2.885585E+01
   8.049699E+01   2.885714E+01
   8.049884E+01   2.885779E+01
   8.049859E+01   2.885956E+01
   8.049907E+01   2.886204E+01
   8.050212E+01   2.886346E+01
   8.050167E+01   2.886906E+01
   8.049588E+01   2.887241E+01
   8.049848E+01   2.887571E+01
   8.050529E+01   2.887960E+01
   8.050374E+01   2.888481E+01
   8.050688E+01   2.889435E+01
   8.050338E+01   2.890091E+01
   8.051094E+01   2.891882E+01
   8.050094E+01   2.892295E+01
   8.049240E+01   2.892243E+01
   8.048944E+01   2.892482E+01
   8.048251E+01   2.893165E+01
   8.047534E+01   2.893716E+01
   8.047155E+01   2.893743E+01
   8.047275E+01   2.894462E+01
   8.047925E+01   2.895485E+01
   8.048771E+01   2.897686E+01
   8.048966E+01   2.898524E+01
   8.048803E+01   2.898802E+01
   8.048631E+01   2.899015E+01
   8.048445E+01   2.899290E+01
   8.048346E+01   2.899602E+01
   8.048191E+01   2.899737E+01
   8.047503E+01   2.899444E+01
   8.047307E+01   2.899925E+01
   8.047499E+01   2.900469E+01
   8.047586E+01   2.901293E+01
   8.047540E+01   2.901915E+01
   8.046868E+01   2.901909E+01
   8.046833E+01   2.902342E+01
   8.046833E+01   2.902964E+01
   8.046150E+01   2.903125E+01
   8.045807E+01   2.903715E+01
   8.045150E+01   2.903505E+01
   8.044386E+01   2.903475E+01
   8.043798E+01   2.903202E+01
   8.043189E+01   2.902834E+01
   8.041896E+01   2.902659E+01
   8.041363E+01   2.903346E+01
   8.040444E+01   2.903644E+01
   8.039505E+01   2.903961E+01
   8.039087E+01   2.904321E+01
   8.038756E+01   2.904763E+01
   8.038348E+01   2.904794E+01
   8.037373E+01   2.904517E+01
   8.036199E+01   2.904731E+01
   8.035726E+01   2.904677E+01
   8.035322E+01   2.904622E+01
   8.035196E+01   2.905110E+01
   8.034609E+01   2.905389E+01
   8.033474E+01   2.905167E+01
   8.032512E+01   2.905153E+01
   8.031493E+01   2.905461E+01
   8.030966E+01   2.905670E+01
   8.030436E+01   2.905783E+01
   8.029892E+01   2.905795E+01
   8.029178E+01   2.905674E+01
   8.028183E+01   2.905317E+01
   8.028007E+01   2.905011E+01
   8.027608E+01   2.904839E+01
   8.027273E+01   2.904744E+01
   8.027052E+01   2.904853E+01
   8.026522E+01   2.905201E+01
   8.025794E+01   2.905252E+01
   8.025271E+01   2.905265E+01
   8.024555E+01   2.905023E+01
   8.023345E+01   2.904717E+01
   8.022704E+01   2.904621E+01
   8.022461E+01   2.904806E+01
   8.022387E+01   2.905348E+01
   8.022385E+01   2.905575E+01
   8.022109E+01   2.905640E+01
   8.021839E+01   2.905605E+01
   8.021175E+01   2.905700E+01
   8.021027E+01   2.906160E+01
   8.020872E+01   2.906865E+01
   8.020210E+01   2.907602E+01
   8.019742E+01   2.907816E+01
   8.019263E+01   2.908408E+01
   8.018520E+01   2.908771E+01
   8.018513E+01   2.910028E+01
   8.018530E+01   2.910486E+01
   8.018815E+01   2.911237E+01
   8.018677E+01   2.911830E+01
   8.018587E+01   2.913192E+01
   8.018119E+01   2.913541E+01
   8.017711E+01   2.912771E+01
   8.016978E+01   2.912713E+01
   8.016701E+01   2.912225E+01
   8.015011E+01   2.910728E+01
   8.012868E+01   2.906187E+01
   8.013204E+01   2.904654E+01
   8.012768E+01   2.903475E+01
   8.013140E+01   2.903045E+01
   8.012793E+01   2.902179E+01
   8.012489E+01   2.901410E+01
   8.012896E+01   2.901175E+01
   8.013531E+01   2.900731E+01
   8.012090E+01   2.898939E+01
   8.011756E+01   2.898116E+01
   8.009631E+01   2.897496E+01
   8.005980E+01   2.889992E+01
   8.006309E+01   2.885799E+01
   8.006443E+01   2.883986E+01
   8.007092E+01   2.882956E+01
   8.008026E+01   2.882371E+01
   8.009912E+01   2.882602E+01
   8.010608E+01   2.882673E+01
   8.012354E+01   2.882436E+01
   8.013659E+01   2.881496E+01
   8.014898E+01   2.880379E+01
   8.016282E+01   2.879034E+01
   8.018778E+01   2.877259E+01
   8.021072E+01   2.875829E+01
   8.022271E+01   2.875684E+01
   8.023463E+01   2.875880E+01
   8.024440E+01   2.875526E+01
   8.026157E+01   2.874890E+01
   8.026457E+01   2.873780E+01
   8.026452E+01   2.872296E+01
   8.027527E+01   2.871136E+01
   8.028109E+01   2.871012E+01
   8.029640E+01   2.871029E+01
   8.030638E+01   2.870523E+01
   8.031161E+01   2.870277E+01
   8.032084E+01   2.869449E+01
   8.032276E+01   2.868720E+01
