   8.107947E+01   2.843598E+01
   8.106421E+01   2.840253E+01
   8.106754E+01   2.839436E+01
   8.107358E+01   2.839012E+01
   8.108828E+01   2.838259E+01
   8.110404E+01   2.837952E+01
   8.112084E+01   2.837638E+01
   8.114007E+01   2.837280E+01
   8.115052E+01   2.837128E+01
   8.116755E+01   2.836884E+01
   8.118328E+01   2.836581E+01
   8.119284E+01   2.836366E+01
   8.121093E+01   2.836079E+01
   8.122053E+01   2.834365E+01
   8.123458E+01   2.832488E+01
   8.123377E+01   2.830295E+01
   8.123268E+01   2.828918E+01
   8.124549E+01   2.827352E+01
   8.126563E+01   2.825096E+01
   8.128713E+01   2.822758E+01
   8.130351E+01   2.821627E+01
   8.131617E+01   2.820257E+01
   8.132078E+01   2.819710E+01
   8.131846E+01   2.818268E+01
   8.132270E+01   2.817133E+01
   8.132091E+01   2.816877E+01
   8.131350E+01   2.816788E+01
   8.130530E+01   2.816875E+01
   8.130168E+01   2.816786E+01
   8.130320E+01   2.816268E+01
   8.131014E+01   2.816013E+01
   8.131074E+01   2.815589E+01
   8.132041E+01   2.816026E+01
   8.132805E+01   2.814833E+01
   8.131566E+01   2.813803E+01
   8.131976E+01   2.813389E+01
   8.132195E+01   2.813434E+01
   8.133465E+01   2.814023E+01
   8.133898E+01   2.813983E+01
   8.135191E+01   2.814039E+01
   8.136796E+01   2.814093E+01
   8.137547E+01   2.814945E+01
   8.136891E+01   2.816060E+01
   8.136848E+01   2.816905E+01
   8.137422E+01   2.817567E+01
   8.138830E+01   2.817429E+01
   8.140399E+01   2.817409E+01
   8.141287E+01   2.817459E+01
   8.142329E+01   2.817162E+01
   8.142872E+01   2.816920E+01
   8.144417E+01   2.816223E+01
   8.144695E+01   2.815657E+01
   8.144819E+01   2.815289E+01
   8.145006E+01   2.814517E+01
   8.146047E+01   2.813273E+01
   8.147369E+01   2.812543E+01
   8.147969E+01   2.812146E+01
   8.148225E+01   2.811500E+01
   8.147915E+01   2.810250E+01
   8.147838E+01   2.808928E+01
   8.148530E+01   2.807851E+01
   8.149993E+01   2.807126E+01
   8.150257E+01   2.807161E+01
   8.150485E+01   2.807405E+01
   8.151727E+01   2.807621E+01
   8.152009E+01   2.808198E+01
   8.152510E+01   2.808350E+01
   8.151338E+01   2.809058E+01
   8.150944E+01   2.809584E+01
   8.150344E+01   2.810177E+01
   8.150743E+01   2.810420E+01
   8.150904E+01   2.810953E+01
   8.150670E+01   2.811424E+01
   8.150011E+01   2.811872E+01
   8.150594E+01   2.812161E+01
   8.150252E+01   2.812492E+01
   8.149926E+01   2.812795E+01
   8.150421E+01   2.812718E+01
   8.150408E+01   2.813349E+01
   8.150165E+01   2.813670E+01
   8.150170E+01   2.814723E+01
   8.150562E+01   2.815141E+01
   8.150989E+01   2.814865E+01
   8.151401E+01   2.815278E+01
   8.152134E+01   2.815714E+01
   8.151697E+01   2.815979E+01
   8.151846E+01   2.816398E+01
   8.152230E+01   2.816733E+01
   8.151891E+01   2.817048E+01
   8.152085E+01   2.817317E+01
   8.152312E+01   2.817442E+01
   8.152091E+01   2.817982E+01
   8.153036E+01   2.818443E+01
   8.152807E+01   2.819603E+01
   8.154586E+01   2.820311E+01
   8.156023E+01   2.820673E+01
   8.157069E+01   2.821649E+01
   8.157532E+01   2.822243E+01
   8.157832E+01   2.822412E+01
   8.157550E+01   2.822800E+01
   8.158173E+01   2.823304E+01
   8.158798E+01   2.823878E+01
   8.158890E+01   2.823740E+01
   8.159288E+01   2.823668E+01
   8.159606E+01   2.823490E+01
   8.160825E+01   2.823630E+01
   8.161124E+01   2.824717E+01
   8.162103E+01   2.825041E+01
   8.163072E+01   2.825958E+01
   8.164052E+01   2.826234E+01
   8.164199E+01   2.826680E+01
   8.164691E+01   2.826632E+01
   8.164433E+01   2.827513E+01
   8.164795E+01   2.828697E+01
   8.166938E+01   2.830598E+01
   8.167199E+01   2.831193E+01
   8.167334E+01   2.831561E+01
   8.167584E+01   2.831961E+01
   8.167889E+01   2.832336E+01
   8.167893E+01   2.832428E+01
   8.167998E+01   2.832396E+01
   8.168019E+01   2.831950E+01
   8.167778E+01   2.831402E+01
   8.168144E+01   2.831590E+01
   8.168231E+01   2.831912E+01
   8.168425E+01   2.832244E+01
   8.168981E+01   2.832584E+01
   8.169123E+01   2.832803E+01
   8.168979E+01   2.832662E+01
   8.168534E+01   2.832599E+01
   8.168443E+01   2.832643E+01
   8.168463E+01   2.832766E+01
   8.168456E+01   2.832860E+01
   8.168552E+01   2.832978E+01
   8.168501E+01   2.833143E+01
   8.168187E+01   2.833140E+01
   8.168060E+01   2.833412E+01
   8.167733E+01   2.833344E+01
   8.167523E+01   2.833406E+01
   8.167644E+01   2.833619E+01
   8.169723E+01   2.833454E+01
   8.171145E+01   2.832436E+01
   8.171869E+01   2.831954E+01
   8.173094E+01   2.831639E+01
   8.174445E+01   2.831358E+01
   8.174919E+01   2.832843E+01
   8.175154E+01   2.834437E+01
   8.175809E+01   2.835397E+01
   8.176268E+01   2.837153E+01
   8.175252E+01   2.837462E+01
   8.173174E+01   2.837785E+01
   8.172105E+01   2.838281E+01
   8.170385E+01   2.839275E+01
   8.169413E+01   2.840133E+01
   8.169139E+01   2.840563E+01
   8.168715E+01   2.841163E+01
   8.167366E+01   2.841892E+01
   8.167000E+01   2.841406E+01
   8.164434E+01   2.843035E+01
   8.162097E+01   2.844597E+01
   8.159154E+01   2.847168E+01
   8.155680E+01   2.849587E+01
   8.153890E+01   2.849428E+01
   8.151546E+01   2.851372E+01
   8.149173E+01   2.853337E+01
   8.146613E+01   2.855543E+01
   8.144161E+01   2.855976E+01
   8.143027E+01   2.857871E+01
   8.142500E+01   2.858840E+01
   8.141659E+01   2.859669E+01
   8.140120E+01   2.860766E+01
   8.137796E+01   2.861307E+01
   8.136373E+01   2.862489E+01
   8.133972E+01   2.862996E+01
   8.132420E+01   2.863613E+01
   8.131169E+01   2.864721E+01
   8.131427E+01   2.865193E+01
   8.131845E+01   2.865830E+01
   8.132086E+01   2.866786E+01
   8.131899E+01   2.866936E+01
   8.131644E+01   2.867048E+01
   8.131368E+01   2.867069E+01
   8.131061E+01   2.867187E+01
   8.130869E+01   2.867170E+01
   8.130744E+01   2.867319E+01
   8.130622E+01   2.867264E+01
   8.130454E+01   2.867279E+01
   8.130391E+01   2.867193E+01
   8.130281E+01   2.867060E+01
   8.130163E+01   2.867125E+01
   8.130195E+01   2.867269E+01
   8.130115E+01   2.867368E+01
   8.129971E+01   2.867399E+01
   8.129822E+01   2.867334E+01
   8.129609E+01   2.867361E+01
   8.129434E+01   2.867321E+01
   8.129119E+01   2.867479E+01
   8.128759E+01   2.867350E+01
   8.128640E+01   2.867339E+01
   8.128576E+01   2.866700E+01
   8.128434E+01   2.864151E+01
   8.127062E+01   2.862474E+01
   8.124752E+01   2.859418E+01
   8.122750E+01   2.857402E+01
   8.118892E+01   2.854597E+01
   8.115368E+01   2.850202E+01
   8.114665E+01   2.849556E+01
   8.113046E+01   2.848299E+01
   8.110794E+01   2.846058E+01
   8.108883E+01   2.845809E+01
   8.107947E+01   2.843598E+01
