   8.279819E+01   2.818740E+01
   8.278884E+01   2.818239E+01
   8.278287E+01   2.817797E+01
   8.276466E+01   2.817976E+01
   8.275365E+01   2.818915E+01
   8.274529E+01   2.819339E+01
   8.274294E+01   2.819774E+01
   8.273591E+01   2.820098E+01
   8.272598E+01   2.820857E+01
   8.271255E+01   2.820996E+01
   8.269840E+01   2.821051E+01
   8.269686E+01   2.821129E+01
   8.269517E+01   2.820662E+01
   8.269007E+01   2.819905E+01
   8.268613E+01   2.819055E+01
   8.268123E+01   2.818647E+01
   8.268002E+01   2.819218E+01
   8.267887E+01   2.819222E+01
   8.267650E+01   2.819173E+01
   8.267142E+01   2.819043E+01
   8.266866E+01   2.819015E+01
   8.266505E+01   2.818850E+01
   8.266208E+01   2.819098E+01
   8.265818E+01   2.819055E+01
   8.265398E+01   2.818864E+01
   8.264984E+01   2.818703E+01
   8.264714E+01   2.818427E+01
   8.264145E+01   2.818371E+01
   8.264070E+01   2.818169E+01
   8.263868E+01   2.818049E+01
   8.263661E+01   2.818103E+01
   8.263315E+01   2.818019E+01
   8.263152E+01   2.817955E+01
   8.262957E+01   2.817943E+01
   8.262617E+01   2.817847E+01
   8.262449E+01   2.817759E+01
   8.262399E+01   2.817634E+01
   8.262111E+01   2.817446E+01
   8.261864E+01   2.817476E+01
   8.261731E+01   2.817357E+01
   8.261502E+01   2.817024E+01
   8.261317E+01   2.816856E+01
   8.261149E+01   2.816488E+01
   8.261070E+01   2.815806E+01
   8.260072E+01   2.814840E+01
   8.259207E+01   2.814928E+01
   8.258865E+01   2.813965E+01
   8.259987E+01   2.813382E+01
   8.260404E+01   2.812844E+01
   8.260729E+01   2.812042E+01
   8.260716E+01   2.810325E+01
   8.260044E+01   2.809387E+01
   8.261337E+01   2.808739E+01
   8.262470E+01   2.807538E+01
   8.262617E+01   2.806945E+01
   8.263991E+01   2.806919E+01
   8.264838E+01   2.806411E+01
   8.265357E+01   2.806364E+01
   8.266146E+01   2.805928E+01
   8.266650E+01   2.805735E+01
   8.267284E+01   2.805547E+01
   8.268296E+01   2.805339E+01
   8.268670E+01   2.805155E+01
   8.269010E+01   2.805159E+01
   8.269513E+01   2.805209E+01
   8.270895E+01   2.805080E+01
   8.271518E+01   2.804856E+01
   8.271747E+01   2.804661E+01
   8.271473E+01   2.804481E+01
   8.271166E+01   2.804090E+01
   8.271010E+01   2.803852E+01
   8.270721E+01   2.803599E+01
   8.270210E+01   2.803540E+01
   8.270039E+01   2.803298E+01
   8.269988E+01   2.803127E+01
   8.269832E+01   2.802903E+01
   8.269780E+01   2.802851E+01
   8.269621E+01   2.802380E+01
   8.269517E+01   2.802200E+01
   8.269477E+01   2.801949E+01
   8.269535E+01   2.801592E+01
   8.269988E+01   2.800985E+01
   8.270496E+01   2.800643E+01
   8.270780E+01   2.800473E+01
   8.271243E+01   2.800321E+01
   8.271688E+01   2.800265E+01
   8.272233E+01   2.800181E+01
   8.274071E+01   2.799060E+01
   8.274453E+01   2.797697E+01
   8.275215E+01   2.797721E+01
   8.276290E+01   2.797681E+01
   8.275938E+01   2.796965E+01
   8.276554E+01   2.796538E+01
   8.276149E+01   2.795668E+01
   8.275134E+01   2.794361E+01
   8.275459E+01   2.794490E+01
   8.276206E+01   2.794249E+01
   8.276630E+01   2.793750E+01
   8.276939E+01   2.793311E+01
   8.277115E+01   2.791831E+01
   8.277390E+01   2.789633E+01
   8.277539E+01   2.789262E+01
   8.277894E+01   2.789777E+01
   8.278424E+01   2.789158E+01
   8.278770E+01   2.789024E+01
   8.278979E+01   2.789107E+01
   8.279148E+01   2.789028E+01
   8.278995E+01   2.788771E+01
   8.279760E+01   2.788192E+01
   8.280497E+01   2.787781E+01
   8.281950E+01   2.789552E+01
   8.282306E+01   2.790249E+01
   8.282323E+01   2.790494E+01
   8.283115E+01   2.790635E+01
   8.284116E+01   2.790408E+01
   8.284837E+01   2.790154E+01
   8.285619E+01   2.790504E+01
   8.286283E+01   2.790441E+01
   8.286283E+01   2.790778E+01
   8.286719E+01   2.790942E+01
   8.287190E+01   2.790476E+01
   8.287739E+01   2.790080E+01
   8.288045E+01   2.790620E+01
   8.288406E+01   2.790729E+01
   8.288964E+01   2.790802E+01
   8.289059E+01   2.791210E+01
   8.289433E+01   2.791413E+01
   8.289893E+01   2.791110E+01
   8.290428E+01   2.790870E+01
   8.291588E+01   2.790417E+01
   8.291909E+01   2.790637E+01
   8.292206E+01   2.791137E+01
   8.292553E+01   2.791291E+01
   8.292525E+01   2.791657E+01
   8.292773E+01   2.792079E+01
   8.294194E+01   2.792833E+01
   8.295013E+01   2.792977E+01
   8.295632E+01   2.792802E+01
   8.296137E+01   2.792775E+01
   8.296595E+01   2.792783E+01
   8.297211E+01   2.792844E+01
   8.297993E+01   2.792791E+01
   8.298534E+01   2.792956E+01
   8.298723E+01   2.792574E+01
   8.299096E+01   2.792599E+01
   8.299459E+01   2.793068E+01
   8.299907E+01   2.793234E+01
   8.300298E+01   2.793094E+01
   8.300446E+01   2.793191E+01
   8.300668E+01   2.792721E+01
   8.300941E+01   2.792114E+01
   8.301130E+01   2.792010E+01
   8.301401E+01   2.792251E+01
   8.301581E+01   2.792779E+01
   8.301306E+01   2.793246E+01
   8.301491E+01   2.793503E+01
   8.301546E+01   2.793692E+01
   8.301356E+01   2.793982E+01
   8.301410E+01   2.794354E+01
   8.301721E+01   2.794770E+01
   8.301387E+01   2.794927E+01
   8.301727E+01   2.795198E+01
   8.301589E+01   2.795448E+01
   8.301645E+01   2.795685E+01
   8.301378E+01   2.795953E+01
   8.301094E+01   2.796202E+01
   8.300826E+01   2.796741E+01
   8.300221E+01   2.796941E+01
   8.299888E+01   2.797505E+01
   8.299895E+01   2.797812E+01
   8.299523E+01   2.797666E+01
   8.299264E+01   2.797583E+01
   8.298838E+01   2.797720E+01
   8.298697E+01   2.798088E+01
   8.298462E+01   2.798203E+01
   8.298185E+01   2.798149E+01
   8.297709E+01   2.798376E+01
   8.297492E+01   2.798607E+01
   8.297630E+01   2.798955E+01
   8.296945E+01   2.799335E+01
   8.296764E+01   2.799321E+01
   8.296682E+01   2.799051E+01
   8.296516E+01   2.798773E+01
   8.296371E+01   2.798856E+01
   8.296060E+01   2.799199E+01
   8.295739E+01   2.799211E+01
   8.295225E+01   2.799365E+01
   8.295420E+01   2.799618E+01
   8.295513E+01   2.799822E+01
   8.295741E+01   2.799837E+01
   8.295792E+01   2.799942E+01
   8.295974E+01   2.799884E+01
   8.296101E+01   2.799938E+01
   8.296447E+01   2.800186E+01
   8.296630E+01   2.800382E+01
   8.296855E+01   2.800226E+01
   8.296918E+01   2.800349E+01
   8.296797E+01   2.800576E+01
   8.297019E+01   2.800599E+01
   8.297322E+01   2.800583E+01
   8.297349E+01   2.800694E+01
   8.297288E+01   2.800873E+01
   8.297219E+01   2.801208E+01
   8.297202E+01   2.801467E+01
   8.297340E+01   2.801436E+01
   8.297468E+01   2.801463E+01
   8.297430E+01   2.801510E+01
   8.297447E+01   2.801579E+01
   8.297439E+01   2.801704E+01
   8.297444E+01   2.801825E+01
   8.297574E+01   2.801883E+01
   8.297607E+01   2.801945E+01
   8.297577E+01   2.802077E+01
   8.297602E+01   2.802216E+01
   8.297659E+01   2.802364E+01
   8.297511E+01   2.802628E+01
   8.297488E+01   2.802819E+01
   8.297479E+01   2.803124E+01
   8.297334E+01   2.803262E+01
   8.297207E+01   2.803292E+01
   8.297277E+01   2.803464E+01
   8.297054E+01   2.803781E+01
   8.297005E+01   2.803868E+01
   8.296783E+01   2.803957E+01
   8.296686E+01   2.803918E+01
   8.296570E+01   2.804058E+01
   8.296310E+01   2.804040E+01
   8.296070E+01   2.804100E+01
   8.296078E+01   2.804248E+01
   8.296122E+01   2.804576E+01
   8.296308E+01   2.804985E+01
   8.297012E+01   2.805603E+01
   8.297605E+01   2.806177E+01
   8.298399E+01   2.807140E+01
   8.299177E+01   2.808667E+01
   8.299531E+01   2.809157E+01
   8.299960E+01   2.809444E+01
   8.300167E+01   2.810292E+01
   8.300433E+01   2.811178E+01
   8.301228E+01   2.810783E+01
   8.302735E+01   2.809945E+01
   8.303688E+01   2.810357E+01
   8.304247E+01   2.810131E+01
   8.305024E+01   2.810879E+01
   8.305399E+01   2.811458E+01
   8.305853E+01   2.813023E+01
   8.304930E+01   2.814115E+01
   8.305125E+01   2.814268E+01
   8.305381E+01   2.814200E+01
   8.305500E+01   2.814104E+01
   8.305566E+01   2.814279E+01
   8.305683E+01   2.814429E+01
   8.305399E+01   2.814975E+01
   8.304153E+01   2.815461E+01
   8.303924E+01   2.815585E+01
   8.303702E+01   2.815869E+01
   8.304147E+01   2.816643E+01
   8.304010E+01   2.816839E+01
   8.303788E+01   2.816762E+01
   8.303673E+01   2.816789E+01
   8.303420E+01   2.816823E+01
   8.303253E+01   2.817064E+01
   8.303058E+01   2.817185E+01
   8.302952E+01   2.817472E+01
   8.303386E+01   2.817904E+01
   8.303670E+01   2.818976E+01
   8.303488E+01   2.819658E+01
   8.303155E+01   2.821014E+01
   8.302774E+01   2.821848E+01
   8.302823E+01   2.823254E+01
   8.302672E+01   2.823623E+01
   8.302500E+01   2.823614E+01
   8.302308E+01   2.823484E+01
   8.302606E+01   2.823895E+01
   8.303358E+01   2.824088E+01
   8.304159E+01   2.824213E+01
   8.304734E+01   2.824267E+01
   8.307087E+01   2.823893E+01
   8.307605E+01   2.823322E+01
   8.308079E+01   2.824087E+01
   8.308842E+01   2.824762E+01
   8.309499E+01   2.826060E+01
   8.309644E+01   2.827786E+01
   8.308464E+01   2.828963E+01
   8.306887E+01   2.830173E+01
   8.305173E+01   2.831811E+01
   8.302846E+01   2.832423E+01
   8.300360E+01   2.833285E+01
   8.297969E+01   2.835946E+01
   8.296610E+01   2.835768E+01
   8.295183E+01   2.836054E+01
   8.294302E+01   2.836203E+01
   8.292756E+01   2.834842E+01
   8.292536E+01   2.833272E+01
   8.291930E+01   2.831995E+01
   8.290418E+01   2.831069E+01
   8.289992E+01   2.830225E+01
   8.289641E+01   2.829837E+01
   8.288671E+01   2.829187E+01
   8.288672E+01   2.827631E+01
   8.287185E+01   2.826398E+01
   8.285554E+01   2.825865E+01
   8.284991E+01   2.824758E+01
   8.284965E+01   2.823202E+01
   8.283752E+01   2.823047E+01
   8.282336E+01   2.821680E+01
   8.282468E+01   2.819982E+01
   8.280552E+01   2.818603E+01
