   8.656693E+01   2.780413E+01
   8.656449E+01   2.780520E+01
   8.656282E+01   2.780615E+01
   8.656060E+01   2.780635E+01
   8.655857E+01   2.780704E+01
   8.655644E+01   2.780773E+01
   8.655373E+01   2.780862E+01
   8.655147E+01   2.780951E+01
   8.654944E+01   2.781047E+01
   8.654722E+01   2.781136E+01
   8.654441E+01   2.781158E+01
   8.654244E+01   2.781117E+01
   8.654146E+01   2.781242E+01
   8.654021E+01   2.781500E+01
   8.654014E+01   2.781702E+01
   8.654107E+01   2.781880E+01
   8.654261E+01   2.782050E+01
   8.654360E+01   2.782263E+01
   8.654371E+01   2.782572E+01
   8.654388E+01   2.782785E+01
   8.654508E+01   2.783033E+01
   8.654562E+01   2.783265E+01
   8.654667E+01   2.783435E+01
   8.654720E+01   2.783750E+01
   8.654873E+01   2.784057E+01
   8.654947E+01   2.784542E+01
   8.655000E+01   2.784854E+01
   8.655153E+01   2.785193E+01
   8.655288E+01   2.785533E+01
   8.655396E+01   2.785808E+01
   8.655431E+01   2.786115E+01
   8.655378E+01   2.786381E+01
   8.655308E+01   2.786623E+01
   8.655225E+01   2.786870E+01
   8.655181E+01   2.787376E+01
   8.655089E+01   2.787629E+01
   8.655112E+01   2.787839E+01
   8.655241E+01   2.788079E+01
   8.655313E+01   2.788205E+01
   8.655415E+01   2.788464E+01
   8.655408E+01   2.788733E+01
   8.655289E+01   2.789023E+01
   8.655212E+01   2.789303E+01
   8.655195E+01   2.789669E+01
   8.655152E+01   2.789846E+01
   8.655236E+01   2.790014E+01
   8.655411E+01   2.790283E+01
   8.655419E+01   2.790620E+01
   8.655454E+01   2.790805E+01
   8.655328E+01   2.791195E+01
   8.655102E+01   2.791620E+01
   8.654965E+01   2.791926E+01
   8.654955E+01   2.792211E+01
   8.654901E+01   2.792620E+01
   8.654803E+01   2.793002E+01
   8.654630E+01   2.793149E+01
   8.654402E+01   2.793288E+01
   8.654089E+01   2.793403E+01
   8.653867E+01   2.793583E+01
   8.653681E+01   2.793838E+01
   8.653501E+01   2.794103E+01
   8.653271E+01   2.794213E+01
   8.653034E+01   2.794193E+01
   8.652786E+01   2.794136E+01
   8.652532E+01   2.794060E+01
   8.652159E+01   2.794056E+01
   8.652034E+01   2.794311E+01
   8.651917E+01   2.794674E+01
   8.651868E+01   2.794886E+01
   8.651808E+01   2.795333E+01
   8.651567E+01   2.795609E+01
   8.651388E+01   2.795709E+01
   8.651182E+01   2.796777E+01
   8.651564E+01   2.797085E+01
   8.651946E+01   2.797541E+01
   8.651358E+01   2.798319E+01
   8.651623E+01   2.800140E+01
   8.652225E+01   2.801477E+01
   8.652181E+01   2.801844E+01
   8.652753E+01   2.802358E+01
   8.653032E+01   2.802681E+01
   8.653032E+01   2.803092E+01
   8.653238E+01   2.803415E+01
   8.653400E+01   2.804076E+01
   8.653326E+01   2.804796E+01
   8.654956E+01   2.805119E+01
   8.655191E+01   2.805530E+01
   8.655720E+01   2.806206E+01
   8.656440E+01   2.806617E+01
   8.656630E+01   2.806998E+01
   8.656087E+01   2.807512E+01
   8.655881E+01   2.807982E+01
   8.656131E+01   2.808423E+01
   8.656616E+01   2.808893E+01
   8.656616E+01   2.809613E+01
   8.656219E+01   2.810288E+01
   8.656205E+01   2.810890E+01
   8.656689E+01   2.811125E+01
   8.657130E+01   2.811081E+01
   8.657614E+01   2.811375E+01
   8.659010E+01   2.810861E+01
   8.660126E+01   2.810273E+01
   8.660654E+01   2.809319E+01
   8.660228E+01   2.808908E+01
   8.660449E+01   2.807982E+01
   8.661580E+01   2.807292E+01
   8.663401E+01   2.807131E+01
   8.663929E+01   2.807424E+01
   8.665692E+01   2.808100E+01
   8.665927E+01   2.809099E+01
   8.666250E+01   2.809862E+01
   8.667528E+01   2.810340E+01
   8.668864E+01   2.810890E+01
   8.670612E+01   2.810729E+01
   8.671948E+01   2.810758E+01
   8.673784E+01   2.810406E+01
   8.674856E+01   2.809862E+01
   8.674885E+01   2.808526E+01
   8.675164E+01   2.808027E+01
   8.675943E+01   2.807821E+01
   8.676280E+01   2.807454E+01
   8.675737E+01   2.806998E+01
   8.675179E+01   2.806206E+01
   8.674944E+01   2.805089E+01
   8.675105E+01   2.804208E+01
   8.675708E+01   2.803577E+01
   8.677147E+01   2.803944E+01
   8.677470E+01   2.803665E+01
   8.677867E+01   2.803180E+01
   8.677896E+01   2.802769E+01
   8.679027E+01   2.801902E+01
   8.680275E+01   2.802358E+01
   8.681274E+01   2.801858E+01
   8.681788E+01   2.801917E+01
   8.682331E+01   2.801535E+01
   8.683433E+01   2.801374E+01
   8.683800E+01   2.801491E+01
   8.684299E+01   2.801770E+01
   8.684769E+01   2.801902E+01
   8.684831E+01   2.802549E+01
   8.685292E+01   2.802856E+01
   8.685774E+01   2.802688E+01
   8.686309E+01   2.802534E+01
   8.686857E+01   2.802476E+01
   8.687223E+01   2.802293E+01
   8.687194E+01   2.801393E+01
   8.687369E+01   2.801012E+01
   8.688247E+01   2.800573E+01
   8.688813E+01   2.800248E+01
   8.689025E+01   2.799676E+01
   8.690330E+01   2.799415E+01
   8.691786E+01   2.798852E+01
   8.692604E+01   2.798367E+01
   8.693339E+01   2.797843E+01
   8.693320E+01   2.797093E+01
   8.693315E+01   2.796309E+01
   8.694099E+01   2.796020E+01
   8.694666E+01   2.795790E+01
   8.696042E+01   2.795645E+01
   8.697234E+01   2.795466E+01
   8.698311E+01   2.794846E+01
   8.700531E+01   2.782016E+01
   8.698400E+01   2.775417E+01
   8.697512E+01   2.763834E+01
   8.696959E+01   2.763355E+01
   8.696373E+01   2.762315E+01
   8.695786E+01   2.761186E+01
   8.695443E+01   2.760326E+01
   8.695652E+01   2.759326E+01
   8.695590E+01   2.758080E+01
   8.695533E+01   2.757055E+01
   8.696567E+01   2.755904E+01
   8.696519E+01   2.753988E+01
   8.694950E+01   2.753056E+01
   8.693997E+01   2.751470E+01
   8.694736E+01   2.750183E+01
   8.695768E+01   2.749076E+01
   8.695960E+01   2.748124E+01
   8.694838E+01   2.747596E+01
   8.694511E+01   2.746483E+01
   8.683763E+01   2.743119E+01
   8.682822E+01   2.743579E+01
   8.681913E+01   2.743910E+01
   8.678776E+01   2.741340E+01
   8.675965E+01   2.739999E+01
   8.675236E+01   2.739367E+01
   8.669158E+01   2.739526E+01
   8.667330E+01   2.735310E+01
   8.666995E+01   2.735224E+01
   8.666571E+01   2.734806E+01
   8.666052E+01   2.734347E+01
   8.665404E+01   2.734004E+01
   8.665079E+01   2.733942E+01
   8.664680E+01   2.733912E+01
   8.664561E+01   2.733903E+01
   8.664378E+01   2.733900E+01
   8.664087E+01   2.733856E+01
   8.663482E+01   2.733820E+01
   8.663203E+01   2.733876E+01
   8.662787E+01   2.733945E+01
   8.662433E+01   2.733979E+01
   8.662221E+01   2.734049E+01
   8.661607E+01   2.734193E+01
   8.661135E+01   2.734244E+01
   8.660606E+01   2.734358E+01
   8.660048E+01   2.734269E+01
   8.659819E+01   2.734154E+01
   8.659502E+01   2.734257E+01
   8.659413E+01   2.734284E+01
   8.658832E+01   2.734358E+01
   8.658178E+01   2.734214E+01
   8.657973E+01   2.734222E+01
   8.657617E+01   2.734233E+01
   8.657063E+01   2.734090E+01
   8.656654E+01   2.734622E+01
   8.656488E+01   2.735111E+01
   8.656451E+01   2.735222E+01
   8.656352E+01   2.735487E+01
   8.656407E+01   2.736164E+01
   8.656430E+01   2.736571E+01
   8.656105E+01   2.736752E+01
   8.655829E+01   2.737122E+01
   8.655463E+01   2.737455E+01
   8.655110E+01   2.737649E+01
   8.654785E+01   2.737848E+01
   8.654264E+01   2.738390E+01
   8.654019E+01   2.738631E+01
   8.653538E+01   2.738876E+01
   8.653345E+01   2.739326E+01
   8.653209E+01   2.739660E+01
   8.652791E+01   2.739786E+01
   8.652528E+01   2.739946E+01
   8.652145E+01   2.740450E+01
   8.651568E+01   2.740782E+01
   8.650964E+01   2.741090E+01
   8.650658E+01   2.741604E+01
   8.650588E+01   2.741672E+01
   8.650474E+01   2.741932E+01
   8.650436E+01   2.742322E+01
   8.649972E+01   2.742698E+01
   8.649746E+01   2.742612E+01
   8.649579E+01   2.742664E+01
   8.649308E+01   2.742741E+01
   8.649120E+01   2.742769E+01
   8.648935E+01   2.742739E+01
   8.648761E+01   2.742641E+01
   8.648694E+01   2.742448E+01
   8.648548E+01   2.742287E+01
   8.648204E+01   2.742236E+01
   8.648001E+01   2.742283E+01
   8.647711E+01   2.742295E+01
   8.647452E+01   2.742215E+01
   8.647232E+01   2.742175E+01
   8.646992E+01   2.742285E+01
   8.646879E+01   2.742472E+01
   8.646828E+01   2.742588E+01
   8.646578E+01   2.742794E+01
   8.646448E+01   2.742859E+01
   8.646339E+01   2.743050E+01
   8.646075E+01   2.743333E+01
   8.646042E+01   2.743502E+01
   8.646121E+01   2.743550E+01
   8.646300E+01   2.743805E+01
   8.646516E+01   2.743986E+01
   8.646657E+01   2.744243E+01
   8.646736E+01   2.744440E+01
   8.646644E+01   2.744630E+01
   8.646216E+01   2.744971E+01
   8.645928E+01   2.745189E+01
   8.645597E+01   2.745371E+01
   8.645385E+01   2.745568E+01
   8.645427E+01   2.745797E+01
   8.645380E+01   2.746058E+01
   8.645265E+01   2.746307E+01
   8.645059E+01   2.746527E+01
   8.644967E+01   2.746728E+01
   8.644888E+01   2.746899E+01
   8.644659E+01   2.747227E+01
   8.644565E+01   2.747459E+01
   8.644426E+01   2.747770E+01
   8.644194E+01   2.748117E+01
   8.644020E+01   2.748520E+01
   8.643949E+01   2.748594E+01
   8.643697E+01   2.748594E+01
   8.643355E+01   2.748618E+01
   8.643203E+01   2.748668E+01
   8.643129E+01   2.748647E+01
   8.642953E+01   2.748499E+01
   8.642760E+01   2.748527E+01
   8.642626E+01   2.748558E+01
   8.642432E+01   2.748659E+01
   8.642237E+01   2.748817E+01
   8.642114E+01   2.749001E+01
   8.641948E+01   2.749124E+01
   8.641789E+01   2.749236E+01
   8.641679E+01   2.749418E+01
   8.641513E+01   2.749550E+01
   8.641446E+01   2.749720E+01
   8.641419E+01   2.749856E+01
   8.641368E+01   2.749941E+01
   8.641255E+01   2.750005E+01
   8.641166E+01   2.750065E+01
   8.641165E+01   2.750156E+01
   8.641120E+01   2.750275E+01
   8.641069E+01   2.750352E+01
   8.641116E+01   2.750439E+01
   8.641035E+01   2.750546E+01
   8.641077E+01   2.750604E+01
   8.641048E+01   2.750667E+01
   8.640942E+01   2.750712E+01
   8.640854E+01   2.750813E+01
   8.640831E+01   2.750928E+01
   8.640773E+01   2.751064E+01
   8.640707E+01   2.751134E+01
   8.640617E+01   2.751224E+01
   8.640498E+01   2.751340E+01
   8.640398E+01   2.751409E+01
   8.640299E+01   2.751564E+01
   8.640235E+01   2.751636E+01
   8.640143E+01   2.751680E+01
   8.640051E+01   2.751704E+01
   8.639959E+01   2.751732E+01
   8.639861E+01   2.751764E+01
   8.639783E+01   2.751808E+01
   8.639703E+01   2.751789E+01
   8.639555E+01   2.751768E+01
   8.639457E+01   2.751755E+01
   8.639364E+01   2.751736E+01
   8.639271E+01   2.751686E+01
   8.639122E+01   2.751710E+01
   8.639050E+01   2.751702E+01
   8.638962E+01   2.751667E+01
   8.638871E+01   2.751649E+01
   8.638771E+01   2.751652E+01
   8.638664E+01   2.751578E+01
   8.638528E+01   2.751583E+01
   8.638438E+01   2.751621E+01
   8.638365E+01   2.751644E+01
   8.638216E+01   2.751659E+01
   8.638117E+01   2.751657E+01
   8.637997E+01   2.751639E+01
   8.637912E+01   2.751617E+01
   8.637829E+01   2.751601E+01
   8.637750E+01   2.751598E+01
   8.637693E+01   2.751571E+01
   8.637637E+01   2.751574E+01
   8.637586E+01   2.751562E+01
   8.637534E+01   2.751544E+01
   8.637444E+01   2.751604E+01
   8.637365E+01   2.751655E+01
   8.637277E+01   2.751730E+01
   8.637183E+01   2.751766E+01
   8.637116E+01   2.751756E+01
   8.637026E+01   2.751810E+01
   8.636966E+01   2.751875E+01
   8.636929E+01   2.751924E+01
   8.636881E+01   2.751961E+01
   8.636834E+01   2.751995E+01
   8.636789E+01   2.751981E+01
   8.636701E+01   2.752026E+01
   8.636618E+01   2.752062E+01
   8.636487E+01   2.752096E+01
   8.636403E+01   2.752135E+01
   8.636327E+01   2.752205E+01
   8.636285E+01   2.752284E+01
   8.636283E+01   2.752334E+01
   8.636227E+01   2.752374E+01
   8.636144E+01   2.752404E+01
   8.636111E+01   2.752482E+01
   8.636139E+01   2.752533E+01
   8.636070E+01   2.752564E+01
   8.636003E+01   2.752582E+01
   8.635960E+01   2.752554E+01
   8.635960E+01   2.752498E+01
   8.635924E+01   2.752452E+01
   8.635845E+01   2.752419E+01
   8.635747E+01   2.752430E+01
   8.635683E+01   2.752445E+01
   8.635664E+01   2.752505E+01
   8.635593E+01   2.752571E+01
   8.635577E+01   2.752607E+01
   8.635637E+01   2.752715E+01
   8.635751E+01   2.752974E+01
   8.635732E+01   2.753189E+01
   8.635725E+01   2.753323E+01
   8.635752E+01   2.753384E+01
   8.635830E+01   2.753532E+01
   8.635822E+01   2.753945E+01
   8.636061E+01   2.754276E+01
   8.636299E+01   2.754499E+01
   8.636412E+01   2.754617E+01
   8.636688E+01   2.754813E+01
   8.636908E+01   2.754922E+01
   8.636991E+01   2.755086E+01
   8.637053E+01   2.755238E+01
   8.636906E+01   2.755473E+01
   8.636861E+01   2.755657E+01
   8.636975E+01   2.755943E+01
   8.637128E+01   2.756175E+01
   8.637167E+01   2.756235E+01
   8.637302E+01   2.756357E+01
   8.637558E+01   2.756676E+01
   8.637741E+01   2.756903E+01
   8.637784E+01   2.756926E+01
   8.638013E+01   2.757130E+01
   8.638232E+01   2.757193E+01
   8.638709E+01   2.757250E+01
   8.638856E+01   2.757348E+01
   8.638922E+01   2.757531E+01
   8.639090E+01   2.757617E+01
   8.639302E+01   2.757780E+01
   8.639389E+01   2.757882E+01
   8.639532E+01   2.758034E+01
   8.639724E+01   2.758265E+01
   8.639875E+01   2.758359E+01
   8.640223E+01   2.758421E+01
   8.640403E+01   2.758465E+01
   8.640729E+01   2.758473E+01
   8.640845E+01   2.758491E+01
   8.640924E+01   2.758632E+01
   8.641182E+01   2.758695E+01
   8.641331E+01   2.758693E+01
   8.641526E+01   2.758879E+01
   8.641743E+01   2.759091E+01
   8.641809E+01   2.759274E+01
   8.641938E+01   2.759686E+01
   8.642004E+01   2.759881E+01
   8.642130E+01   2.759968E+01
   8.642454E+01   2.760213E+01
   8.642738E+01   2.760344E+01
   8.642902E+01   2.760446E+01
   8.643056E+01   2.760487E+01
   8.643174E+01   2.760681E+01
   8.643261E+01   2.760795E+01
   8.643409E+01   2.760992E+01
   8.643697E+01   2.761104E+01
   8.644147E+01   2.761138E+01
   8.644572E+01   2.761218E+01
   8.644727E+01   2.761304E+01
   8.644946E+01   2.761333E+01
   8.645397E+01   2.761401E+01
   8.645783E+01   2.761508E+01
   8.646015E+01   2.761529E+01
   8.646182E+01   2.761569E+01
   8.646465E+01   2.761612E+01
   8.646710E+01   2.761629E+01
   8.647174E+01   2.761723E+01
   8.647520E+01   2.761632E+01
   8.647648E+01   2.761596E+01
   8.647907E+01   2.761681E+01
   8.648267E+01   2.761735E+01
   8.648575E+01   2.761685E+01
   8.648921E+01   2.761544E+01
   8.649236E+01   2.761387E+01
   8.649359E+01   2.761600E+01
   8.649534E+01   2.761897E+01
   8.650001E+01   2.762104E+01
   8.650058E+01   2.762540E+01
   8.650381E+01   2.762950E+01
   8.650395E+01   2.763320E+01
   8.650585E+01   2.763515E+01
   8.650676E+01   2.763863E+01
   8.650753E+01   2.764107E+01
   8.651125E+01   2.764256E+01
   8.651286E+01   2.764737E+01
   8.651384E+01   2.764837E+01
   8.651745E+01   2.764712E+01
   8.652199E+01   2.764949E+01
   8.652523E+01   2.765015E+01
   8.652650E+01   2.765257E+01
   8.652802E+01   2.765412E+01
   8.652852E+01   2.765711E+01
   8.652698E+01   2.766031E+01
   8.652919E+01   2.766208E+01
   8.653288E+01   2.766295E+01
   8.653426E+01   2.766636E+01
   8.653736E+01   2.766995E+01
   8.653808E+01   2.767294E+01
   8.653655E+01   2.767831E+01
   8.653701E+01   2.767981E+01
   8.653910E+01   2.768506E+01
   8.653884E+01   2.768917E+01
   8.654064E+01   2.769294E+01
   8.653896E+01   2.769785E+01
   8.653991E+01   2.770111E+01
   8.654151E+01   2.770361E+01
   8.654588E+01   2.770685E+01
   8.654865E+01   2.770980E+01
   8.655134E+01   2.771231E+01
   8.655094E+01   2.771669E+01
   8.655257E+01   2.771892E+01
   8.655385E+01   2.772165E+01
   8.655379E+01   2.772230E+01
   8.655423E+01   2.772414E+01
   8.655686E+01   2.772890E+01
   8.655613E+01   2.773158E+01
   8.655740E+01   2.773548E+01
   8.655812E+01   2.773856E+01
   8.656098E+01   2.774248E+01
   8.656313E+01   2.774563E+01
   8.656262E+01   2.774821E+01
   8.656389E+01   2.775014E+01
   8.656516E+01   2.775040E+01
   8.656709E+01   2.775105E+01
   8.656904E+01   2.775204E+01
   8.657080E+01   2.775327E+01
   8.657262E+01   2.775472E+01
   8.657117E+01   2.775762E+01
   8.657022E+01   2.775948E+01
   8.656832E+01   2.776090E+01
   8.656646E+01   2.776223E+01
   8.656557E+01   2.776411E+01
   8.656484E+01   2.776698E+01
   8.656404E+01   2.776910E+01
   8.656387E+01   2.777113E+01
   8.656465E+01   2.777308E+01
   8.656529E+01   2.777509E+01
   8.656581E+01   2.777706E+01
   8.656606E+01   2.778000E+01
   8.656569E+01   2.778220E+01
   8.656539E+01   2.778429E+01
   8.656590E+01   2.778671E+01
   8.656694E+01   2.778836E+01
   8.656808E+01   2.779002E+01
   8.656866E+01   2.779183E+01
   8.656871E+01   2.779397E+01
   8.656838E+01   2.779604E+01
   8.656723E+01   2.779763E+01
   8.656549E+01   2.779974E+01
   8.656591E+01   2.780175E+01
   8.656665E+01   2.780376E+01
