   8.635593E+01   2.696098E+01
   8.634333E+01   2.696306E+01
   8.632859E+01   2.696859E+01
   8.632309E+01   2.696815E+01
   8.632086E+01   2.696651E+01
   8.631816E+01   2.696546E+01
   8.631532E+01   2.696374E+01
   8.631372E+01   2.696364E+01
   8.631161E+01   2.696169E+01
   8.630793E+01   2.696120E+01
   8.630428E+01   2.695936E+01
   8.630085E+01   2.695821E+01
   8.629816E+01   2.695567E+01
   8.628773E+01   2.694846E+01
   8.627783E+01   2.693780E+01
   8.627379E+01   2.693154E+01
   8.626156E+01   2.692667E+01
   8.625955E+01   2.691927E+01
   8.625809E+01   2.692019E+01
   8.625711E+01   2.692170E+01
   8.625683E+01   2.692296E+01
   8.625674E+01   2.692387E+01
   8.625708E+01   2.692543E+01
   8.625702E+01   2.692664E+01
   8.625707E+01   2.692768E+01
   8.625779E+01   2.692827E+01
   8.625686E+01   2.692957E+01
   8.625627E+01   2.693088E+01
   8.625536E+01   2.693206E+01
   8.625510E+01   2.693271E+01
   8.625286E+01   2.693361E+01
   8.625155E+01   2.693477E+01
   8.625054E+01   2.693589E+01
   8.624904E+01   2.693622E+01
   8.624751E+01   2.693713E+01
   8.624598E+01   2.693781E+01
   8.624399E+01   2.693886E+01
   8.624294E+01   2.693981E+01
   8.624106E+01   2.694032E+01
   8.624020E+01   2.694129E+01
   8.623964E+01   2.694241E+01
   8.623741E+01   2.694413E+01
   8.623535E+01   2.694675E+01
   8.623514E+01   2.694717E+01
   8.623448E+01   2.695028E+01
   8.623369E+01   2.695071E+01
   8.622939E+01   2.694963E+01
   8.622802E+01   2.694928E+01
   8.622650E+01   2.694970E+01
   8.622491E+01   2.695089E+01
   8.622473E+01   2.695176E+01
   8.622441E+01   2.695266E+01
   8.622387E+01   2.695282E+01
   8.622282E+01   2.695283E+01
   8.622155E+01   2.695501E+01
   8.622036E+01   2.695519E+01
   8.621907E+01   2.695426E+01
   8.621864E+01   2.695452E+01
   8.621874E+01   2.695567E+01
   8.621879E+01   2.695719E+01
   8.621775E+01   2.695845E+01
   8.621650E+01   2.696009E+01
   8.621515E+01   2.696058E+01
   8.621453E+01   2.696098E+01
   8.621356E+01   2.696303E+01
   8.621132E+01   2.696458E+01
   8.620923E+01   2.696622E+01
   8.620775E+01   2.696691E+01
   8.620584E+01   2.696741E+01
   8.620329E+01   2.696903E+01
   8.620203E+01   2.696988E+01
   8.620005E+01   2.697019E+01
   8.619847E+01   2.697068E+01
   8.619651E+01   2.697242E+01
   8.619418E+01   2.697434E+01
   8.619242E+01   2.697518E+01
   8.619222E+01   2.697599E+01
   8.619202E+01   2.697795E+01
   8.619138E+01   2.697871E+01
   8.618838E+01   2.697767E+01
   8.618686E+01   2.697789E+01
   8.618782E+01   2.697973E+01
   8.618755E+01   2.698240E+01
   8.618672E+01   2.698266E+01
   8.618519E+01   2.698244E+01
   8.618217E+01   2.698398E+01
   8.617993E+01   2.698467E+01
   8.617874E+01   2.698457E+01
   8.617732E+01   2.698582E+01
   8.617522E+01   2.698689E+01
   8.617304E+01   2.698749E+01
   8.616997E+01   2.698924E+01
   8.616839E+01   2.698924E+01
   8.616630E+01   2.698953E+01
   8.616418E+01   2.699114E+01
   8.616248E+01   2.699214E+01
   8.615873E+01   2.699286E+01
   8.615542E+01   2.699370E+01
   8.615222E+01   2.699481E+01
   8.614848E+01   2.699692E+01
   8.614526E+01   2.699776E+01
   8.614268E+01   2.699897E+01
   8.614059E+01   2.699935E+01
   8.613896E+01   2.700055E+01
   8.613801E+01   2.700115E+01
   8.613545E+01   2.700248E+01
   8.613362E+01   2.700338E+01
   8.613087E+01   2.700435E+01
   8.612832E+01   2.700557E+01
   8.612634E+01   2.700676E+01
   8.612513E+01   2.700747E+01
   8.612379E+01   2.700782E+01
   8.612294E+01   2.700804E+01
   8.612171E+01   2.700849E+01
   8.612009E+01   2.700909E+01
   8.611945E+01   2.700946E+01
   8.611759E+01   2.701042E+01
   8.611648E+01   2.701089E+01
   8.611486E+01   2.701168E+01
   8.611350E+01   2.701203E+01
   8.611184E+01   2.701245E+01
   8.610974E+01   2.701345E+01
   8.610912E+01   2.701392E+01
   8.610626E+01   2.701537E+01
   8.610482E+01   2.701559E+01
   8.610352E+01   2.701597E+01
   8.610198E+01   2.701633E+01
   8.610064E+01   2.701694E+01
   8.609993E+01   2.701742E+01
   8.609857E+01   2.701756E+01
   8.609678E+01   2.701760E+01
   8.609372E+01   2.701840E+01
   8.609151E+01   2.701862E+01
   8.608904E+01   2.701927E+01
   8.608759E+01   2.701905E+01
   8.608606E+01   2.701930E+01
   8.608445E+01   2.701920E+01
   8.608351E+01   2.701898E+01
   8.608186E+01   2.701851E+01
   8.608024E+01   2.701852E+01
   8.607931E+01   2.701859E+01
   8.607777E+01   2.701916E+01
   8.607711E+01   2.701883E+01
   8.607639E+01   2.701892E+01
   8.607500E+01   2.701901E+01
   8.607398E+01   2.701887E+01
   8.607058E+01   2.701904E+01
   8.606977E+01   2.701910E+01
   8.606738E+01   2.701922E+01
   8.606585E+01   2.701917E+01
   8.606389E+01   2.701886E+01
   8.606151E+01   2.701884E+01
   8.605794E+01   2.701857E+01
   8.605564E+01   2.701833E+01
   8.605214E+01   2.701873E+01
   8.605044E+01   2.701904E+01
   8.604892E+01   2.701914E+01
   8.604839E+01   2.701979E+01
   8.604848E+01   2.702087E+01
   8.604808E+01   2.702138E+01
   8.604688E+01   2.702147E+01
   8.604613E+01   2.702085E+01
   8.604489E+01   2.702004E+01
   8.604200E+01   2.701971E+01
   8.604038E+01   2.701987E+01
   8.603817E+01   2.701999E+01
   8.603621E+01   2.702012E+01
   8.603501E+01   2.702042E+01
   8.603297E+01   2.702061E+01
   8.603122E+01   2.702080E+01
   8.603003E+01   2.702090E+01
   8.602799E+01   2.702032E+01
   8.602672E+01   2.702064E+01
   8.602535E+01   2.702061E+01
   8.602440E+01   2.702041E+01
   8.602338E+01   2.702042E+01
   8.602215E+01   2.701982E+01
   8.602096E+01   2.701936E+01
   8.601951E+01   2.701969E+01
   8.601772E+01   2.701976E+01
   8.601585E+01   2.702007E+01
   8.601457E+01   2.702021E+01
   8.601307E+01   2.701944E+01
   8.601233E+01   2.701882E+01
   8.601181E+01   2.701901E+01
   8.601139E+01   2.701925E+01
   8.601138E+01   2.701979E+01
   8.601084E+01   2.702051E+01
   8.601023E+01   2.702062E+01
   8.600914E+01   2.702029E+01
   8.600824E+01   2.702088E+01
   8.600656E+01   2.702159E+01
   8.600562E+01   2.702216E+01
   8.600326E+01   2.702130E+01
   8.600173E+01   2.702114E+01
   8.600039E+01   2.702161E+01
   8.599953E+01   2.702208E+01
   8.599844E+01   2.702313E+01
   8.599754E+01   2.702343E+01
   8.599581E+01   2.702385E+01
   8.599477E+01   2.702447E+01
   8.599315E+01   2.702454E+01
   8.599153E+01   2.702498E+01
   8.599101E+01   2.702537E+01
   8.598928E+01   2.702667E+01
   8.598801E+01   2.702797E+01
   8.598688E+01   2.702931E+01
   8.598592E+01   2.703152E+01
   8.598584E+01   2.703289E+01
   8.598543E+01   2.703350E+01
   8.598393E+01   2.703425E+01
   8.598295E+01   2.703473E+01
   8.598230E+01   2.703554E+01
   8.598243E+01   2.703684E+01
   8.598181E+01   2.703739E+01
   8.598071E+01   2.703856E+01
   8.597983E+01   2.703935E+01
   8.597897E+01   2.704037E+01
   8.597768E+01   2.704152E+01
   8.597726E+01   2.704250E+01
   8.597540E+01   2.704431E+01
   8.597422E+01   2.704699E+01
   8.597379E+01   2.704788E+01
   8.597152E+01   2.705000E+01
   8.597076E+01   2.705110E+01
   8.596968E+01   2.705357E+01
   8.597048E+01   2.705594E+01
   8.597036E+01   2.705724E+01
   8.596934E+01   2.705880E+01
   8.596946E+01   2.706025E+01
   8.596920E+01   2.706208E+01
   8.596849E+01   2.706313E+01
   8.596802E+01   2.706480E+01
   8.596729E+01   2.706596E+01
   8.596623E+01   2.706687E+01
   8.596591E+01   2.706748E+01
   8.596628E+01   2.706844E+01
   8.596602E+01   2.706927E+01
   8.596639E+01   2.706974E+01
   8.596675E+01   2.707054E+01
   8.596612E+01   2.707136E+01
   8.596593E+01   2.707266E+01
   8.596567E+01   2.707365E+01
   8.596488E+01   2.707383E+01
   8.596346E+01   2.707309E+01
   8.596272E+01   2.707458E+01
   8.596177E+01   2.707646E+01
   8.596190E+01   2.707814E+01
   8.596205E+01   2.707960E+01
   8.596130E+01   2.708020E+01
   8.596023E+01   2.708084E+01
   8.595875E+01   2.708198E+01
   8.595795E+01   2.708268E+01
   8.595686E+01   2.708354E+01
   8.595546E+01   2.708437E+01
   8.595453E+01   2.708429E+01
   8.595358E+01   2.708373E+01
   8.595238E+01   2.708391E+01
   8.595077E+01   2.708403E+01
   8.594987E+01   2.708411E+01
   8.594976E+01   2.708461E+01
   8.595033E+01   2.708536E+01
   8.595093E+01   2.708664E+01
   8.595060E+01   2.708818E+01
   8.594864E+01   2.708815E+01
   8.594777E+01   2.708864E+01
   8.594772E+01   2.708949E+01
   8.594670E+01   2.708960E+01
   8.594639E+01   2.709040E+01
   8.594585E+01   2.709104E+01
   8.594421E+01   2.709190E+01
   8.594381E+01   2.709289E+01
   8.594318E+01   2.709434E+01
   8.594294E+01   2.709518E+01
   8.594174E+01   2.709677E+01
   8.594066E+01   2.709872E+01
   8.593987E+01   2.710059E+01
   8.593816E+01   2.710433E+01
   8.593701E+01   2.710652E+01
   8.593625E+01   2.710865E+01
   8.593582E+01   2.711088E+01
   8.593586E+01   2.711111E+01
   8.593651E+01   2.711448E+01
   8.593727E+01   2.711649E+01
   8.593792E+01   2.711833E+01
   8.593807E+01   2.712047E+01
   8.593782E+01   2.712169E+01
   8.593521E+01   2.712300E+01
   8.593238E+01   2.712410E+01
   8.593063E+01   2.712479E+01
   8.592912E+01   2.712573E+01
   8.592591E+01   2.712642E+01
   8.592507E+01   2.712671E+01
   8.592436E+01   2.712683E+01
   8.592302E+01   2.712706E+01
   8.592122E+01   2.712746E+01
   8.592014E+01   2.712862E+01
   8.591891E+01   2.712926E+01
   8.591673E+01   2.712950E+01
   8.591552E+01   2.712942E+01
   8.591455E+01   2.712991E+01
   8.591378E+01   2.712997E+01
   8.591305E+01   2.713105E+01
   8.591193E+01   2.713235E+01
   8.591090E+01   2.713258E+01
   8.590892E+01   2.713282E+01
   8.590795E+01   2.713317E+01
   8.590500E+01   2.713429E+01
   8.590375E+01   2.713496E+01
   8.590149E+01   2.713568E+01
   8.590083E+01   2.713670E+01
   8.590011E+01   2.713728E+01
   8.589793E+01   2.713752E+01
   8.589579E+01   2.713893E+01
   8.589467E+01   2.714004E+01
   8.589292E+01   2.714125E+01
   8.589221E+01   2.714123E+01
   8.589074E+01   2.714145E+01
   8.589044E+01   2.714213E+01
   8.588899E+01   2.714314E+01
   8.588814E+01   2.714413E+01
   8.588682E+01   2.714566E+01
   8.588616E+01   2.714595E+01
   8.588482E+01   2.714571E+01
   8.588288E+01   2.714654E+01
   8.588259E+01   2.714640E+01
   8.588132E+01   2.714440E+01
   8.588021E+01   2.714329E+01
   8.587940E+01   2.714279E+01
   8.587807E+01   2.714211E+01
   8.587593E+01   2.714092E+01
   8.587461E+01   2.713982E+01
   8.587392E+01   2.713855E+01
   8.587309E+01   2.713759E+01
   8.587253E+01   2.713712E+01
   8.587024E+01   2.713578E+01
   8.586945E+01   2.713491E+01
   8.586816E+01   2.713373E+01
   8.586726E+01   2.713230E+01
   8.586599E+01   2.713087E+01
   8.586529E+01   2.713007E+01
   8.586365E+01   2.712785E+01
   8.586339E+01   2.712712E+01
   8.586233E+01   2.712730E+01
   8.586045E+01   2.712891E+01
   8.585927E+01   2.713027E+01
   8.585843E+01   2.713199E+01
   8.585788E+01   2.713306E+01
   8.585644E+01   2.713362E+01
   8.585497E+01   2.713391E+01
   8.585468E+01   2.713443E+01
   8.585504E+01   2.713525E+01
   8.585456E+01   2.713601E+01
   8.585384E+01   2.713634E+01
   8.585389E+01   2.713741E+01
   8.585353E+01   2.713806E+01
   8.585211E+01   2.713881E+01
   8.585120E+01   2.713923E+01
   8.585067E+01   2.713957E+01
   8.584880E+01   2.714031E+01
   8.584744E+01   2.714065E+01
   8.584591E+01   2.714089E+01
   8.584491E+01   2.714139E+01
   8.584174E+01   2.714393E+01
   8.583997E+01   2.714465E+01
   8.583878E+01   2.714475E+01
   8.583789E+01   2.714539E+01
   8.583692E+01   2.714631E+01
   8.583596E+01   2.714678E+01
   8.583543E+01   2.714737E+01
   8.583548E+01   2.714814E+01
   8.583474E+01   2.714906E+01
   8.583444E+01   2.714950E+01
   8.583462E+01   2.714999E+01
   8.583568E+01   2.715024E+01
   8.583632E+01   2.715039E+01
   8.583750E+01   2.715199E+01
   8.583923E+01   2.715251E+01
   8.583994E+01   2.715325E+01
   8.584042E+01   2.715578E+01
   8.584170E+01   2.715804E+01
   8.584260E+01   2.715919E+01
   8.584332E+01   2.715980E+01
   8.584292E+01   2.716035E+01
   8.584180E+01   2.716108E+01
   8.584061E+01   2.716180E+01
   8.583832E+01   2.716257E+01
   8.583677E+01   2.716356E+01
   8.583515E+01   2.716420E+01
   8.583390E+01   2.716508E+01
   8.583305E+01   2.716578E+01
   8.583189E+01   2.716653E+01
   8.583142E+01   2.716688E+01
   8.582942E+01   2.716761E+01
   8.582787E+01   2.716781E+01
   8.582711E+01   2.716772E+01
   8.582588E+01   2.716838E+01
   8.582443E+01   2.716839E+01
   8.582245E+01   2.716721E+01
   8.582124E+01   2.716550E+01
   8.582045E+01   2.716435E+01
   8.581946E+01   2.716375E+01
   8.581861E+01   2.716354E+01
   8.581695E+01   2.716269E+01
   8.581572E+01   2.716143E+01
   8.581432E+01   2.716115E+01
   8.581307E+01   2.716196E+01
   8.581181E+01   2.716197E+01
   8.581030E+01   2.716173E+01
   8.580793E+01   2.716224E+01
   8.580687E+01   2.716315E+01
   8.580623E+01   2.716357E+01
   8.580556E+01   2.716417E+01
   8.580344E+01   2.716485E+01
   8.580132E+01   2.716611E+01
   8.579835E+01   2.716752E+01
   8.579614E+01   2.716753E+01
   8.579542E+01   2.716794E+01
   8.579389E+01   2.716844E+01
   8.579281E+01   2.716916E+01
   8.579190E+01   2.716978E+01
   8.579034E+01   2.717095E+01
   8.578964E+01   2.717172E+01
   8.578846E+01   2.717361E+01
   8.578542E+01   2.717482E+01
   8.578330E+01   2.717552E+01
   8.578210E+01   2.717522E+01
   8.578136E+01   2.717536E+01
   8.578070E+01   2.717604E+01
   8.577934E+01   2.717654E+01
   8.577739E+01   2.717717E+01
   8.577609E+01   2.717837E+01
   8.577576E+01   2.717866E+01
   8.577405E+01   2.717846E+01
   8.577303E+01   2.717879E+01
   8.577189E+01   2.717947E+01
   8.577106E+01   2.718022E+01
   8.577047E+01   2.718051E+01
   8.576992E+01   2.718143E+01
   8.576945E+01   2.718222E+01
   8.576828E+01   2.718252E+01
   8.576660E+01   2.718253E+01
   8.576300E+01   2.718265E+01
   8.576190E+01   2.718311E+01
   8.576071E+01   2.718351E+01
   8.575944E+01   2.718430E+01
   8.575878E+01   2.718490E+01
   8.575725E+01   2.718535E+01
   8.575495E+01   2.718561E+01
   8.575342E+01   2.718612E+01
   8.575112E+01   2.718600E+01
   8.574934E+01   2.718655E+01
   8.574806E+01   2.718736E+01
   8.574752E+01   2.718839E+01
   8.574562E+01   2.718843E+01
   8.574376E+01   2.718760E+01
   8.574060E+01   2.718893E+01
   8.573819E+01   2.719042E+01
   8.573635E+01   2.719057E+01
   8.573403E+01   2.719060E+01
   8.572947E+01   2.719237E+01
   8.572692E+01   2.719384E+01
   8.572352E+01   2.719537E+01
   8.572214E+01   2.719455E+01
   8.572071E+01   2.719118E+01
   8.571839E+01   2.718900E+01
   8.571558E+01   2.718774E+01
   8.571278E+01   2.718747E+01
   8.570820E+01   2.718622E+01
   8.570795E+01   2.718616E+01
   8.570670E+01   2.718578E+01
   8.570359E+01   2.718492E+01
   8.570072E+01   2.718560E+01
   8.569881E+01   2.718640E+01
   8.569622E+01   2.718485E+01
   8.569381E+01   2.718266E+01
   8.569246E+01   2.718052E+01
   8.568999E+01   2.717789E+01
   8.568711E+01   2.717644E+01
   8.568549E+01   2.717617E+01
   8.568552E+01   2.717467E+01
   8.568312E+01   2.717130E+01
   8.568001E+01   2.716840E+01
   8.567740E+01   2.716732E+01
   8.567405E+01   2.716736E+01
   8.567094E+01   2.716660E+01
   8.566976E+01   2.716440E+01
   8.566692E+01   2.716302E+01
   8.566601E+01   2.716237E+01
   8.566546E+01   2.716189E+01
   8.566554E+01   2.716114E+01
   8.566457E+01   2.715932E+01
   8.566231E+01   2.715630E+01
   8.566070E+01   2.715613E+01
   8.565953E+01   2.715611E+01
   8.565593E+01   2.715521E+01
   8.565546E+01   2.715439E+01
   8.565638E+01   2.715345E+01
   8.565597E+01   2.715258E+01
   8.565506E+01   2.715269E+01
   8.565373E+01   2.715309E+01
   8.565222E+01   2.715228E+01
   8.565180E+01   2.715115E+01
   8.565015E+01   2.715056E+01
   8.564916E+01   2.714787E+01
   8.564717E+01   2.714517E+01
   8.564562E+01   2.714421E+01
   8.564366E+01   2.714332E+01
   8.564210E+01   2.714259E+01
   8.564096E+01   2.714266E+01
   8.563936E+01   2.714294E+01
   8.563562E+01   2.714197E+01
   8.563270E+01   2.714095E+01
   8.563170E+01   2.713949E+01
   8.563104E+01   2.713806E+01
   8.562850E+01   2.713753E+01
   8.562481E+01   2.713927E+01
   8.562237E+01   2.714080E+01
   8.562095E+01   2.713996E+01
   8.561954E+01   2.713900E+01
   8.561862E+01   2.714022E+01
   8.561627E+01   2.714090E+01
   8.561335E+01   2.714129E+01
   8.561187E+01   2.714176E+01
   8.561097E+01   2.714146E+01
   8.560986E+01   2.714063E+01
   8.560787E+01   2.713984E+01
   8.560638E+01   2.713982E+01
   8.560444E+01   2.713986E+01
   8.560317E+01   2.714145E+01
   8.560023E+01   2.714367E+01
   8.559941E+01   2.714370E+01
   8.559808E+01   2.714334E+01
   8.559667E+01   2.714278E+01
   8.559455E+01   2.714077E+01
   8.559197E+01   2.714135E+01
   8.559117E+01   2.714219E+01
   8.558892E+01   2.714306E+01
   8.558638E+01   2.714351E+01
   8.558477E+01   2.714356E+01
   8.558412E+01   2.714290E+01
   8.558339E+01   2.714285E+01
   8.558110E+01   2.714390E+01
   8.557844E+01   2.714359E+01
   8.557640E+01   2.714111E+01
   8.557384E+01   2.713929E+01
   8.557136E+01   2.713731E+01
   8.556998E+01   2.713817E+01
   8.557012E+01   2.713916E+01
   8.556911E+01   2.714136E+01
   8.556939E+01   2.714240E+01
   8.556888E+01   2.714355E+01
   8.556719E+01   2.714361E+01
   8.556638E+01   2.714356E+01
   8.556469E+01   2.714381E+01
   8.556258E+01   2.714467E+01
   8.556052E+01   2.714409E+01
   8.555858E+01   2.714413E+01
   8.555671E+01   2.714549E+01
   8.555529E+01   2.714572E+01
   8.555449E+01   2.714686E+01
   8.555275E+01   2.714679E+01
   8.555090E+01   2.714647E+01
   8.554963E+01   2.714585E+01
   8.554938E+01   2.714374E+01
   8.554921E+01   2.714247E+01
   8.555159E+01   2.714085E+01
   8.554924E+01   2.714102E+01
   8.554665E+01   2.714077E+01
   8.554691E+01   2.714160E+01
   8.554655E+01   2.714325E+01
   8.554426E+01   2.714483E+01
   8.554200E+01   2.714499E+01
   8.554230E+01   2.714611E+01
   8.554065E+01   2.714696E+01
   8.553880E+01   2.714787E+01
   8.553652E+01   2.714898E+01
   8.553374E+01   2.714727E+01
   8.553283E+01   2.714623E+01
   8.553284E+01   2.714410E+01
   8.553209E+01   2.714254E+01
   8.553065E+01   2.714113E+01
   8.552441E+01   2.714074E+01
   8.552186E+01   2.714126E+01
   8.551990E+01   2.714130E+01
   8.551804E+01   2.714228E+01
   8.551582E+01   2.714279E+01
   8.551316E+01   2.714215E+01
   8.551152E+01   2.714261E+01
   8.550836E+01   2.714370E+01
   8.550469E+01   2.714384E+01
   8.550278E+01   2.714392E+01
   8.550090E+01   2.714368E+01
   8.549945E+01   2.714447E+01
   8.549682E+01   2.714569E+01
   8.549458E+01   2.714804E+01
   8.549353E+01   2.714973E+01
   8.549262E+01   2.715173E+01
   8.549143E+01   2.715331E+01
   8.549029E+01   2.715464E+01
   8.549001E+01   2.715619E+01
   8.549333E+01   2.716273E+01
   8.549710E+01   2.716320E+01
   8.550111E+01   2.716287E+01
   8.550369E+01   2.716320E+01
   8.550376E+01   2.716461E+01
   8.550283E+01   2.716595E+01
   8.549983E+01   2.716782E+01
   8.550013E+01   2.716919E+01
   8.550292E+01   2.717265E+01
   8.550194E+01   2.717510E+01
   8.550011E+01   2.717567E+01
   8.549795E+01   2.717383E+01
   8.549511E+01   2.717374E+01
   8.549205E+01   2.717221E+01
   8.549040E+01   2.717161E+01
   8.548794E+01   2.717482E+01
   8.548655E+01   2.717632E+01
   8.548346E+01   2.717619E+01
   8.548232E+01   2.717768E+01
   8.548180E+01   2.717954E+01
   8.548119E+01   2.718237E+01
   8.548222E+01   2.718375E+01
   8.548429E+01   2.718380E+01
   8.548678E+01   2.718326E+01
   8.548825E+01   2.718431E+01
   8.549165E+01   2.718536E+01
   8.549242E+01   2.718707E+01
   8.549131E+01   2.718910E+01
   8.548690E+01   2.719274E+01
   8.548739E+01   2.719551E+01
   8.548784E+01   2.719716E+01
   8.548808E+01   2.719842E+01
   8.549020E+01   2.719832E+01
   8.549351E+01   2.719798E+01
   8.549858E+01   2.719557E+01
   8.550362E+01   2.719508E+01
   8.550792E+01   2.719635E+01
   8.550896E+01   2.719705E+01
   8.550915E+01   2.719828E+01
   8.550579E+01   2.720338E+01
   8.550182E+01   2.720734E+01
   8.550051E+01   2.720845E+01
   8.550018E+01   2.720950E+01
   8.550156E+01   2.721082E+01
   8.550447E+01   2.721325E+01
   8.550426E+01   2.721523E+01
   8.550229E+01   2.721734E+01
   8.549981E+01   2.721995E+01
   8.549643E+01   2.722062E+01
   8.549242E+01   2.721978E+01
   8.548910E+01   2.722019E+01
   8.548664E+01   2.722312E+01
   8.548619E+01   2.722549E+01
   8.548795E+01   2.723879E+01
   8.548518E+01   2.725217E+01
   8.548182E+01   2.726005E+01
   8.546838E+01   2.727572E+01
   8.546322E+01   2.728077E+01
   8.545908E+01   2.728633E+01
   8.545112E+01   2.728569E+01
   8.544469E+01   2.728406E+01
   8.544026E+01   2.728615E+01
   8.543510E+01   2.728702E+01
   8.543253E+01   2.728852E+01
   8.543102E+01   2.729168E+01
   8.543119E+01   2.729701E+01
   8.543014E+01   2.730581E+01
   8.542497E+01   2.730861E+01
   8.542387E+01   2.731416E+01
   8.542044E+01   2.732303E+01
   8.541761E+01   2.733111E+01
   8.542156E+01   2.733265E+01
   8.543456E+01   2.733516E+01
   8.544654E+01   2.734500E+01
   8.544908E+01   2.735242E+01
   8.545235E+01   2.735323E+01
   8.545551E+01   2.735481E+01
   8.545948E+01   2.735415E+01
   8.546428E+01   2.735554E+01
   8.546994E+01   2.736225E+01
   8.547307E+01   2.736802E+01
   8.547250E+01   2.736963E+01
   8.547232E+01   2.737017E+01
   8.547292E+01   2.737060E+01
   8.547595E+01   2.737191E+01
   8.547664E+01   2.737135E+01
   8.547899E+01   2.737129E+01
   8.548063E+01   2.737273E+01
   8.548257E+01   2.737462E+01
   8.548492E+01   2.737550E+01
   8.548537E+01   2.737717E+01
   8.548720E+01   2.737813E+01
   8.548854E+01   2.737689E+01
   8.549017E+01   2.737496E+01
   8.549212E+01   2.737534E+01
   8.549454E+01   2.737604E+01
   8.549603E+01   2.737471E+01
   8.549576E+01   2.737320E+01
   8.549718E+01   2.737207E+01
   8.549998E+01   2.737208E+01
   8.550095E+01   2.737278E+01
   8.550172E+01   2.737246E+01
   8.550294E+01   2.737002E+01
   8.550480E+01   2.736930E+01
   8.550556E+01   2.736772E+01
   8.550572E+01   2.736575E+01
   8.550622E+01   2.736423E+01
   8.550760E+01   2.736430E+01
   8.550788E+01   2.736550E+01
   8.550999E+01   2.736558E+01
   8.551031E+01   2.736406E+01
   8.550861E+01   2.736252E+01
   8.550706E+01   2.736113E+01
   8.550618E+01   2.735975E+01
   8.550553E+01   2.735868E+01
   8.550376E+01   2.735766E+01
   8.550423E+01   2.735646E+01
   8.550619E+01   2.735529E+01
   8.550836E+01   2.735378E+01
   8.551040E+01   2.735325E+01
   8.551236E+01   2.735212E+01
   8.551409E+01   2.735053E+01
   8.551653E+01   2.735022E+01
   8.551867E+01   2.734994E+01
   8.552046E+01   2.734996E+01
   8.552248E+01   2.734995E+01
   8.552419E+01   2.735051E+01
   8.552443E+01   2.735178E+01
   8.552546E+01   2.735283E+01
   8.552680E+01   2.735383E+01
   8.552815E+01   2.735449E+01
   8.552937E+01   2.735476E+01
   8.553165E+01   2.735628E+01
   8.553332E+01   2.735698E+01
   8.553477E+01   2.735572E+01
   8.553602E+01   2.735438E+01
   8.553758E+01   2.735448E+01
   8.553915E+01   2.735435E+01
   8.554026E+01   2.735259E+01
   8.554017E+01   2.735118E+01
   8.553975E+01   2.735032E+01
   8.554003E+01   2.734939E+01
   8.554230E+01   2.734875E+01
   8.554433E+01   2.734826E+01
   8.554691E+01   2.734778E+01
   8.554882E+01   2.734715E+01
   8.554924E+01   2.734549E+01
   8.554968E+01   2.734354E+01
   8.555094E+01   2.734329E+01
   8.555224E+01   2.734409E+01
   8.555325E+01   2.734592E+01
   8.555463E+01   2.734655E+01
   8.555567E+01   2.734565E+01
   8.555548E+01   2.734374E+01
   8.555542E+01   2.734216E+01
   8.555707E+01   2.734089E+01
   8.555827E+01   2.733971E+01
   8.555982E+01   2.733929E+01
   8.556257E+01   2.734018E+01
   8.556322E+01   2.734144E+01
   8.556259E+01   2.734265E+01
   8.556295E+01   2.734361E+01
   8.556393E+01   2.734453E+01
   8.556529E+01   2.734458E+01
   8.556637E+01   2.734358E+01
   8.556623E+01   2.734256E+01
   8.556466E+01   2.734169E+01
   8.556497E+01   2.734082E+01
   8.556654E+01   2.734110E+01
   8.556882E+01   2.734074E+01
   8.557008E+01   2.734055E+01
   8.557215E+01   2.734069E+01
   8.557328E+01   2.734159E+01
   8.557498E+01   2.734179E+01
   8.557664E+01   2.734152E+01
   8.557747E+01   2.734242E+01
   8.557728E+01   2.734394E+01
   8.557830E+01   2.734464E+01
   8.558039E+01   2.734432E+01
   8.558223E+01   2.734398E+01
   8.558461E+01   2.734377E+01
   8.558628E+01   2.734397E+01
   8.558667E+01   2.734505E+01
   8.558846E+01   2.734445E+01
   8.559066E+01   2.734448E+01
   8.559207E+01   2.734375E+01
   8.559439E+01   2.734369E+01
   8.559687E+01   2.734437E+01
   8.559848E+01   2.734473E+01
   8.559914E+01   2.734363E+01
   8.560024E+01   2.734318E+01
   8.560261E+01   2.734357E+01
   8.560493E+01   2.734381E+01
   8.560710E+01   2.734409E+01
   8.561030E+01   2.734346E+01
   8.561180E+01   2.734270E+01
   8.561378E+01   2.734392E+01
   8.561453E+01   2.734480E+01
   8.561666E+01   2.734510E+01
   8.561904E+01   2.734540E+01
   8.562126E+01   2.734488E+01
   8.562352E+01   2.734500E+01
   8.562594E+01   2.734605E+01
   8.562829E+01   2.734697E+01
   8.562953E+01   2.734740E+01
   8.563119E+01   2.734739E+01
   8.563183E+01   2.734884E+01
   8.563291E+01   2.734933E+01
   8.563461E+01   2.735014E+01
   8.563459E+01   2.735147E+01
   8.563320E+01   2.735253E+01
   8.563432E+01   2.735339E+01
   8.563645E+01   2.735327E+01
   8.563809E+01   2.735220E+01
   8.563829E+01   2.735064E+01
   8.563896E+01   2.734941E+01
   8.563949E+01   2.734851E+01
   8.564047E+01   2.734927E+01
   8.564084E+01   2.735019E+01
   8.564191E+01   2.734934E+01
   8.564173E+01   2.734774E+01
   8.564073E+01   2.734735E+01
   8.563938E+01   2.734798E+01
   8.563917E+01   2.734696E+01
   8.564025E+01   2.734540E+01
   8.564189E+01   2.734589E+01
   8.564344E+01   2.734590E+01
   8.564341E+01   2.734439E+01
   8.564198E+01   2.734315E+01
   8.564272E+01   2.734208E+01
   8.564539E+01   2.734064E+01
   8.564718E+01   2.733855E+01
   8.564881E+01   2.733652E+01
   8.564985E+01   2.733481E+01
   8.565110E+01   2.733369E+01
   8.565370E+01   2.733420E+01
   8.565597E+01   2.733491E+01
   8.565835E+01   2.733498E+01
   8.565957E+01   2.733444E+01
   8.566085E+01   2.733449E+01
   8.566129E+01   2.733563E+01
   8.566170E+01   2.733685E+01
   8.566245E+01   2.733747E+01
   8.566397E+01   2.733802E+01
   8.566505E+01   2.733840E+01
   8.566699E+01   2.733831E+01
   8.566812E+01   2.733940E+01
   8.566925E+01   2.734061E+01
   8.567172E+01   2.734090E+01
   8.567230E+01   2.734186E+01
   8.567147E+01   2.734269E+01
   8.567181E+01   2.734394E+01
   8.567282E+01   2.734444E+01
   8.567357E+01   2.734351E+01
   8.567560E+01   2.734348E+01
   8.567664E+01   2.734445E+01
   8.567824E+01   2.734477E+01
   8.568013E+01   2.734486E+01
   8.568031E+01   2.734320E+01
   8.568244E+01   2.734223E+01
   8.568464E+01   2.734159E+01
   8.568468E+01   2.734052E+01
   8.568596E+01   2.733879E+01
   8.568701E+01   2.733800E+01
   8.568744E+01   2.733763E+01
   8.568813E+01   2.733732E+01
   8.568900E+01   2.733688E+01
   8.568969E+01   2.733740E+01
   8.569025E+01   2.733788E+01
   8.569135E+01   2.733773E+01
   8.569248E+01   2.733796E+01
   8.569339E+01   2.733884E+01
   8.569455E+01   2.733945E+01
   8.569540E+01   2.733994E+01
   8.569671E+01   2.733998E+01
   8.569792E+01   2.734038E+01
   8.569912E+01   2.734076E+01
   8.569942E+01   2.734191E+01
   8.570018E+01   2.734295E+01
   8.570051E+01   2.734390E+01
   8.570132E+01   2.734410E+01
   8.570219E+01   2.734437E+01
   8.570299E+01   2.734470E+01
   8.570378E+01   2.734535E+01
   8.570405E+01   2.734616E+01
   8.570433E+01   2.734672E+01
   8.570410E+01   2.734746E+01
   8.570440E+01   2.734822E+01
   8.570488E+01   2.734881E+01
   8.570506E+01   2.734947E+01
   8.570534E+01   2.735041E+01
   8.570536E+01   2.735105E+01
   8.570536E+01   2.735189E+01
   8.570506E+01   2.735267E+01
   8.570440E+01   2.735312E+01
   8.570404E+01   2.735366E+01
   8.570393E+01   2.735470E+01
   8.570410E+01   2.735612E+01
   8.570431E+01   2.735718E+01
   8.570397E+01   2.735803E+01
   8.569551E+01   2.736401E+01
   8.570218E+01   2.739031E+01
   8.571725E+01   2.740951E+01
   8.573221E+01   2.740793E+01
   8.576490E+01   2.739913E+01
   8.578306E+01   2.742243E+01
   8.578974E+01   2.744292E+01
   8.579188E+01   2.744305E+01
   8.579272E+01   2.744199E+01
   8.579382E+01   2.744079E+01
   8.579638E+01   2.743972E+01
   8.579906E+01   2.743849E+01
   8.580070E+01   2.743839E+01
   8.580287E+01   2.743905E+01
   8.580413E+01   2.744026E+01
   8.580476E+01   2.744137E+01
   8.580582E+01   2.744128E+01
   8.580721E+01   2.744122E+01
   8.580859E+01   2.744199E+01
   8.580883E+01   2.744279E+01
   8.580839E+01   2.744379E+01
   8.580846E+01   2.744502E+01
   8.580915E+01   2.744549E+01
   8.581004E+01   2.744596E+01
   8.581146E+01   2.744580E+01
   8.581241E+01   2.744576E+01
   8.581342E+01   2.744542E+01
   8.581418E+01   2.744594E+01
   8.581789E+01   2.745235E+01
   8.581936E+01   2.745177E+01
   8.582139E+01   2.745117E+01
   8.582588E+01   2.744854E+01
   8.582883E+01   2.744767E+01
   8.582739E+01   2.744138E+01
   8.583006E+01   2.743740E+01
   8.584028E+01   2.743376E+01
   8.584418E+01   2.742786E+01
   8.584730E+01   2.742445E+01
   8.585271E+01   2.742497E+01
   8.585554E+01   2.742424E+01
   8.585955E+01   2.742550E+01
   8.586080E+01   2.742210E+01
   8.586496E+01   2.741975E+01
   8.586971E+01   2.741849E+01
   8.587806E+01   2.741673E+01
   8.588052E+01   2.741839E+01
   8.588567E+01   2.742013E+01
   8.588813E+01   2.741719E+01
   8.589108E+01   2.741371E+01
   8.589371E+01   2.741495E+01
   8.589598E+01   2.741642E+01
   8.590401E+01   2.741292E+01
   8.590952E+01   2.740961E+01
   8.591727E+01   2.740900E+01
   8.592540E+01   2.740430E+01
   8.592992E+01   2.739700E+01
   8.593381E+01   2.739402E+01
   8.593382E+01   2.738865E+01
   8.594083E+01   2.738605E+01
   8.594243E+01   2.738059E+01
   8.594719E+01   2.738146E+01
   8.595218E+01   2.738207E+01
   8.595103E+01   2.738572E+01
   8.595477E+01   2.738901E+01
   8.596118E+01   2.738804E+01
   8.596614E+01   2.738421E+01
   8.596868E+01   2.737806E+01
   8.597697E+01   2.736578E+01
   8.597862E+01   2.735975E+01
   8.597931E+01   2.735629E+01
   8.597908E+01   2.735336E+01
   8.598110E+01   2.735215E+01
   8.598250E+01   2.734577E+01
   8.598134E+01   2.734056E+01
   8.598298E+01   2.733684E+01
   8.598606E+01   2.733501E+01
   8.599016E+01   2.733768E+01
   8.599214E+01   2.733819E+01
   8.599738E+01   2.733737E+01
   8.600405E+01   2.733248E+01
   8.600887E+01   2.732728E+01
   8.600865E+01   2.732599E+01
   8.601564E+01   2.732248E+01
   8.601974E+01   2.731811E+01
   8.602105E+01   2.731610E+01
   8.602278E+01   2.731485E+01
   8.602310E+01   2.731328E+01
   8.602076E+01   2.731124E+01
   8.602301E+01   2.730818E+01
   8.602689E+01   2.731027E+01
   8.602902E+01   2.731041E+01
   8.603192E+01   2.730875E+01
   8.603307E+01   2.730603E+01
   8.603392E+01   2.730494E+01
   8.603634E+01   2.730133E+01
   8.603840E+01   2.729824E+01
   8.604162E+01   2.729719E+01
   8.604551E+01   2.729739E+01
   8.604980E+01   2.729494E+01
   8.605315E+01   2.729010E+01
   8.605471E+01   2.728797E+01
   8.605852E+01   2.728690E+01
   8.605997E+01   2.728836E+01
   8.606110E+01   2.729079E+01
   8.606387E+01   2.729131E+01
   8.606767E+01   2.729103E+01
   8.607288E+01   2.729165E+01
   8.607505E+01   2.729030E+01
   8.607596E+01   2.728598E+01
   8.607605E+01   2.728375E+01
   8.607538E+01   2.728060E+01
   8.607608E+01   2.727701E+01
   8.607942E+01   2.727539E+01
   8.608171E+01   2.727542E+01
   8.608540E+01   2.727221E+01
   8.608961E+01   2.727008E+01
   8.609173E+01   2.726832E+01
   8.609645E+01   2.726788E+01
   8.610614E+01   2.726812E+01
   8.610833E+01   2.727008E+01
   8.611011E+01   2.727191E+01
   8.611280E+01   2.727257E+01
   8.611380E+01   2.727078E+01
   8.612251E+01   2.726678E+01
   8.612642E+01   2.726511E+01
   8.612948E+01   2.726308E+01
   8.612874E+01   2.726184E+01
   8.613031E+01   2.725802E+01
   8.613293E+01   2.725380E+01
   8.614164E+01   2.724841E+01
   8.614626E+01   2.724366E+01
   8.615073E+01   2.724185E+01
   8.615195E+01   2.724327E+01
   8.615352E+01   2.724620E+01
   8.615467E+01   2.724978E+01
   8.615824E+01   2.725260E+01
   8.616091E+01   2.725218E+01
   8.616562E+01   2.725319E+01
   8.617366E+01   2.725343E+01
   8.617823E+01   2.725268E+01
   8.618316E+01   2.725210E+01
   8.618772E+01   2.725387E+01
   8.618952E+01   2.725269E+01
   8.619554E+01   2.725253E+01
   8.620025E+01   2.725235E+01
   8.620426E+01   2.725035E+01
   8.629793E+01   2.723839E+01
   8.630442E+01   2.723759E+01
   8.630735E+01   2.723470E+01
   8.631278E+01   2.723257E+01
   8.632011E+01   2.723089E+01
   8.632849E+01   2.723001E+01
   8.633706E+01   2.722995E+01
   8.634258E+01   2.722768E+01
   8.634097E+01   2.722519E+01
   8.634225E+01   2.721784E+01
   8.633993E+01   2.721018E+01
   8.634322E+01   2.720262E+01
   8.634808E+01   2.720136E+01
   8.635676E+01   2.720152E+01
   8.636334E+01   2.719605E+01
   8.637453E+01   2.719353E+01
   8.638060E+01   2.719090E+01
   8.638384E+01   2.718135E+01
   8.638936E+01   2.717952E+01
   8.638817E+01   2.717859E+01
   8.638707E+01   2.717720E+01
   8.638489E+01   2.717623E+01
   8.638441E+01   2.717534E+01
   8.638454E+01   2.717383E+01
   8.638450E+01   2.717285E+01
   8.638385E+01   2.717311E+01
   8.638309E+01   2.717337E+01
   8.638282E+01   2.717206E+01
   8.638231E+01   2.717092E+01
   8.638118E+01   2.716952E+01
   8.638011E+01   2.716718E+01
   8.637806E+01   2.716534E+01
   8.637833E+01   2.716472E+01
   8.637936E+01   2.716405E+01
   8.637819E+01   2.716318E+01
   8.637745E+01   2.716168E+01
   8.637681E+01   2.716111E+01
   8.637582E+01   2.716150E+01
   8.637522E+01   2.716061E+01
   8.637350E+01   2.715809E+01
   8.637351E+01   2.715678E+01
   8.637376E+01   2.715548E+01
   8.637221E+01   2.715323E+01
   8.637007E+01   2.715141E+01
   8.637105E+01   2.715051E+01
   8.637214E+01   2.714932E+01
   8.637350E+01   2.714804E+01
   8.637245E+01   2.714693E+01
   8.637165E+01   2.714737E+01
   8.637017E+01   2.714663E+01
   8.636945E+01   2.714502E+01
   8.636828E+01   2.714406E+01
   8.636791E+01   2.714255E+01
   8.636787E+01   2.714045E+01
   8.636695E+01   2.713997E+01
   8.636627E+01   2.714092E+01
   8.636536E+01   2.714149E+01
   8.636453E+01   2.714151E+01
   8.636327E+01   2.714218E+01
   8.636237E+01   2.714146E+01
   8.636222E+01   2.714062E+01
   8.636154E+01   2.713974E+01
   8.636045E+01   2.713947E+01
   8.635968E+01   2.713898E+01
   8.635870E+01   2.713909E+01
   8.635814E+01   2.713933E+01
   8.635813E+01   2.713983E+01
   8.635835E+01   2.714050E+01
   8.635787E+01   2.714096E+01
   8.635789E+01   2.714134E+01
   8.635796E+01   2.714174E+01
   8.635733E+01   2.714202E+01
   8.635739E+01   2.714238E+01
   8.635719E+01   2.714262E+01
   8.635662E+01   2.714252E+01
   8.635589E+01   2.714296E+01
   8.635517E+01   2.714313E+01
   8.635420E+01   2.714279E+01
   8.635330E+01   2.714355E+01
   8.635266E+01   2.714342E+01
   8.635206E+01   2.714315E+01
   8.635138E+01   2.714339E+01
   8.635094E+01   2.714273E+01
   8.635044E+01   2.714283E+01
   8.634993E+01   2.714346E+01
   8.634857E+01   2.714358E+01
   8.634780E+01   2.714345E+01
   8.634655E+01   2.714401E+01
   8.634544E+01   2.714393E+01
   8.634472E+01   2.714363E+01
   8.634452E+01   2.714426E+01
   8.634460E+01   2.714505E+01
   8.634412E+01   2.714545E+01
   8.634434E+01   2.714598E+01
   8.634406E+01   2.714658E+01
   8.634325E+01   2.714695E+01
   8.634226E+01   2.714675E+01
   8.634163E+01   2.714585E+01
   8.634104E+01   2.714510E+01
   8.634087E+01   2.714470E+01
   8.634123E+01   2.714420E+01
   8.634138E+01   2.714294E+01
   8.634131E+01   2.714237E+01
   8.634097E+01   2.714122E+01
   8.633983E+01   2.714032E+01
   8.633931E+01   2.713986E+01
   8.633837E+01   2.713895E+01
   8.633732E+01   2.713845E+01
   8.633667E+01   2.713844E+01
   8.633656E+01   2.713770E+01
   8.633628E+01   2.713633E+01
   8.633688E+01   2.713587E+01
   8.633813E+01   2.713605E+01
   8.633834E+01   2.713563E+01
   8.633770E+01   2.713482E+01
   8.633757E+01   2.713441E+01
   8.633772E+01   2.713379E+01
   8.633716E+01   2.713362E+01
   8.633637E+01   2.713408E+01
   8.633571E+01   2.713432E+01
   8.633509E+01   2.713420E+01
   8.633495E+01   2.713366E+01
   8.633539E+01   2.713331E+01
   8.633576E+01   2.713315E+01
   8.633588E+01   2.713248E+01
   8.633576E+01   2.713135E+01
   8.633490E+01   2.713067E+01
   8.633421E+01   2.713051E+01
   8.633435E+01   2.713012E+01
   8.633470E+01   2.712982E+01
   8.633530E+01   2.712930E+01
   8.633597E+01   2.712948E+01
   8.633646E+01   2.712926E+01
   8.633636E+01   2.712903E+01
   8.633515E+01   2.712836E+01
   8.633470E+01   2.712803E+01
   8.633531E+01   2.712769E+01
   8.633568E+01   2.712791E+01
   8.633649E+01   2.712784E+01
   8.633645E+01   2.712751E+01
   8.633649E+01   2.712633E+01
   8.633561E+01   2.712662E+01
   8.633480E+01   2.712649E+01
   8.633465E+01   2.712516E+01
   8.633411E+01   2.712441E+01
   8.633350E+01   2.712372E+01
   8.633370E+01   2.712299E+01
   8.633374E+01   2.712192E+01
   8.633329E+01   2.712166E+01
   8.633272E+01   2.712179E+01
   8.633191E+01   2.712113E+01
   8.633161E+01   2.711993E+01
   8.633156E+01   2.711852E+01
   8.633098E+01   2.711770E+01
   8.633098E+01   2.711714E+01
   8.633000E+01   2.711683E+01
   8.632935E+01   2.711612E+01
   8.632855E+01   2.711537E+01
   8.632881E+01   2.711423E+01
   8.632810E+01   2.711401E+01
   8.632711E+01   2.711296E+01
   8.632661E+01   2.711273E+01
   8.632654E+01   2.711212E+01
   8.632665E+01   2.711143E+01
   8.632599E+01   2.711046E+01
   8.632494E+01   2.711027E+01
   8.632392E+01   2.711013E+01
   8.632327E+01   2.711045E+01
   8.632231E+01   2.711050E+01
   8.632161E+01   2.711026E+01
   8.632064E+01   2.711082E+01
   8.631892E+01   2.711042E+01
   8.631784E+01   2.711051E+01
   8.631732E+01   2.711073E+01
   8.631649E+01   2.711059E+01
   8.631566E+01   2.711081E+01
   8.631457E+01   2.711074E+01
   8.631368E+01   2.711098E+01
   8.631291E+01   2.711091E+01
   8.631207E+01   2.711006E+01
   8.631120E+01   2.710961E+01
   8.630960E+01   2.710981E+01
   8.630788E+01   2.710988E+01
   8.630674E+01   2.710928E+01
   8.630649E+01   2.710836E+01
   8.630734E+01   2.710768E+01
   8.630790E+01   2.710726E+01
   8.630836E+01   2.710637E+01
   8.630922E+01   2.710571E+01
   8.630981E+01   2.710478E+01
   8.631048E+01   2.710434E+01
   8.631095E+01   2.710322E+01
   8.631176E+01   2.710315E+01
   8.631306E+01   2.710274E+01
   8.631383E+01   2.710288E+01
   8.631485E+01   2.710272E+01
   8.631574E+01   2.710229E+01
   8.631701E+01   2.710227E+01
   8.631783E+01   2.710182E+01
   8.631850E+01   2.710133E+01
   8.631970E+01   2.710090E+01
   8.632107E+01   2.710065E+01
   8.632195E+01   2.710012E+01
   8.632260E+01   2.709938E+01
   8.632436E+01   2.709908E+01
   8.632503E+01   2.709948E+01
   8.632585E+01   2.709993E+01
   8.632735E+01   2.710060E+01
   8.632846E+01   2.710049E+01
   8.632966E+01   2.710030E+01
   8.633128E+01   2.710005E+01
   8.633222E+01   2.710002E+01
   8.633272E+01   2.710041E+01
   8.633359E+01   2.710082E+01
   8.633430E+01   2.710137E+01
   8.633493E+01   2.710235E+01
   8.633541E+01   2.710261E+01
   8.633643E+01   2.710299E+01
   8.633722E+01   2.710376E+01
   8.633880E+01   2.710512E+01
   8.633956E+01   2.710544E+01
   8.634027E+01   2.710648E+01
   8.634178E+01   2.710652E+01
   8.634263E+01   2.710632E+01
   8.634366E+01   2.710595E+01
   8.634443E+01   2.710581E+01
   8.634587E+01   2.710612E+01
   8.634697E+01   2.710619E+01
   8.634817E+01   2.710630E+01
   8.634898E+01   2.710568E+01
   8.634959E+01   2.710508E+01
   8.635102E+01   2.710504E+01
   8.635170E+01   2.710484E+01
   8.635247E+01   2.710467E+01
   8.635375E+01   2.710454E+01
   8.635532E+01   2.710412E+01
   8.635588E+01   2.710370E+01
   8.635602E+01   2.710269E+01
   8.635569E+01   2.710070E+01
   8.635642E+01   2.710019E+01
   8.635683E+01   2.709985E+01
   8.635807E+01   2.709929E+01
   8.635879E+01   2.709961E+01
   8.636038E+01   2.710003E+01
   8.636140E+01   2.709991E+01
   8.636225E+01   2.709998E+01
   8.636230E+01   2.709916E+01
   8.636102E+01   2.709826E+01
   8.636022E+01   2.709748E+01
   8.635977E+01   2.709671E+01
   8.635950E+01   2.709602E+01
   8.635847E+01   2.709518E+01
   8.635679E+01   2.709396E+01
   8.635780E+01   2.709303E+01
   8.635849E+01   2.709243E+01
   8.635861E+01   2.709159E+01
   8.635780E+01   2.709041E+01
   8.635753E+01   2.708974E+01
   8.635800E+01   2.708768E+01
   8.635806E+01   2.708645E+01
   8.635795E+01   2.708530E+01
   8.635798E+01   2.708354E+01
   8.635750E+01   2.708289E+01
   8.635635E+01   2.708153E+01
   8.635584E+01   2.708168E+01
   8.635514E+01   2.708171E+01
   8.635519E+01   2.708085E+01
   8.635512E+01   2.708031E+01
   8.635444E+01   2.707887E+01
   8.635437E+01   2.707772E+01
   8.635395E+01   2.707727E+01
   8.635347E+01   2.707704E+01
   8.635335E+01   2.707640E+01
   8.635425E+01   2.707580E+01
   8.635506E+01   2.707555E+01
   8.635447E+01   2.707523E+01
   8.635390E+01   2.707511E+01
   8.635327E+01   2.707472E+01
   8.635256E+01   2.707500E+01
   8.635202E+01   2.707410E+01
   8.635140E+01   2.707388E+01
   8.635119E+01   2.707334E+01
   8.635141E+01   2.707274E+01
   8.635133E+01   2.707236E+01
   8.635060E+01   2.707168E+01
   8.635092E+01   2.707058E+01
   8.635086E+01   2.706982E+01
   8.634963E+01   2.706959E+01
   8.634896E+01   2.707026E+01
   8.634796E+01   2.707059E+01
   8.634685E+01   2.707067E+01
   8.634692E+01   2.707002E+01
   8.634674E+01   2.706950E+01
   8.634665E+01   2.706877E+01
   8.634575E+01   2.706830E+01
   8.634566E+01   2.706736E+01
   8.634587E+01   2.706686E+01
   8.634612E+01   2.706590E+01
   8.634602E+01   2.706522E+01
   8.634660E+01   2.706493E+01
   8.634728E+01   2.706503E+01
   8.634793E+01   2.706456E+01
   8.634922E+01   2.706534E+01
   8.634981E+01   2.706666E+01
   8.635058E+01   2.706695E+01
   8.635087E+01   2.706605E+01
   8.635025E+01   2.706326E+01
   8.635112E+01   2.706176E+01
   8.635299E+01   2.706064E+01
   8.635592E+01   2.705915E+01
   8.635778E+01   2.705800E+01
   8.635908E+01   2.705659E+01
   8.636065E+01   2.705481E+01
   8.636246E+01   2.705456E+01
   8.636312E+01   2.705444E+01
   8.636342E+01   2.705309E+01
   8.636358E+01   2.705061E+01
   8.636400E+01   2.704871E+01
   8.636418E+01   2.704692E+01
   8.636395E+01   2.704556E+01
   8.636355E+01   2.704424E+01
   8.636357E+01   2.704297E+01
   8.636403E+01   2.704264E+01
   8.636510E+01   2.704084E+01
   8.636594E+01   2.703969E+01
   8.636645E+01   2.703834E+01
   8.636764E+01   2.703716E+01
   8.636865E+01   2.703691E+01
   8.636954E+01   2.703717E+01
   8.637087E+01   2.703717E+01
   8.637156E+01   2.703672E+01
   8.637406E+01   2.703568E+01
   8.637589E+01   2.703479E+01
   8.637630E+01   2.703507E+01
   8.637895E+01   2.703473E+01
   8.637955E+01   2.703430E+01
   8.638171E+01   2.703237E+01
   8.638228E+01   2.703056E+01
   8.638178E+01   2.702998E+01
   8.638105E+01   2.703039E+01
   8.637968E+01   2.703150E+01
   8.637934E+01   2.703028E+01
   8.637751E+01   2.702776E+01
   8.637629E+01   2.702624E+01
   8.637403E+01   2.702354E+01
   8.637460E+01   2.702179E+01
   8.637375E+01   2.701953E+01
   8.637260E+01   2.701473E+01
   8.637231E+01   2.701151E+01
   8.637361E+01   2.700897E+01
   8.637470E+01   2.700599E+01
   8.637379E+01   2.700310E+01
   8.637114E+01   2.700014E+01
   8.636926E+01   2.699687E+01
   8.636745E+01   2.699112E+01
   8.636616E+01   2.698046E+01
   8.636643E+01   2.697346E+01
   8.636276E+01   2.696867E+01
   8.636018E+01   2.696582E+01
