   8.518904E+01   2.768143E+01
   8.519288E+01   2.767681E+01
   8.520315E+01   2.767062E+01
   8.520558E+01   2.766652E+01
   8.521317E+01   2.766110E+01
   8.522110E+01   2.765628E+01
   8.522424E+01   2.765441E+01
   8.522978E+01   2.765352E+01
   8.523288E+01   2.764841E+01
   8.522753E+01   2.764240E+01
   8.522596E+01   2.763875E+01
   8.522412E+01   2.763353E+01
   8.522202E+01   2.762917E+01
   8.522497E+01   2.762486E+01
   8.523157E+01   2.762337E+01
   8.523456E+01   2.762069E+01
   8.523722E+01   2.761516E+01
   8.523724E+01   2.761225E+01
   8.523896E+01   2.760033E+01
   8.524207E+01   2.759603E+01
   8.524161E+01   2.759233E+01
   8.523888E+01   2.758443E+01
   8.523993E+01   2.758102E+01
   8.524210E+01   2.757807E+01
   8.525155E+01   2.757794E+01
   8.525461E+01   2.757812E+01
   8.525922E+01   2.757746E+01
   8.526293E+01   2.757064E+01
   8.526238E+01   2.757016E+01
   8.526056E+01   2.756982E+01
   8.525963E+01   2.757085E+01
   8.525830E+01   2.757129E+01
   8.525781E+01   2.757107E+01
   8.525693E+01   2.757027E+01
   8.525547E+01   2.757016E+01
   8.525472E+01   2.756946E+01
   8.525381E+01   2.756908E+01
   8.525302E+01   2.756817E+01
   8.525238E+01   2.756675E+01
   8.525141E+01   2.756553E+01
   8.525043E+01   2.756472E+01
   8.524959E+01   2.756360E+01
   8.524989E+01   2.756248E+01
   8.525092E+01   2.756128E+01
   8.525113E+01   2.756038E+01
   8.524950E+01   2.755949E+01
   8.524826E+01   2.755829E+01
   8.524735E+01   2.755554E+01
   8.524603E+01   2.755242E+01
   8.524696E+01   2.755073E+01
   8.524333E+01   2.754779E+01
   8.523855E+01   2.754701E+01
   8.523743E+01   2.754417E+01
   8.523546E+01   2.754219E+01
   8.523411E+01   2.754063E+01
   8.523323E+01   2.753854E+01
   8.523184E+01   2.753771E+01
   8.523166E+01   2.753731E+01
   8.523172E+01   2.753630E+01
   8.523334E+01   2.753601E+01
   8.523569E+01   2.753445E+01
   8.524087E+01   2.753374E+01
   8.524361E+01   2.753335E+01
   8.524542E+01   2.753268E+01
   8.524583E+01   2.752902E+01
   8.524775E+01   2.752848E+01
   8.525114E+01   2.752772E+01
   8.525070E+01   2.752668E+01
   8.525050E+01   2.752565E+01
   8.525025E+01   2.752441E+01
   8.525062E+01   2.752229E+01
   8.524998E+01   2.752104E+01
   8.524628E+01   2.751963E+01
   8.524317E+01   2.751920E+01
   8.524088E+01   2.751725E+01
   8.524146E+01   2.751416E+01
   8.524169E+01   2.751274E+01
   8.524067E+01   2.751190E+01
   8.523876E+01   2.751152E+01
   8.523737E+01   2.751066E+01
   8.523657E+01   2.750964E+01
   8.523663E+01   2.750856E+01
   8.523605E+01   2.750790E+01
   8.523498E+01   2.750672E+01
   8.523454E+01   2.750480E+01
   8.523543E+01   2.750348E+01
   8.523607E+01   2.750218E+01
   8.523697E+01   2.750047E+01
   8.523819E+01   2.749990E+01
   8.523963E+01   2.750041E+01
   8.524101E+01   2.750066E+01
   8.524231E+01   2.750031E+01
   8.524281E+01   2.749970E+01
   8.524339E+01   2.749840E+01
   8.524537E+01   2.749721E+01
   8.524771E+01   2.749577E+01
   8.524807E+01   2.749496E+01
   8.524784E+01   2.749413E+01
   8.524722E+01   2.749373E+01
   8.524680E+01   2.749321E+01
   8.524700E+01   2.749256E+01
   8.524645E+01   2.749020E+01
   8.524463E+01   2.748789E+01
   8.524445E+01   2.748654E+01
   8.524562E+01   2.748608E+01
   8.524585E+01   2.748540E+01
   8.524766E+01   2.748222E+01
   8.524704E+01   2.748092E+01
   8.524740E+01   2.747972E+01
   8.524751E+01   2.747912E+01
   8.524763E+01   2.747765E+01
   8.524809E+01   2.747600E+01
   8.525174E+01   2.747409E+01
   8.525334E+01   2.747219E+01
   8.525670E+01   2.746910E+01
   8.525724E+01   2.746809E+01
   8.525613E+01   2.746678E+01
   8.525580E+01   2.746526E+01
   8.525823E+01   2.746225E+01
   8.525774E+01   2.745934E+01
   8.525880E+01   2.745820E+01
   8.526145E+01   2.745735E+01
   8.526275E+01   2.745556E+01
   8.526470E+01   2.745418E+01
   8.526607E+01   2.745499E+01
   8.526691E+01   2.745419E+01
   8.526902E+01   2.745358E+01
   8.527169E+01   2.745418E+01
   8.527487E+01   2.745347E+01
   8.527803E+01   2.745170E+01
   8.528073E+01   2.745160E+01
   8.528624E+01   2.745182E+01
   8.529028E+01   2.745145E+01
   8.529617E+01   2.745083E+01
   8.529817E+01   2.745064E+01
   8.530108E+01   2.745111E+01
   8.530263E+01   2.744999E+01
   8.530763E+01   2.744525E+01
   8.530882E+01   2.744508E+01
   8.531130E+01   2.744586E+01
   8.531221E+01   2.744574E+01
   8.531550E+01   2.744220E+01
   8.531606E+01   2.744136E+01
   8.531485E+01   2.743940E+01
   8.531448E+01   2.743714E+01
   8.531634E+01   2.743631E+01
   8.531910E+01   2.743684E+01
   8.532131E+01   2.743737E+01
   8.532421E+01   2.743842E+01
   8.532496E+01   2.743857E+01
   8.532791E+01   2.743852E+01
   8.533096E+01   2.743754E+01
   8.533271E+01   2.743613E+01
   8.533332E+01   2.743377E+01
   8.533468E+01   2.743226E+01
   8.533606E+01   2.743225E+01
   8.533950E+01   2.743304E+01
   8.534123E+01   2.743251E+01
   8.534400E+01   2.743110E+01
   8.534508E+01   2.742932E+01
   8.534584E+01   2.742886E+01
   8.534745E+01   2.742876E+01
   8.534874E+01   2.743101E+01
   8.535019E+01   2.743136E+01
   8.535103E+01   2.743036E+01
   8.535459E+01   2.742905E+01
   8.535815E+01   2.742841E+01
   8.536310E+01   2.742587E+01
   8.536413E+01   2.742511E+01
   8.536771E+01   2.742460E+01
   8.536914E+01   2.742347E+01
   8.536900E+01   2.742142E+01
   8.537252E+01   2.741874E+01
   8.537611E+01   2.741821E+01
   8.537830E+01   2.741693E+01
   8.537976E+01   2.741537E+01
   8.538335E+01   2.741391E+01
   8.538455E+01   2.741233E+01
   8.538405E+01   2.741037E+01
   8.538404E+01   2.740825E+01
   8.538533E+01   2.740767E+01
   8.538915E+01   2.740819E+01
   8.539216E+01   2.740978E+01
   8.539400E+01   2.741136E+01
   8.539561E+01   2.741039E+01
   8.539693E+01   2.740863E+01
   8.539674E+01   2.740637E+01
   8.539793E+01   2.740444E+01
   8.540007E+01   2.740447E+01
   8.540395E+01   2.740578E+01
   8.540564E+01   2.740523E+01
   8.540497E+01   2.740394E+01
   8.540603E+01   2.740299E+01
   8.540736E+01   2.740356E+01
   8.540853E+01   2.740599E+01
   8.541018E+01   2.740677E+01
   8.541177E+01   2.740645E+01
   8.541392E+01   2.740453E+01
   8.541447E+01   2.740632E+01
   8.541549E+01   2.740815E+01
   8.541844E+01   2.740856E+01
   8.541921E+01   2.740562E+01
   8.541953E+01   2.740280E+01
   8.542055E+01   2.740267E+01
   8.542186E+01   2.740424E+01
   8.542526E+01   2.740524E+01
   8.542715E+01   2.740571E+01
   8.542741E+01   2.740649E+01
   8.542785E+01   2.740832E+01
   8.542891E+01   2.741015E+01
   8.542953E+01   2.741039E+01
   8.543093E+01   2.741049E+01
   8.543218E+01   2.741030E+01
   8.543302E+01   2.740967E+01
   8.543360E+01   2.740790E+01
   8.543347E+01   2.740649E+01
   8.543227E+01   2.740462E+01
   8.543265E+01   2.740344E+01
   8.543503E+01   2.740328E+01
   8.543827E+01   2.740338E+01
   8.544341E+01   2.740181E+01
   8.544512E+01   2.739887E+01
   8.544717E+01   2.739411E+01
   8.544746E+01   2.738955E+01
   8.544806E+01   2.738783E+01
   8.544890E+01   2.738734E+01
   8.544985E+01   2.738728E+01
   8.545106E+01   2.738916E+01
   8.545336E+01   2.739224E+01
   8.545607E+01   2.739435E+01
   8.545779E+01   2.739511E+01
   8.545883E+01   2.739503E+01
   8.545940E+01   2.739447E+01
   8.546054E+01   2.739214E+01
   8.546116E+01   2.738837E+01
   8.546333E+01   2.738673E+01
   8.546544E+01   2.738723E+01
   8.546611E+01   2.738790E+01
   8.546753E+01   2.738841E+01
   8.546867E+01   2.738879E+01
   8.546974E+01   2.738843E+01
   8.547033E+01   2.738578E+01
   8.547233E+01   2.738333E+01
   8.547298E+01   2.738148E+01
   8.547311E+01   2.737809E+01
   8.547392E+01   2.737722E+01
   8.547519E+01   2.737682E+01
   8.547751E+01   2.737767E+01
   8.547856E+01   2.737745E+01
   8.547738E+01   2.737412E+01
   8.547296E+01   2.737312E+01
   8.547171E+01   2.737126E+01
   8.547232E+01   2.737017E+01
   8.547250E+01   2.736963E+01
   8.547307E+01   2.736802E+01
   8.546994E+01   2.736225E+01
   8.546428E+01   2.735554E+01
   8.545948E+01   2.735415E+01
   8.545551E+01   2.735481E+01
   8.545235E+01   2.735323E+01
   8.544908E+01   2.735242E+01
   8.544654E+01   2.734500E+01
   8.543456E+01   2.733516E+01
   8.542156E+01   2.733265E+01
   8.541761E+01   2.733111E+01
   8.542044E+01   2.732303E+01
   8.542387E+01   2.731416E+01
   8.542497E+01   2.730861E+01
   8.543014E+01   2.730581E+01
   8.543119E+01   2.729701E+01
   8.543102E+01   2.729168E+01
   8.543253E+01   2.728852E+01
   8.543510E+01   2.728702E+01
   8.544026E+01   2.728615E+01
   8.544469E+01   2.728406E+01
   8.545112E+01   2.728569E+01
   8.545908E+01   2.728633E+01
   8.546322E+01   2.728077E+01
   8.546838E+01   2.727572E+01
   8.548182E+01   2.726005E+01
   8.548518E+01   2.725217E+01
   8.548795E+01   2.723879E+01
   8.548619E+01   2.722549E+01
   8.548664E+01   2.722312E+01
   8.548910E+01   2.722019E+01
   8.549242E+01   2.721978E+01
   8.549643E+01   2.722062E+01
   8.549981E+01   2.721995E+01
   8.550229E+01   2.721734E+01
   8.550426E+01   2.721523E+01
   8.550447E+01   2.721325E+01
   8.550156E+01   2.721082E+01
   8.550018E+01   2.720950E+01
   8.550051E+01   2.720845E+01
   8.550182E+01   2.720734E+01
   8.550579E+01   2.720338E+01
   8.550915E+01   2.719828E+01
   8.550896E+01   2.719705E+01
   8.550792E+01   2.719635E+01
   8.550362E+01   2.719508E+01
   8.549858E+01   2.719557E+01
   8.549351E+01   2.719798E+01
   8.549020E+01   2.719832E+01
   8.548808E+01   2.719842E+01
   8.548784E+01   2.719716E+01
   8.548739E+01   2.719551E+01
   8.548690E+01   2.719274E+01
   8.549131E+01   2.718910E+01
   8.549242E+01   2.718707E+01
   8.549165E+01   2.718536E+01
   8.548825E+01   2.718431E+01
   8.548678E+01   2.718326E+01
   8.548429E+01   2.718380E+01
   8.548222E+01   2.718375E+01
   8.548119E+01   2.718237E+01
   8.548180E+01   2.717954E+01
   8.548232E+01   2.717768E+01
   8.548346E+01   2.717619E+01
   8.548655E+01   2.717632E+01
   8.548794E+01   2.717482E+01
   8.549040E+01   2.717161E+01
   8.549205E+01   2.717221E+01
   8.549511E+01   2.717374E+01
   8.549795E+01   2.717383E+01
   8.550011E+01   2.717567E+01
   8.550194E+01   2.717510E+01
   8.550292E+01   2.717265E+01
   8.550013E+01   2.716919E+01
   8.549983E+01   2.716782E+01
   8.550283E+01   2.716595E+01
   8.550376E+01   2.716461E+01
   8.550369E+01   2.716320E+01
   8.550111E+01   2.716287E+01
   8.549710E+01   2.716320E+01
   8.549333E+01   2.716273E+01
   8.549001E+01   2.715619E+01
   8.547231E+01   2.716185E+01
   8.545604E+01   2.716660E+01
   8.545176E+01   2.717917E+01
   8.544939E+01   2.718652E+01
   8.543031E+01   2.719071E+01
   8.541970E+01   2.718929E+01
   8.539655E+01   2.719925E+01
   8.539221E+01   2.720900E+01
   8.537592E+01   2.721256E+01
   8.536180E+01   2.721292E+01
   8.535656E+01   2.721328E+01
   8.534317E+01   2.722108E+01
   8.532927E+01   2.722365E+01
   8.531257E+01   2.723030E+01
   8.530137E+01   2.723072E+01
   8.529435E+01   2.723317E+01
   8.528030E+01   2.723128E+01
   8.527283E+01   2.722941E+01
   8.526265E+01   2.722752E+01
   8.525786E+01   2.722848E+01
   8.525297E+01   2.723714E+01
   8.525083E+01   2.724469E+01
   8.524311E+01   2.724854E+01
   8.522987E+01   2.724257E+01
   8.521621E+01   2.724438E+01
   8.520663E+01   2.724552E+01
   8.519639E+01   2.724616E+01
   8.519153E+01   2.724474E+01
   8.518402E+01   2.724804E+01
   8.518016E+01   2.725324E+01
   8.517365E+01   2.725331E+01
   8.516092E+01   2.726189E+01
   8.515033E+01   2.726786E+01
   8.514245E+01   2.728380E+01
   8.512512E+01   2.729267E+01
   8.511852E+01   2.730733E+01
   8.511440E+01   2.731874E+01
   8.510182E+01   2.732339E+01
   8.509312E+01   2.733292E+01
   8.509246E+01   2.734262E+01
   8.509007E+01   2.735297E+01
   8.508456E+01   2.736144E+01
   8.506503E+01   2.736237E+01
   8.505934E+01   2.736289E+01
   8.505775E+01   2.736409E+01
   8.504991E+01   2.736361E+01
   8.504160E+01   2.735833E+01
   8.503258E+01   2.735821E+01
   8.502128E+01   2.735161E+01
   8.500287E+01   2.735289E+01
   8.499966E+01   2.736245E+01
   8.499434E+01   2.736557E+01
   8.497868E+01   2.736092E+01
   8.496998E+01   2.735545E+01
   8.496196E+01   2.736360E+01
   8.495582E+01   2.736431E+01
   8.494729E+01   2.736188E+01
   8.494119E+01   2.736365E+01
   8.493350E+01   2.736508E+01
   8.492206E+01   2.737104E+01
   8.490136E+01   2.737525E+01
   8.489152E+01   2.738768E+01
   8.487862E+01   2.739373E+01
   8.487167E+01   2.739965E+01
   8.485211E+01   2.739914E+01
   8.484764E+01   2.740917E+01
   8.484100E+01   2.741258E+01
   8.483370E+01   2.741821E+01
   8.481502E+01   2.741958E+01
   8.479756E+01   2.743272E+01
   8.478967E+01   2.743858E+01
   8.477337E+01   2.743925E+01
   8.476305E+01   2.743824E+01
   8.474659E+01   2.743845E+01
   8.473701E+01   2.744277E+01
   8.472967E+01   2.744501E+01
   8.471765E+01   2.743230E+01
   8.470947E+01   2.743233E+01
   8.468917E+01   2.743322E+01
   8.466352E+01   2.743058E+01
   8.466739E+01   2.744519E+01
   8.467902E+01   2.744888E+01
   8.468118E+01   2.745098E+01
   8.468611E+01   2.745441E+01
   8.468868E+01   2.745742E+01
   8.468636E+01   2.746189E+01
   8.468884E+01   2.746485E+01
   8.469267E+01   2.746825E+01
   8.469040E+01   2.747316E+01
   8.469403E+01   2.747785E+01
   8.469251E+01   2.748598E+01
   8.468008E+01   2.751136E+01
   8.467907E+01   2.752473E+01
   8.468087E+01   2.753686E+01
   8.468067E+01   2.754845E+01
   8.468442E+01   2.755574E+01
   8.469038E+01   2.756506E+01
   8.470101E+01   2.756001E+01
   8.471349E+01   2.756563E+01
   8.472550E+01   2.757760E+01
   8.473204E+01   2.758569E+01
   8.473387E+01   2.758855E+01
   8.473344E+01   2.759071E+01
   8.473347E+01   2.759347E+01
   8.473510E+01   2.759761E+01
   8.473784E+01   2.760398E+01
   8.473664E+01   2.760640E+01
   8.473425E+01   2.761192E+01
   8.473151E+01   2.761699E+01
   8.472653E+01   2.762656E+01
   8.472287E+01   2.763023E+01
   8.472057E+01   2.764431E+01
   8.472712E+01   2.764998E+01
   8.473171E+01   2.765428E+01
   8.473305E+01   2.765589E+01
   8.474591E+01   2.765326E+01
   8.474368E+01   2.764732E+01
   8.474853E+01   2.764954E+01
   8.475359E+01   2.765462E+01
   8.477028E+01   2.766198E+01
   8.477961E+01   2.767160E+01
   8.479501E+01   2.768613E+01
   8.480025E+01   2.767147E+01
   8.480903E+01   2.767877E+01
   8.482982E+01   2.769232E+01
   8.487852E+01   2.766845E+01
   8.489249E+01   2.768236E+01
   8.490652E+01   2.769755E+01
   8.492108E+01   2.768934E+01
   8.493922E+01   2.768596E+01
   8.495048E+01   2.768328E+01
   8.496852E+01   2.769103E+01
   8.497620E+01   2.769430E+01
   8.498863E+01   2.770349E+01
   8.499971E+01   2.770470E+01
   8.501210E+01   2.770620E+01
   8.502360E+01   2.770226E+01
   8.503196E+01   2.769619E+01
   8.503620E+01   2.769975E+01
   8.503984E+01   2.770421E+01
   8.504310E+01   2.768955E+01
   8.505839E+01   2.769604E+01
   8.506519E+01   2.769577E+01
   8.507661E+01   2.770808E+01
   8.508905E+01   2.771114E+01
   8.510264E+01   2.770406E+01
   8.511257E+01   2.769909E+01
   8.513148E+01   2.768103E+01
   8.513980E+01   2.767368E+01
   8.515125E+01   2.767001E+01
   8.516194E+01   2.767024E+01
   8.518797E+01   2.768131E+01
