   8.344008E+01   2.793405E+01
   8.343816E+01   2.793586E+01
   8.343421E+01   2.793541E+01
   8.343271E+01   2.793955E+01
   8.342462E+01   2.793709E+01
   8.342064E+01   2.793282E+01
   8.341823E+01   2.793030E+01
   8.341338E+01   2.793140E+01
   8.340915E+01   2.793238E+01
   8.340504E+01   2.793404E+01
   8.339933E+01   2.793477E+01
   8.339832E+01   2.794122E+01
   8.339535E+01   2.794332E+01
   8.339276E+01   2.794760E+01
   8.338792E+01   2.795001E+01
   8.338474E+01   2.795307E+01
   8.337851E+01   2.795652E+01
   8.337634E+01   2.795639E+01
   8.337814E+01   2.795801E+01
   8.337151E+01   2.795803E+01
   8.336051E+01   2.795181E+01
   8.335540E+01   2.795272E+01
   8.335344E+01   2.795320E+01
   8.334950E+01   2.795128E+01
   8.334413E+01   2.794968E+01
   8.334333E+01   2.794465E+01
   8.334640E+01   2.793727E+01
   8.334558E+01   2.793024E+01
   8.333925E+01   2.792604E+01
   8.333372E+01   2.792292E+01
   8.332008E+01   2.792205E+01
   8.331264E+01   2.792567E+01
   8.330800E+01   2.792812E+01
   8.329621E+01   2.792706E+01
   8.328454E+01   2.792572E+01
   8.327963E+01   2.792711E+01
   8.327865E+01   2.793208E+01
   8.328238E+01   2.793674E+01
   8.328553E+01   2.794393E+01
   8.329355E+01   2.794655E+01
   8.329365E+01   2.795056E+01
   8.329800E+01   2.795243E+01
   8.330266E+01   2.795582E+01
   8.329854E+01   2.795985E+01
   8.330085E+01   2.796509E+01
   8.330107E+01   2.796740E+01
   8.329817E+01   2.796774E+01
   8.329502E+01   2.796831E+01
   8.328977E+01   2.796721E+01
   8.328696E+01   2.796764E+01
   8.328466E+01   2.796832E+01
   8.328324E+01   2.796820E+01
   8.327992E+01   2.796772E+01
   8.327577E+01   2.797375E+01
   8.326862E+01   2.798315E+01
   8.326339E+01   2.798580E+01
   8.326180E+01   2.798873E+01
   8.325698E+01   2.798680E+01
   8.325331E+01   2.798667E+01
   8.325266E+01   2.798713E+01
   8.325164E+01   2.799209E+01
   8.325182E+01   2.799562E+01
   8.324922E+01   2.799681E+01
   8.324895E+01   2.799744E+01
   8.324594E+01   2.799769E+01
   8.324523E+01   2.799932E+01
   8.324491E+01   2.799978E+01
   8.324396E+01   2.800302E+01
   8.324391E+01   2.800472E+01
   8.324442E+01   2.800589E+01
   8.324350E+01   2.800738E+01
   8.324370E+01   2.800885E+01
   8.324113E+01   2.800892E+01
   8.323948E+01   2.800908E+01
   8.323886E+01   2.801006E+01
   8.323812E+01   2.801195E+01
   8.323676E+01   2.801529E+01
   8.323651E+01   2.801609E+01
   8.323317E+01   2.803183E+01
   8.323062E+01   2.804639E+01
   8.321985E+01   2.805449E+01
   8.321509E+01   2.806064E+01
   8.320500E+01   2.806737E+01
   8.319558E+01   2.807481E+01
   8.319253E+01   2.808362E+01
   8.318373E+01   2.808714E+01
   8.317080E+01   2.807916E+01
   8.315835E+01   2.806569E+01
   8.314790E+01   2.806160E+01
   8.312917E+01   2.806761E+01
   8.312480E+01   2.808429E+01
   8.311921E+01   2.808314E+01
   8.310218E+01   2.807773E+01
   8.309702E+01   2.808472E+01
   8.309662E+01   2.808989E+01
   8.309846E+01   2.809514E+01
   8.307319E+01   2.809097E+01
   8.307031E+01   2.810823E+01
   8.306726E+01   2.810929E+01
   8.305607E+01   2.810734E+01
   8.305269E+01   2.812094E+01
   8.305228E+01   2.813496E+01
   8.304993E+01   2.814147E+01
   8.305240E+01   2.814281E+01
   8.305458E+01   2.814211E+01
   8.305554E+01   2.814101E+01
   8.305603E+01   2.814318E+01
   8.305504E+01   2.814485E+01
   8.305068E+01   2.815019E+01
   8.304259E+01   2.815612E+01
   8.303758E+01   2.815675E+01
   8.303747E+01   2.816174E+01
   8.304203E+01   2.816848E+01
   8.303920E+01   2.816802E+01
   8.303767E+01   2.816768E+01
   8.303588E+01   2.816800E+01
   8.303396E+01   2.816905E+01
   8.303153E+01   2.817106E+01
   8.303076E+01   2.817262E+01
   8.303117E+01   2.817548E+01
   8.303348E+01   2.818048E+01
   8.303714E+01   2.819131E+01
   8.303514E+01   2.819819E+01
   8.302966E+01   2.821394E+01
   8.302656E+01   2.822429E+01
   8.302740E+01   2.823361E+01
   8.302606E+01   2.823556E+01
   8.302432E+01   2.823604E+01
   8.302185E+01   2.823489E+01
   8.302805E+01   2.823988E+01
   8.303685E+01   2.824014E+01
   8.304306E+01   2.824334E+01
   8.305057E+01   2.824339E+01
   8.307444E+01   2.823521E+01
   8.307786E+01   2.823383E+01
   8.308368E+01   2.824464E+01
   8.308995E+01   2.825174E+01
   8.310583E+01   2.825166E+01
   8.312475E+01   2.825802E+01
   8.313083E+01   2.824981E+01
   8.313843E+01   2.825532E+01
   8.314388E+01   2.826138E+01
   8.315252E+01   2.826793E+01
   8.316147E+01   2.826686E+01
   8.316788E+01   2.825807E+01
   8.317012E+01   2.825955E+01
   8.317286E+01   2.826140E+01
   8.317412E+01   2.826259E+01
   8.317508E+01   2.826342E+01
   8.317722E+01   2.826433E+01
   8.317876E+01   2.826574E+01
   8.317959E+01   2.826676E+01
   8.317999E+01   2.826767E+01
   8.318104E+01   2.826889E+01
   8.318241E+01   2.826944E+01
   8.318431E+01   2.827095E+01
   8.318642E+01   2.826754E+01
   8.318878E+01   2.826560E+01
   8.319353E+01   2.826335E+01
   8.319751E+01   2.825934E+01
   8.320502E+01   2.825427E+01
   8.320816E+01   2.825120E+01
   8.321320E+01   2.824835E+01
   8.321502E+01   2.824850E+01
   8.321569E+01   2.824621E+01
   8.321857E+01   2.824261E+01
   8.322150E+01   2.823874E+01
   8.322501E+01   2.823607E+01
   8.322586E+01   2.823378E+01
   8.322741E+01   2.823186E+01
   8.323320E+01   2.822617E+01
   8.323559E+01   2.822122E+01
   8.323866E+01   2.822021E+01
   8.324211E+01   2.821960E+01
   8.324379E+01   2.821767E+01
   8.324546E+01   2.821700E+01
   8.324888E+01   2.821594E+01
   8.325182E+01   2.821411E+01
   8.325421E+01   2.820661E+01
   8.325894E+01   2.820248E+01
   8.325934E+01   2.819979E+01
   8.326696E+01   2.819892E+01
   8.327091E+01   2.819348E+01
   8.327198E+01   2.819076E+01
   8.327337E+01   2.818834E+01
   8.327756E+01   2.819088E+01
   8.328190E+01   2.819040E+01
   8.328805E+01   2.819252E+01
   8.329341E+01   2.819322E+01
   8.329772E+01   2.819251E+01
   8.330137E+01   2.819562E+01
   8.330419E+01   2.819683E+01
   8.330664E+01   2.819777E+01
   8.330960E+01   2.819569E+01
   8.331247E+01   2.819328E+01
   8.331431E+01   2.819242E+01
   8.331688E+01   2.818999E+01
   8.332001E+01   2.819015E+01
   8.332658E+01   2.818896E+01
   8.333380E+01   2.818959E+01
   8.333497E+01   2.819027E+01
   8.333852E+01   2.819039E+01
   8.334265E+01   2.819241E+01
   8.334553E+01   2.819353E+01
   8.334771E+01   2.819419E+01
   8.335116E+01   2.819649E+01
   8.335423E+01   2.819766E+01
   8.335557E+01   2.819569E+01
   8.335764E+01   2.819525E+01
   8.336439E+01   2.818916E+01
   8.336688E+01   2.818438E+01
   8.336984E+01   2.818130E+01
   8.337400E+01   2.817522E+01
   8.339002E+01   2.816739E+01
   8.339241E+01   2.816204E+01
   8.339887E+01   2.815255E+01
   8.340630E+01   2.814858E+01
   8.341004E+01   2.814500E+01
   8.341121E+01   2.814129E+01
   8.341742E+01   2.813710E+01
   8.341900E+01   2.813438E+01
   8.341914E+01   2.813245E+01
   8.341990E+01   2.813157E+01
   8.341947E+01   2.812989E+01
   8.341995E+01   2.812808E+01
   8.342236E+01   2.812596E+01
   8.342303E+01   2.812577E+01
   8.342464E+01   2.812581E+01
   8.342636E+01   2.812540E+01
   8.342723E+01   2.812650E+01
   8.343068E+01   2.812902E+01
   8.343624E+01   2.812923E+01
   8.343898E+01   2.813108E+01
   8.344042E+01   2.812953E+01
   8.344278E+01   2.812754E+01
   8.344484E+01   2.812505E+01
   8.344881E+01   2.812602E+01
   8.345120E+01   2.812671E+01
   8.345234E+01   2.812856E+01
   8.345510E+01   2.813058E+01
   8.345655E+01   2.813174E+01
   8.345841E+01   2.813232E+01
   8.346049E+01   2.813024E+01
   8.346370E+01   2.813051E+01
   8.346602E+01   2.813199E+01
   8.347024E+01   2.813225E+01
   8.347453E+01   2.813148E+01
   8.347649E+01   2.813116E+01
   8.347814E+01   2.812899E+01
   8.347630E+01   2.812218E+01
   8.347673E+01   2.811756E+01
   8.348332E+01   2.811676E+01
   8.349310E+01   2.811528E+01
   8.350391E+01   2.812287E+01
   8.351011E+01   2.812634E+01
   8.352092E+01   2.812007E+01
   8.353152E+01   2.811647E+01
   8.354451E+01   2.812101E+01
   8.355278E+01   2.811769E+01
   8.355430E+01   2.811715E+01
   8.355427E+01   2.811597E+01
   8.355394E+01   2.811371E+01
   8.355474E+01   2.811235E+01
   8.355459E+01   2.810972E+01
   8.355492E+01   2.810850E+01
   8.355530E+01   2.810615E+01
   8.355812E+01   2.810491E+01
   8.356059E+01   2.810423E+01
   8.356265E+01   2.810237E+01
   8.356434E+01   2.810156E+01
   8.356468E+01   2.809975E+01
   8.356371E+01   2.809764E+01
   8.356217E+01   2.809518E+01
   8.356219E+01   2.809304E+01
   8.356618E+01   2.809041E+01
   8.356910E+01   2.808892E+01
   8.357061E+01   2.808923E+01
   8.357371E+01   2.808823E+01
   8.357480E+01   2.808745E+01
   8.357545E+01   2.808312E+01
   8.357930E+01   2.807865E+01
   8.357735E+01   2.807599E+01
   8.356873E+01   2.806740E+01
   8.356558E+01   2.806441E+01
   8.356093E+01   2.806319E+01
   8.356267E+01   2.805530E+01
   8.356200E+01   2.804930E+01
   8.355922E+01   2.804359E+01
   8.356394E+01   2.804121E+01
   8.356162E+01   2.803593E+01
   8.357232E+01   2.803257E+01
   8.357864E+01   2.803408E+01
   8.358463E+01   2.802566E+01
   8.359043E+01   2.802573E+01
   8.359894E+01   2.801554E+01
   8.360434E+01   2.801304E+01
   8.360499E+01   2.800544E+01
   8.360338E+01   2.799739E+01
   8.359442E+01   2.798999E+01
   8.358517E+01   2.798789E+01
   8.358507E+01   2.798116E+01
   8.357854E+01   2.797549E+01
   8.357135E+01   2.797608E+01
   8.355637E+01   2.797396E+01
   8.354984E+01   2.797679E+01
   8.354184E+01   2.797164E+01
   8.353382E+01   2.796819E+01
   8.353115E+01   2.796472E+01
   8.352509E+01   2.796592E+01
   8.351004E+01   2.796801E+01
   8.350734E+01   2.797156E+01
   8.350340E+01   2.797492E+01
   8.349737E+01   2.797736E+01
   8.348248E+01   2.798121E+01
   8.347800E+01   2.797480E+01
   8.347409E+01   2.797195E+01
   8.347166E+01   2.796873E+01
   8.346848E+01   2.796579E+01
   8.346672E+01   2.796380E+01
   8.346506E+01   2.796164E+01
   8.346451E+01   2.795806E+01
   8.346389E+01   2.795613E+01
   8.346247E+01   2.795383E+01
   8.345745E+01   2.795074E+01
   8.345052E+01   2.794828E+01
   8.344505E+01   2.794551E+01
   8.344365E+01   2.794322E+01
   8.344569E+01   2.793887E+01
   8.344008E+01   2.793405E+01
