   8.524882E+01   2.676006E+01
   8.525384E+01   2.675829E+01
   8.526056E+01   2.675551E+01
   8.528069E+01   2.675361E+01
   8.529177E+01   2.675318E+01
   8.530522E+01   2.675221E+01
   8.530705E+01   2.675196E+01
   8.530980E+01   2.675103E+01
   8.531388E+01   2.675015E+01
   8.531596E+01   2.674952E+01
   8.531941E+01   2.674871E+01
   8.532058E+01   2.674751E+01
   8.532152E+01   2.674697E+01
   8.532314E+01   2.674507E+01
   8.533437E+01   2.674171E+01
   8.533525E+01   2.674338E+01
   8.533660E+01   2.674409E+01
   8.533633E+01   2.674522E+01
   8.533573E+01   2.674697E+01
   8.533431E+01   2.674799E+01
   8.533342E+01   2.674906E+01
   8.533369E+01   2.675084E+01
   8.533193E+01   2.675194E+01
   8.533118E+01   2.675321E+01
   8.533063E+01   2.675432E+01
   8.533049E+01   2.675525E+01
   8.532918E+01   2.675696E+01
   8.532989E+01   2.675783E+01
   8.532926E+01   2.675927E+01
   8.532911E+01   2.676076E+01
   8.532777E+01   2.676226E+01
   8.532712E+01   2.676331E+01
   8.532731E+01   2.676405E+01
   8.532666E+01   2.676478E+01
   8.532731E+01   2.676707E+01
   8.532789E+01   2.676803E+01
   8.532797E+01   2.677212E+01
   8.532624E+01   2.677560E+01
   8.532479E+01   2.677746E+01
   8.532406E+01   2.677787E+01
   8.532377E+01   2.677834E+01
   8.532413E+01   2.677943E+01
   8.532356E+01   2.677989E+01
   8.532305E+01   2.678041E+01
   8.532288E+01   2.678177E+01
   8.532217E+01   2.678208E+01
   8.532151E+01   2.678208E+01
   8.532114E+01   2.678369E+01
   8.532195E+01   2.678470E+01
   8.532181E+01   2.678590E+01
   8.532088E+01   2.678600E+01
   8.532040E+01   2.678659E+01
   8.532102E+01   2.678705E+01
   8.532113E+01   2.678802E+01
   8.532180E+01   2.678886E+01
   8.532147E+01   2.679016E+01
   8.532097E+01   2.679167E+01
   8.532116E+01   2.679380E+01
   8.532250E+01   2.679473E+01
   8.532237E+01   2.679561E+01
   8.532077E+01   2.679619E+01
   8.532065E+01   2.679869E+01
   8.532141E+01   2.680083E+01
   8.532281E+01   2.680105E+01
   8.532299E+01   2.680203E+01
   8.532260E+01   2.680309E+01
   8.532460E+01   2.680339E+01
   8.532525E+01   2.680454E+01
   8.532470E+01   2.680586E+01
   8.532373E+01   2.680793E+01
   8.532260E+01   2.680953E+01
   8.532182E+01   2.681006E+01
   8.532299E+01   2.681280E+01
   8.532484E+01   2.681385E+01
   8.532574E+01   2.681381E+01
   8.532610E+01   2.681290E+01
   8.532676E+01   2.681279E+01
   8.532891E+01   2.681472E+01
   8.533122E+01   2.681571E+01
   8.533251E+01   2.681525E+01
   8.533352E+01   2.681536E+01
   8.533356E+01   2.681690E+01
   8.533489E+01   2.681797E+01
   8.533461E+01   2.682128E+01
   8.533385E+01   2.682246E+01
   8.533464E+01   2.682290E+01
   8.533507E+01   2.682349E+01
   8.533493E+01   2.682442E+01
   8.533497E+01   2.682597E+01
   8.533505E+01   2.682709E+01
   8.533396E+01   2.682820E+01
   8.533399E+01   2.682890E+01
   8.533419E+01   2.682942E+01
   8.533311E+01   2.683038E+01
   8.533255E+01   2.683107E+01
   8.533226E+01   2.683200E+01
   8.533248E+01   2.683374E+01
   8.533326E+01   2.683461E+01
   8.533342E+01   2.683542E+01
   8.533375E+01   2.683605E+01
   8.533421E+01   2.683562E+01
   8.533484E+01   2.683543E+01
   8.533504E+01   2.683584E+01
   8.533560E+01   2.683623E+01
   8.533655E+01   2.683674E+01
   8.533634E+01   2.683747E+01
   8.533601E+01   2.683820E+01
   8.533720E+01   2.683848E+01
   8.533921E+01   2.683851E+01
   8.534125E+01   2.683983E+01
   8.534374E+01   2.684105E+01
   8.534359E+01   2.684210E+01
   8.534345E+01   2.684297E+01
   8.534315E+01   2.684366E+01
   8.534394E+01   2.684363E+01
   8.534482E+01   2.684375E+01
   8.534443E+01   2.684458E+01
   8.534468E+01   2.684533E+01
   8.534558E+01   2.684600E+01
   8.534594E+01   2.684731E+01
   8.534636E+01   2.684799E+01
   8.534668E+01   2.684937E+01
   8.534721E+01   2.685000E+01
   8.534699E+01   2.685069E+01
   8.534758E+01   2.685205E+01
   8.534830E+01   2.685273E+01
   8.534863E+01   2.685431E+01
   8.534887E+01   2.685557E+01
   8.534885E+01   2.685637E+01
   8.534906E+01   2.685742E+01
   8.535003E+01   2.685838E+01
   8.535151E+01   2.685806E+01
   8.535242E+01   2.685894E+01
   8.535260E+01   2.686021E+01
   8.535145E+01   2.686057E+01
   8.535156E+01   2.686182E+01
   8.535274E+01   2.686572E+01
   8.535364E+01   2.686835E+01
   8.535389E+01   2.687038E+01
   8.535472E+01   2.687190E+01
   8.535381E+01   2.687304E+01
   8.535338E+01   2.687395E+01
   8.535421E+01   2.688143E+01
   8.536041E+01   2.688991E+01
   8.536950E+01   2.690236E+01
   8.538346E+01   2.690752E+01
   8.539002E+01   2.691713E+01
   8.539008E+01   2.692281E+01
   8.538602E+01   2.693200E+01
   8.538979E+01   2.693654E+01
   8.538859E+01   2.694514E+01
   8.539152E+01   2.695338E+01
   8.539854E+01   2.696900E+01
   8.539410E+01   2.697805E+01
   8.539090E+01   2.698503E+01
   8.538777E+01   2.700110E+01
   8.539722E+01   2.701666E+01
   8.539923E+01   2.702228E+01
   8.540587E+01   2.702532E+01
   8.541093E+01   2.703028E+01
   8.541465E+01   2.703892E+01
   8.541934E+01   2.704707E+01
   8.542546E+01   2.705306E+01
   8.543117E+01   2.706090E+01
   8.543840E+01   2.707228E+01
   8.544627E+01   2.708595E+01
   8.545473E+01   2.709828E+01
   8.546442E+01   2.710776E+01
   8.547212E+01   2.711806E+01
   8.547821E+01   2.713089E+01
   8.548201E+01   2.713687E+01
   8.548304E+01   2.713729E+01
   8.549083E+01   2.714716E+01
   8.548946E+01   2.715195E+01
   8.548939E+01   2.715466E+01
   8.546770E+01   2.716596E+01
   8.545333E+01   2.716989E+01
   8.545015E+01   2.718135E+01
   8.543827E+01   2.718669E+01
   8.542668E+01   2.719322E+01
   8.540999E+01   2.719687E+01
   8.539759E+01   2.720676E+01
   8.539050E+01   2.720962E+01
   8.537292E+01   2.721075E+01
   8.536009E+01   2.721062E+01
   8.535164E+01   2.721776E+01
   8.533948E+01   2.721917E+01
   8.532012E+01   2.722682E+01
   8.530740E+01   2.723104E+01
   8.529805E+01   2.723184E+01
   8.529194E+01   2.723308E+01
   8.527904E+01   2.722808E+01
   8.526972E+01   2.722910E+01
   8.526077E+01   2.722690E+01
   8.525652E+01   2.723103E+01
   8.525237E+01   2.724083E+01
   8.524905E+01   2.724637E+01
   8.523759E+01   2.724824E+01
   8.522325E+01   2.724520E+01
   8.521441E+01   2.724643E+01
   8.520574E+01   2.724811E+01
   8.517208E+01   2.722441E+01
   8.519951E+01   2.710156E+01
   8.517458E+01   2.690632E+01
   8.518201E+01   2.686984E+01
   8.518843E+01   2.687009E+01
   8.519028E+01   2.687003E+01
   8.519194E+01   2.686874E+01
   8.519301E+01   2.686515E+01
   8.519290E+01   2.686047E+01
   8.519121E+01   2.685234E+01
   8.519076E+01   2.684705E+01
   8.519219E+01   2.684015E+01
   8.519235E+01   2.683728E+01
   8.519131E+01   2.683270E+01
   8.518962E+01   2.682857E+01
   8.518563E+01   2.682350E+01
   8.518213E+01   2.681995E+01
   8.517763E+01   2.681587E+01
   8.517680E+01   2.681354E+01
   8.517660E+01   2.680989E+01
   8.517856E+01   2.680657E+01
   8.518234E+01   2.680079E+01
   8.518070E+01   2.679936E+01
   8.517921E+01   2.679817E+01
   8.518091E+01   2.679534E+01
   8.518353E+01   2.679486E+01
   8.518570E+01   2.679566E+01
   8.518668E+01   2.679509E+01
   8.518624E+01   2.679362E+01
   8.518582E+01   2.679164E+01
   8.518673E+01   2.679095E+01
   8.518884E+01   2.679154E+01
   8.519225E+01   2.679115E+01
   8.519281E+01   2.678928E+01
   8.519392E+01   2.678708E+01
   8.519453E+01   2.678454E+01
   8.519313E+01   2.678249E+01
   8.519147E+01   2.678208E+01
   8.519647E+01   2.677194E+01
   8.519729E+01   2.676966E+01
   8.520024E+01   2.676907E+01
   8.520211E+01   2.676627E+01
   8.520592E+01   2.676144E+01
   8.521201E+01   2.675818E+01
   8.521846E+01   2.675891E+01
   8.522464E+01   2.676080E+01
   8.523249E+01   2.676256E+01
   8.524031E+01   2.676196E+01
   8.524882E+01   2.676006E+01
