   8.624180E+01   2.690687E+01
   8.645382E+01   2.689480E+01
   8.660477E+01   2.682562E+01
   8.665864E+01   2.675798E+01
   8.669120E+01   2.669189E+01
   8.683563E+01   2.671675E+01
   8.691022E+01   2.673314E+01
   8.692443E+01   2.675376E+01
   8.702830E+01   2.671520E+01
   8.716455E+01   2.686369E+01
   8.716573E+01   2.691438E+01
   8.699525E+01   2.688851E+01
   8.692465E+01   2.690046E+01
   8.677903E+01   2.688462E+01
   8.676008E+01   2.701179E+01
   8.670641E+01   2.707898E+01
   8.667247E+01   2.712143E+01
   8.652211E+01   2.711353E+01
   8.643386E+01   2.714882E+01
   8.642878E+01   2.714692E+01
   8.642337E+01   2.714901E+01
   8.641921E+01   2.715160E+01
   8.641840E+01   2.716230E+01
   8.641399E+01   2.716769E+01
   8.640720E+01   2.716907E+01
   8.640060E+01   2.717150E+01
   8.640040E+01   2.717545E+01
   8.639570E+01   2.717742E+01
   8.638970E+01   2.718013E+01
   8.638851E+01   2.717900E+01
   8.638735E+01   2.717767E+01
   8.638576E+01   2.717656E+01
   8.638441E+01   2.717569E+01
   8.638441E+01   2.717414E+01
   8.638487E+01   2.717311E+01
   8.638421E+01   2.717287E+01
   8.638323E+01   2.717348E+01
   8.638283E+01   2.717253E+01
   8.638276E+01   2.717114E+01
   8.638128E+01   2.717011E+01
   8.638110E+01   2.716840E+01
   8.637907E+01   2.716578E+01
   8.637811E+01   2.716486E+01
   8.637922E+01   2.716442E+01
   8.637868E+01   2.716341E+01
   8.637787E+01   2.716240E+01
   8.637712E+01   2.716119E+01
   8.637626E+01   2.716137E+01
   8.637539E+01   2.716109E+01
   8.637416E+01   2.715903E+01
   8.637328E+01   2.715710E+01
   8.637381E+01   2.715609E+01
   8.637301E+01   2.715388E+01
   8.637044E+01   2.715196E+01
   8.637047E+01   2.715070E+01
   8.637191E+01   2.714976E+01
   8.637320E+01   2.714836E+01
   8.637290E+01   2.714721E+01
   8.637193E+01   2.714707E+01
   8.637117E+01   2.714747E+01
   8.637005E+01   2.714584E+01
   8.636865E+01   2.714459E+01
   8.636780E+01   2.714313E+01
   8.636814E+01   2.714103E+01
   8.636726E+01   2.714007E+01
   8.636662E+01   2.714030E+01
   8.636583E+01   2.714137E+01
   8.636487E+01   2.714150E+01
   8.636365E+01   2.714206E+01
   8.636253E+01   2.714170E+01
   8.636226E+01   2.714099E+01
   8.636181E+01   2.713989E+01
   8.636086E+01   2.713963E+01
   8.636011E+01   2.713916E+01
   8.635899E+01   2.713905E+01
   8.635833E+01   2.713924E+01
   8.635804E+01   2.713959E+01
   8.635834E+01   2.714027E+01
   8.635807E+01   2.714084E+01
   8.635776E+01   2.714126E+01
   8.635804E+01   2.714164E+01
   8.635753E+01   2.714193E+01
   8.635734E+01   2.714223E+01
   8.635740E+01   2.714265E+01
   8.635684E+01   2.714247E+01
   8.635601E+01   2.714278E+01
   8.635552E+01   2.714321E+01
   8.635445E+01   2.714283E+01
   8.635338E+01   2.714338E+01
   8.635280E+01   2.714355E+01
   8.635219E+01   2.714304E+01
   8.635170E+01   2.714337E+01
   8.635094E+01   2.714302E+01
   8.635062E+01   2.714272E+01
   8.635003E+01   2.714325E+01
   8.634895E+01   2.714365E+01
   8.634801E+01   2.714342E+01
   8.634694E+01   2.714392E+01
   8.634566E+01   2.714393E+01
   8.634495E+01   2.714371E+01
   8.634446E+01   2.714402E+01
   8.634472E+01   2.714479E+01
   8.634424E+01   2.714527E+01
   8.634419E+01   2.714592E+01
   8.634431E+01   2.714638E+01
   8.634354E+01   2.714682E+01
   8.634265E+01   2.714688E+01
   8.634177E+01   2.714608E+01
   8.634134E+01   2.714509E+01
   8.634074E+01   2.714488E+01
   8.634121E+01   2.714437E+01
   8.634141E+01   2.714319E+01
   8.634142E+01   2.714255E+01
   8.634093E+01   2.714151E+01
   8.634059E+01   2.714080E+01
   8.633951E+01   2.714005E+01
   8.633857E+01   2.713917E+01
   8.633774E+01   2.713844E+01
   8.633689E+01   2.713845E+01
   8.633651E+01   2.713800E+01
   8.633639E+01   2.713671E+01
   8.633669E+01   2.713589E+01
   8.633743E+01   2.713600E+01
   8.633838E+01   2.713575E+01
   8.633785E+01   2.713495E+01
   8.633738E+01   2.713452E+01
   8.633773E+01   2.713412E+01
   8.633734E+01   2.713357E+01
   8.633656E+01   2.713389E+01
   8.633591E+01   2.713427E+01
   8.633531E+01   2.713424E+01
   8.633494E+01   2.713384E+01
   8.633502E+01   2.713347E+01
   8.633563E+01   2.713324E+01
   8.633587E+01   2.713271E+01
   8.633586E+01   2.713152E+01
   8.633518E+01   2.713090E+01
   8.633431E+01   2.713064E+01
   8.633417E+01   2.713018E+01
   8.633462E+01   2.712996E+01
   8.633508E+01   2.712928E+01
   8.633570E+01   2.712944E+01
   8.633636E+01   2.712939E+01
   8.633642E+01   2.712906E+01
   8.633553E+01   2.712858E+01
   8.633474E+01   2.712820E+01
   8.633501E+01   2.712774E+01
   8.633558E+01   2.712783E+01
   8.633624E+01   2.712796E+01
   8.633645E+01   2.712756E+01
   8.633659E+01   2.712654E+01
   8.633587E+01   2.712641E+01
   8.633491E+01   2.712676E+01
   8.633461E+01   2.712598E+01
   8.633428E+01   2.712468E+01
   8.633358E+01   2.712383E+01
   8.633356E+01   2.712329E+01
   8.633389E+01   2.712212E+01
   8.633358E+01   2.712157E+01
   8.633308E+01   2.712176E+01
   8.633222E+01   2.712162E+01
   8.633169E+01   2.712065E+01
   8.633161E+01   2.711907E+01
   8.633103E+01   2.711784E+01
   8.633112E+01   2.711723E+01
   8.633033E+01   2.711705E+01
   8.632956E+01   2.711626E+01
   8.632858E+01   2.711558E+01
   8.632880E+01   2.711492E+01
   8.632832E+01   2.711408E+01
   8.632727E+01   2.711302E+01
   8.632672E+01   2.711280E+01
   8.632651E+01   2.711238E+01
   8.632662E+01   2.711161E+01
   8.632633E+01   2.711058E+01
   8.632536E+01   2.711040E+01
   8.632411E+01   2.711007E+01
   8.632346E+01   2.711041E+01
   8.632257E+01   2.711057E+01
   8.632174E+01   2.711026E+01
   8.632103E+01   2.711073E+01
   8.631931E+01   2.711054E+01
   8.631816E+01   2.711045E+01
   8.631751E+01   2.711066E+01
   8.631681E+01   2.711059E+01
   8.631598E+01   2.711083E+01
   8.631509E+01   2.711063E+01
   8.631406E+01   2.711095E+01
   8.631310E+01   2.711101E+01
   8.631232E+01   2.711029E+01
   8.631176E+01   2.710966E+01
   8.631031E+01   2.710968E+01
   8.630826E+01   2.710987E+01
   8.630692E+01   2.710947E+01
   8.630636E+01   2.710859E+01
   8.630710E+01   2.710792E+01
   8.630766E+01   2.710749E+01
   8.630820E+01   2.710683E+01
   8.630911E+01   2.710586E+01
   8.630960E+01   2.710496E+01
   8.631035E+01   2.710446E+01
   8.631084E+01   2.710341E+01
   8.631142E+01   2.710322E+01
   8.631238E+01   2.710270E+01
   8.631374E+01   2.710285E+01
   8.631460E+01   2.710284E+01
   8.631556E+01   2.710233E+01
   8.631659E+01   2.710238E+01
   8.631770E+01   2.710195E+01
   8.631841E+01   2.710136E+01
   8.631936E+01   2.710109E+01
   8.632073E+01   2.710062E+01
   8.632182E+01   2.710025E+01
   8.632232E+01   2.709961E+01
   8.632399E+01   2.709912E+01
   8.632480E+01   2.709933E+01
   8.632537E+01   2.709962E+01
   8.632685E+01   2.710042E+01
   8.632812E+01   2.710060E+01
   8.632952E+01   2.710033E+01
   8.633094E+01   2.710016E+01
   8.633196E+01   2.709996E+01
   8.633255E+01   2.710033E+01
   8.633319E+01   2.710068E+01
   8.633422E+01   2.710133E+01
   8.633470E+01   2.710206E+01
   8.633514E+01   2.710251E+01
   8.633617E+01   2.710283E+01
   8.633699E+01   2.710363E+01
   8.633802E+01   2.710467E+01
   8.633931E+01   2.710528E+01
   8.634018E+01   2.710637E+01
   8.634160E+01   2.710660E+01
   8.634255E+01   2.710632E+01
   8.634340E+01   2.710603E+01
   8.634409E+01   2.710579E+01
   8.634502E+01   2.710591E+01
   8.634672E+01   2.710619E+01
   8.634799E+01   2.710635E+01
   8.634883E+01   2.710577E+01
   8.634942E+01   2.710526E+01
   8.635034E+01   2.710487E+01
   8.635136E+01   2.710500E+01
   8.635238E+01   2.710467E+01
   8.635315E+01   2.710447E+01
   8.635477E+01   2.710442E+01
   8.635571E+01   2.710387E+01
   8.635606E+01   2.710300E+01
   8.635567E+01   2.710108E+01
   8.635597E+01   2.710026E+01
   8.635668E+01   2.709996E+01
   8.635773E+01   2.709935E+01
   8.635858E+01   2.709944E+01
   8.635987E+01   2.709999E+01
   8.636106E+01   2.709991E+01
   8.636199E+01   2.710004E+01
   8.636249E+01   2.709945E+01
   8.636144E+01   2.709854E+01
   8.636054E+01   2.709778E+01
   8.635985E+01   2.709702E+01
   8.635966E+01   2.709641E+01
   8.635893E+01   2.709546E+01
   8.635689E+01   2.709432E+01
   8.635754E+01   2.709314E+01
   8.635831E+01   2.709266E+01
   8.635865E+01   2.709174E+01
   8.635792E+01   2.709064E+01
   8.635761E+01   2.708989E+01
   8.635761E+01   2.708836E+01
   8.635812E+01   2.708691E+01
   8.635799E+01   2.708553E+01
   8.635814E+01   2.708416E+01
   8.635754E+01   2.708296E+01
   8.635652E+01   2.708163E+01
   8.635588E+01   2.708162E+01
   8.635524E+01   2.708182E+01
   8.635506E+01   2.708130E+01
   8.635512E+01   2.708046E+01
   8.635460E+01   2.707940E+01
   8.635445E+01   2.707810E+01
   8.635412E+01   2.707737E+01
   8.635355E+01   2.707719E+01
   8.635335E+01   2.707663E+01
   8.635378E+01   2.707620E+01
   8.635493E+01   2.707564E+01
   8.635485E+01   2.707526E+01
   8.635409E+01   2.707527E+01
   8.635340E+01   2.707472E+01
   8.635284E+01   2.707500E+01
   8.635228E+01   2.707436E+01
   8.635159E+01   2.707397E+01
   8.635127E+01   2.707356E+01
   8.635148E+01   2.707296E+01
   8.635154E+01   2.707243E+01
   8.635066E+01   2.707208E+01
   8.635083E+01   2.707080E+01
   8.635076E+01   2.707001E+01
   8.635007E+01   2.706973E+01
   8.634886E+01   2.706984E+01
   8.634822E+01   2.707064E+01
   8.634701E+01   2.707071E+01
   8.634694E+01   2.707022E+01
   8.634692E+01   2.706954E+01
   8.634687E+01   2.706903E+01
   8.634592E+01   2.706855E+01
   8.634545E+01   2.706767E+01
   8.634610E+01   2.706706E+01
   8.634603E+01   2.706627E+01
   8.634596E+01   2.706540E+01
   8.634647E+01   2.706501E+01
   8.634686E+01   2.706503E+01
   8.634764E+01   2.706473E+01
   8.634892E+01   2.706501E+01
   8.634963E+01   2.706634E+01
   8.635027E+01   2.706695E+01
   8.635088E+01   2.706659E+01
   8.635033E+01   2.706401E+01
   8.635059E+01   2.706240E+01
   8.635216E+01   2.706096E+01
   8.635564E+01   2.705926E+01
   8.635707E+01   2.705872E+01
   8.635864E+01   2.705712E+01
   8.636002E+01   2.705512E+01
   8.636211E+01   2.705446E+01
   8.636297E+01   2.705454E+01
   8.636339E+01   2.705335E+01
   8.636359E+01   2.705120E+01
   8.636389E+01   2.704896E+01
   8.636430E+01   2.704755E+01
   8.636389E+01   2.704624E+01
   8.636377E+01   2.704462E+01
   8.636339E+01   2.704326E+01
   8.636388E+01   2.704275E+01
   8.636472E+01   2.704148E+01
   8.636584E+01   2.704009E+01
   8.636627E+01   2.703890E+01
   8.636714E+01   2.703751E+01
   8.636828E+01   2.703694E+01
   8.636932E+01   2.703701E+01
   8.637049E+01   2.703726E+01
   8.637135E+01   2.703687E+01
   8.637353E+01   2.703601E+01
   8.637563E+01   2.703469E+01
   8.637614E+01   2.703498E+01
   8.637767E+01   2.703486E+01
   8.637944E+01   2.703440E+01
   8.638103E+01   2.703301E+01
   8.638230E+01   2.703068E+01
   8.638208E+01   2.703015E+01
   8.638123E+01   2.703011E+01
   8.637995E+01   2.703139E+01
   8.637927E+01   2.703121E+01
   8.637762E+01   2.702805E+01
   8.637683E+01   2.702633E+01
   8.637476E+01   2.702416E+01
   8.637417E+01   2.702227E+01
   8.637447E+01   2.702016E+01
   8.637235E+01   2.701629E+01
   8.637314E+01   2.701304E+01
   8.637269E+01   2.700964E+01
   8.637486E+01   2.700690E+01
   8.637420E+01   2.700409E+01
   8.637282E+01   2.700127E+01
   8.636969E+01   2.699782E+01
   8.636784E+01   2.699231E+01
   8.636598E+01   2.698169E+01
   8.636659E+01   2.697517E+01
   8.636492E+01   2.697041E+01
   8.636082E+01   2.696673E+01
   8.635593E+01   2.696098E+01
   8.634333E+01   2.696306E+01
   8.632859E+01   2.696859E+01
   8.632309E+01   2.696815E+01
   8.632086E+01   2.696651E+01
   8.631816E+01   2.696546E+01
   8.631532E+01   2.696374E+01
   8.631372E+01   2.696364E+01
   8.631161E+01   2.696169E+01
   8.630793E+01   2.696120E+01
   8.630428E+01   2.695936E+01
   8.630085E+01   2.695821E+01
   8.629816E+01   2.695567E+01
   8.628773E+01   2.694846E+01
   8.627783E+01   2.693780E+01
   8.627379E+01   2.693154E+01
   8.626156E+01   2.692667E+01
   8.626073E+01   2.691798E+01
   8.625906E+01   2.691321E+01
   8.625799E+01   2.691031E+01
   8.625223E+01   2.691001E+01
   8.624732E+01   2.691474E+01
   8.624490E+01   2.691318E+01
