   8.523955E+01   2.758226E+01
   8.524013E+01   2.758038E+01
   8.524339E+01   2.757767E+01
   8.525271E+01   2.757846E+01
   8.525522E+01   2.757786E+01
   8.526000E+01   2.757663E+01
   8.526332E+01   2.757062E+01
   8.526469E+01   2.757035E+01
   8.526598E+01   2.757010E+01
   8.526699E+01   2.757075E+01
   8.526757E+01   2.757172E+01
   8.526796E+01   2.757266E+01
   8.526825E+01   2.757396E+01
   8.526895E+01   2.757466E+01
   8.527062E+01   2.757560E+01
   8.527172E+01   2.757626E+01
   8.527198E+01   2.757695E+01
   8.527245E+01   2.757857E+01
   8.527381E+01   2.757978E+01
   8.527408E+01   2.758007E+01
   8.527538E+01   2.758077E+01
   8.527635E+01   2.758182E+01
   8.527704E+01   2.758268E+01
   8.527800E+01   2.758279E+01
   8.527894E+01   2.758294E+01
   8.527987E+01   2.758393E+01
   8.528044E+01   2.758507E+01
   8.528231E+01   2.758500E+01
   8.528373E+01   2.758503E+01
   8.528497E+01   2.758592E+01
   8.528502E+01   2.758684E+01
   8.528357E+01   2.758754E+01
   8.528115E+01   2.758786E+01
   8.527942E+01   2.758883E+01
   8.528006E+01   2.758987E+01
   8.528124E+01   2.759078E+01
   8.528161E+01   2.759172E+01
   8.528152E+01   2.759294E+01
   8.527974E+01   2.759482E+01
   8.527995E+01   2.759560E+01
   8.528256E+01   2.759602E+01
   8.528354E+01   2.759594E+01
   8.528442E+01   2.759521E+01
   8.528421E+01   2.759432E+01
   8.528431E+01   2.759341E+01
   8.528572E+01   2.759364E+01
   8.528643E+01   2.759584E+01
   8.528675E+01   2.759716E+01
   8.528791E+01   2.759799E+01
   8.528940E+01   2.759767E+01
   8.529046E+01   2.759721E+01
   8.529170E+01   2.759699E+01
   8.529185E+01   2.759786E+01
   8.529169E+01   2.759923E+01
   8.529126E+01   2.760047E+01
   8.529139E+01   2.760174E+01
   8.529235E+01   2.760235E+01
   8.529349E+01   2.760284E+01
   8.529452E+01   2.760377E+01
   8.529424E+01   2.760552E+01
   8.529414E+01   2.760657E+01
   8.529441E+01   2.760778E+01
   8.529379E+01   2.760867E+01
   8.529263E+01   2.760946E+01
   8.529165E+01   2.761043E+01
   8.529051E+01   2.761067E+01
   8.529018E+01   2.761123E+01
   8.529019E+01   2.761195E+01
   8.529086E+01   2.761229E+01
   8.529166E+01   2.761210E+01
   8.529330E+01   2.761189E+01
   8.529392E+01   2.761264E+01
   8.529345E+01   2.761381E+01
   8.529233E+01   2.761579E+01
   8.529210E+01   2.761721E+01
   8.529173E+01   2.761873E+01
   8.529205E+01   2.761969E+01
   8.529328E+01   2.762110E+01
   8.529340E+01   2.762192E+01
   8.529316E+01   2.762258E+01
   8.529280E+01   2.762396E+01
   8.529282E+01   2.762513E+01
   8.529312E+01   2.762613E+01
   8.529474E+01   2.762645E+01
   8.529496E+01   2.762688E+01
   8.529478E+01   2.762772E+01
   8.529383E+01   2.762839E+01
   8.529323E+01   2.762967E+01
   8.529286E+01   2.763282E+01
   8.529303E+01   2.763371E+01
   8.529231E+01   2.763450E+01
   8.529002E+01   2.763534E+01
   8.528838E+01   2.763655E+01
   8.528674E+01   2.763747E+01
   8.528462E+01   2.763974E+01
   8.528317E+01   2.764191E+01
   8.528241E+01   2.764351E+01
   8.528243E+01   2.764456E+01
   8.528318E+01   2.764531E+01
   8.528461E+01   2.764499E+01
   8.528633E+01   2.764434E+01
   8.528746E+01   2.764450E+01
   8.528748E+01   2.764618E+01
   8.528685E+01   2.764778E+01
   8.528692E+01   2.764968E+01
   8.528778E+01   2.765130E+01
   8.528899E+01   2.765264E+01
   8.529052E+01   2.765356E+01
   8.529224E+01   2.765507E+01
   8.529308E+01   2.765570E+01
   8.529345E+01   2.765621E+01
   8.529371E+01   2.765696E+01
   8.529383E+01   2.765750E+01
   8.529364E+01   2.765865E+01
   8.529420E+01   2.765952E+01
   8.529437E+01   2.765998E+01
   8.529471E+01   2.766022E+01
   8.529536E+01   2.766039E+01
   8.529612E+01   2.766100E+01
   8.529646E+01   2.766084E+01
   8.529687E+01   2.766066E+01
   8.529712E+01   2.766131E+01
   8.529667E+01   2.766241E+01
   8.529654E+01   2.766331E+01
   8.529637E+01   2.766431E+01
   8.529671E+01   2.766576E+01
   8.529777E+01   2.766670E+01
   8.529779E+01   2.766789E+01
   8.529717E+01   2.766872E+01
   8.529614E+01   2.766868E+01
   8.529435E+01   2.766890E+01
   8.529300E+01   2.766944E+01
   8.529231E+01   2.767042E+01
   8.529178E+01   2.767190E+01
   8.529209E+01   2.767319E+01
   8.529275E+01   2.767414E+01
   8.529408E+01   2.767487E+01
   8.529652E+01   2.767592E+01
   8.529764E+01   2.767676E+01
   8.529853E+01   2.767777E+01
   8.529920E+01   2.767996E+01
   8.530127E+01   2.768950E+01
   8.530603E+01   2.769337E+01
   8.531169E+01   2.769167E+01
   8.531553E+01   2.769015E+01
   8.532198E+01   2.768665E+01
   8.532723E+01   2.768580E+01
   8.532914E+01   2.768200E+01
   8.533258E+01   2.767877E+01
   8.533736E+01   2.767621E+01
   8.533920E+01   2.767529E+01
   8.534202E+01   2.767278E+01
   8.534479E+01   2.767134E+01
   8.534908E+01   2.766830E+01
   8.535208E+01   2.766801E+01
   8.535286E+01   2.767104E+01
   8.535469E+01   2.767367E+01
   8.535504E+01   2.767766E+01
   8.535620E+01   2.768151E+01
   8.535893E+01   2.768209E+01
   8.536151E+01   2.768316E+01
   8.536378E+01   2.768586E+01
   8.536810E+01   2.768877E+01
   8.537118E+01   2.768991E+01
   8.537363E+01   2.769170E+01
   8.537572E+01   2.769120E+01
   8.537555E+01   2.769438E+01
   8.537811E+01   2.769336E+01
   8.538214E+01   2.769434E+01
   8.538481E+01   2.769278E+01
   8.538522E+01   2.769644E+01
   8.538866E+01   2.769670E+01
   8.538857E+01   2.770011E+01
   8.538987E+01   2.770264E+01
   8.539330E+01   2.770254E+01
   8.539564E+01   2.770113E+01
   8.539917E+01   2.770530E+01
   8.540354E+01   2.770843E+01
   8.541121E+01   2.771176E+01
   8.541131E+01   2.771391E+01
   8.541040E+01   2.771697E+01
   8.541237E+01   2.771753E+01
   8.541561E+01   2.771690E+01
   8.541524E+01   2.771944E+01
   8.541675E+01   2.772028E+01
   8.541898E+01   2.772041E+01
   8.542080E+01   2.772050E+01
   8.542141E+01   2.772407E+01
   8.542374E+01   2.772366E+01
   8.542722E+01   2.772410E+01
   8.542901E+01   2.772549E+01
   8.543063E+01   2.772516E+01
   8.543241E+01   2.772666E+01
   8.543463E+01   2.772763E+01
   8.543593E+01   2.772754E+01
   8.543849E+01   2.772831E+01
   8.544023E+01   2.772708E+01
   8.544295E+01   2.772481E+01
   8.544695E+01   2.772459E+01
   8.545097E+01   2.772318E+01
   8.545301E+01   2.772239E+01
   8.545887E+01   2.772074E+01
   8.546457E+01   2.772074E+01
   8.546941E+01   2.771988E+01
   8.547198E+01   2.771725E+01
   8.547526E+01   2.771600E+01
   8.547634E+01   2.771747E+01
   8.547945E+01   2.771872E+01
   8.548631E+01   2.771875E+01
   8.549133E+01   2.772095E+01
   8.549665E+01   2.772261E+01
   8.549999E+01   2.772358E+01
   8.550343E+01   2.772423E+01
   8.551253E+01   2.772791E+01
   8.552113E+01   2.772833E+01
   8.552435E+01   2.772612E+01
   8.552502E+01   2.772743E+01
   8.552377E+01   2.773097E+01
   8.552562E+01   2.773744E+01
   8.553160E+01   2.774421E+01
   8.553594E+01   2.775011E+01
   8.553773E+01   2.775430E+01
   8.553966E+01   2.775502E+01
   8.554312E+01   2.775575E+01
   8.554699E+01   2.775609E+01
   8.554996E+01   2.775710E+01
   8.555106E+01   2.775765E+01
   8.555348E+01   2.775694E+01
   8.555634E+01   2.775687E+01
   8.555747E+01   2.775697E+01
   8.555816E+01   2.775670E+01
   8.555937E+01   2.775751E+01
   8.556040E+01   2.775752E+01
   8.556208E+01   2.775577E+01
   8.556370E+01   2.775503E+01
   8.556416E+01   2.775559E+01
   8.556548E+01   2.776451E+01
   8.556333E+01   2.776551E+01
   8.555908E+01   2.776776E+01
   8.555623E+01   2.777279E+01
   8.555399E+01   2.777700E+01
   8.555202E+01   2.777986E+01
   8.554952E+01   2.778131E+01
   8.554796E+01   2.778301E+01
   8.554544E+01   2.778376E+01
   8.554363E+01   2.778515E+01
   8.554016E+01   2.778628E+01
   8.553826E+01   2.778828E+01
   8.553422E+01   2.779088E+01
   8.553148E+01   2.779259E+01
   8.553025E+01   2.779096E+01
   8.552582E+01   2.779056E+01
   8.552233E+01   2.778987E+01
   8.551512E+01   2.778677E+01
   8.551062E+01   2.778667E+01
   8.550417E+01   2.778506E+01
   8.549670E+01   2.778630E+01
   8.549073E+01   2.778211E+01
   8.548616E+01   2.778055E+01
   8.547747E+01   2.777916E+01
   8.547163E+01   2.777920E+01
   8.546771E+01   2.778496E+01
   8.546827E+01   2.778973E+01
   8.546340E+01   2.780419E+01
   8.545752E+01   2.780662E+01
   8.545449E+01   2.780874E+01
   8.545154E+01   2.781158E+01
   8.545020E+01   2.781791E+01
   8.544762E+01   2.781548E+01
   8.544065E+01   2.781405E+01
   8.543578E+01   2.781178E+01
   8.542527E+01   2.781089E+01
   8.541645E+01   2.781031E+01
   8.541218E+01   2.781039E+01
   8.540510E+01   2.781224E+01
   8.539925E+01   2.781458E+01
   8.539121E+01   2.781680E+01
   8.538635E+01   2.781284E+01
   8.537436E+01   2.781010E+01
   8.536611E+01   2.781236E+01
   8.535747E+01   2.781201E+01
   8.534506E+01   2.780948E+01
   8.533340E+01   2.781593E+01
   8.532012E+01   2.781426E+01
   8.530724E+01   2.781128E+01
   8.530156E+01   2.781341E+01
   8.529566E+01   2.781090E+01
   8.529188E+01   2.780507E+01
   8.528365E+01   2.779977E+01
   8.527584E+01   2.779047E+01
   8.526781E+01   2.778165E+01
   8.525827E+01   2.778084E+01
   8.525434E+01   2.777708E+01
   8.525273E+01   2.777453E+01
   8.525419E+01   2.777479E+01
   8.525583E+01   2.777373E+01
   8.525857E+01   2.777364E+01
   8.525930E+01   2.777221E+01
   8.526414E+01   2.776836E+01
   8.526508E+01   2.776608E+01
   8.526862E+01   2.776429E+01
   8.527089E+01   2.775879E+01
   8.526961E+01   2.775112E+01
   8.526749E+01   2.774607E+01
   8.526037E+01   2.774563E+01
   8.525613E+01   2.774541E+01
   8.525362E+01   2.774718E+01
   8.525075E+01   2.774785E+01
   8.523994E+01   2.774525E+01
   8.523610E+01   2.774188E+01
   8.522644E+01   2.773863E+01
   8.522060E+01   2.773629E+01
   8.521416E+01   2.773717E+01
   8.521743E+01   2.773519E+01
   8.522123E+01   2.773216E+01
   8.522219E+01   2.772830E+01
   8.521880E+01   2.772367E+01
   8.521649E+01   2.772204E+01
   8.521077E+01   2.772239E+01
   8.520779E+01   2.772316E+01
   8.520767E+01   2.772055E+01
   8.520622E+01   2.771910E+01
   8.520377E+01   2.771990E+01
   8.520188E+01   2.772067E+01
   8.520119E+01   2.771810E+01
   8.519864E+01   2.771718E+01
   8.519821E+01   2.771613E+01
   8.519921E+01   2.771461E+01
   8.520101E+01   2.771381E+01
   8.520036E+01   2.771204E+01
   8.519994E+01   2.770990E+01
   8.519982E+01   2.770843E+01
   8.519734E+01   2.770994E+01
   8.519741E+01   2.770768E+01
   8.519349E+01   2.769817E+01
   8.519508E+01   2.769437E+01
   8.519264E+01   2.768662E+01
   8.518904E+01   2.768143E+01
   8.519288E+01   2.767681E+01
   8.520315E+01   2.767062E+01
   8.520558E+01   2.766652E+01
   8.521317E+01   2.766110E+01
   8.522110E+01   2.765628E+01
   8.522424E+01   2.765441E+01
   8.522978E+01   2.765352E+01
   8.523288E+01   2.764841E+01
   8.522753E+01   2.764240E+01
   8.522596E+01   2.763875E+01
   8.522412E+01   2.763353E+01
   8.522202E+01   2.762917E+01
   8.522497E+01   2.762486E+01
   8.523157E+01   2.762337E+01
   8.523456E+01   2.762069E+01
   8.523722E+01   2.761516E+01
   8.523724E+01   2.761225E+01
   8.523896E+01   2.760033E+01
   8.524207E+01   2.759603E+01
   8.524161E+01   2.759233E+01
   8.523888E+01   2.758443E+01
