   8.538655E+01   2.756284E+01
   8.539002E+01   2.756012E+01
   8.539581E+01   2.755665E+01
   8.540060E+01   2.755034E+01
   8.540389E+01   2.754478E+01
   8.541083E+01   2.754526E+01
   8.541566E+01   2.754836E+01
   8.541687E+01   2.754574E+01
   8.542289E+01   2.754180E+01
   8.542746E+01   2.754093E+01
   8.543036E+01   2.753957E+01
   8.543388E+01   2.753889E+01
   8.543626E+01   2.754124E+01
   8.543870E+01   2.753718E+01
   8.543986E+01   2.752999E+01
   8.543994E+01   2.752372E+01
   8.544210E+01   2.751656E+01
   8.544148E+01   2.751284E+01
   8.544052E+01   2.751011E+01
   8.544013E+01   2.750848E+01
   8.544034E+01   2.750766E+01
   8.543991E+01   2.750670E+01
   8.543970E+01   2.750623E+01
   8.543926E+01   2.750497E+01
   8.543911E+01   2.750404E+01
   8.543901E+01   2.750350E+01
   8.543884E+01   2.750304E+01
   8.543895E+01   2.750275E+01
   8.543917E+01   2.750228E+01
   8.543906E+01   2.750143E+01
   8.543890E+01   2.750038E+01
   8.543858E+01   2.749937E+01
   8.543880E+01   2.749885E+01
   8.543898E+01   2.749865E+01
   8.543913E+01   2.749841E+01
   8.543906E+01   2.749801E+01
   8.543913E+01   2.749770E+01
   8.543890E+01   2.749747E+01
   8.543877E+01   2.749674E+01
   8.543868E+01   2.749633E+01
   8.543880E+01   2.749572E+01
   8.543891E+01   2.749530E+01
   8.543902E+01   2.749477E+01
   8.543874E+01   2.749407E+01
   8.543874E+01   2.749330E+01
   8.543858E+01   2.749284E+01
   8.543885E+01   2.749225E+01
   8.543906E+01   2.749169E+01
   8.543891E+01   2.749129E+01
   8.543877E+01   2.749074E+01
   8.543871E+01   2.749020E+01
   8.543877E+01   2.748980E+01
   8.543863E+01   2.748955E+01
   8.543888E+01   2.748883E+01
   8.543892E+01   2.748787E+01
   8.543924E+01   2.748754E+01
   8.543979E+01   2.748678E+01
   8.544011E+01   2.748593E+01
   8.544052E+01   2.748578E+01
   8.544072E+01   2.748525E+01
   8.544074E+01   2.748448E+01
   8.544061E+01   2.748334E+01
   8.544110E+01   2.748222E+01
   8.544164E+01   2.748165E+01
   8.544214E+01   2.748168E+01
   8.544268E+01   2.748174E+01
   8.544300E+01   2.748129E+01
   8.544331E+01   2.748094E+01
   8.544329E+01   2.748028E+01
   8.544299E+01   2.747936E+01
   8.544171E+01   2.747850E+01
   8.544181E+01   2.747804E+01
   8.544178E+01   2.747741E+01
   8.544152E+01   2.747620E+01
   8.544129E+01   2.747596E+01
   8.544049E+01   2.747566E+01
   8.543974E+01   2.747508E+01
   8.543839E+01   2.747428E+01
   8.543763E+01   2.747407E+01
   8.543743E+01   2.747323E+01
   8.543703E+01   2.747299E+01
   8.543675E+01   2.747235E+01
   8.543649E+01   2.747177E+01
   8.543614E+01   2.747121E+01
   8.543571E+01   2.747098E+01
   8.543565E+01   2.747059E+01
   8.543570E+01   2.747023E+01
   8.543520E+01   2.746965E+01
   8.543370E+01   2.746870E+01
   8.543307E+01   2.746823E+01
   8.543269E+01   2.746804E+01
   8.543242E+01   2.746758E+01
   8.543194E+01   2.746742E+01
   8.543135E+01   2.746640E+01
   8.543092E+01   2.746590E+01
   8.543053E+01   2.746551E+01
   8.543011E+01   2.746512E+01
   8.542944E+01   2.746461E+01
   8.542894E+01   2.746431E+01
   8.542886E+01   2.746376E+01
   8.542831E+01   2.746367E+01
   8.542716E+01   2.746416E+01
   8.542596E+01   2.746419E+01
   8.542493E+01   2.746344E+01
   8.542421E+01   2.746298E+01
   8.542351E+01   2.746194E+01
   8.542310E+01   2.746162E+01
   8.542231E+01   2.746179E+01
   8.542235E+01   2.746126E+01
   8.542220E+01   2.746067E+01
   8.542196E+01   2.746018E+01
   8.542151E+01   2.745895E+01
   8.542118E+01   2.745813E+01
   8.542048E+01   2.745840E+01
   8.541999E+01   2.745879E+01
   8.541937E+01   2.745888E+01
   8.541900E+01   2.745906E+01
   8.541817E+01   2.745907E+01
   8.541777E+01   2.745900E+01
   8.541750E+01   2.745865E+01
   8.541727E+01   2.745791E+01
   8.541665E+01   2.745747E+01
   8.541648E+01   2.745662E+01
   8.541627E+01   2.745603E+01
   8.541529E+01   2.745534E+01
   8.541460E+01   2.745504E+01
   8.541389E+01   2.745539E+01
   8.541262E+01   2.745468E+01
   8.541204E+01   2.745357E+01
   8.541171E+01   2.745202E+01
   8.541155E+01   2.745141E+01
   8.541068E+01   2.745101E+01
   8.541019E+01   2.745057E+01
   8.540917E+01   2.745004E+01
   8.540817E+01   2.744999E+01
   8.540748E+01   2.744891E+01
   8.540667E+01   2.744823E+01
   8.540659E+01   2.744745E+01
   8.540729E+01   2.744708E+01
   8.540803E+01   2.744678E+01
   8.540812E+01   2.744601E+01
   8.540881E+01   2.744462E+01
   8.540883E+01   2.744423E+01
   8.540977E+01   2.744377E+01
   8.541118E+01   2.744425E+01
   8.541335E+01   2.744453E+01
   8.541476E+01   2.744449E+01
   8.541637E+01   2.744455E+01
   8.541700E+01   2.744500E+01
   8.541753E+01   2.744519E+01
   8.541795E+01   2.744473E+01
   8.541825E+01   2.744378E+01
   8.541811E+01   2.744302E+01
   8.541699E+01   2.744239E+01
   8.541589E+01   2.744223E+01
   8.541499E+01   2.744166E+01
   8.541467E+01   2.744097E+01
   8.541445E+01   2.744064E+01
   8.541394E+01   2.744043E+01
   8.541357E+01   2.743996E+01
   8.541361E+01   2.743948E+01
   8.541294E+01   2.743940E+01
   8.541220E+01   2.743953E+01
   8.541142E+01   2.743881E+01
   8.541131E+01   2.743823E+01
   8.541190E+01   2.743740E+01
   8.541287E+01   2.743764E+01
   8.541352E+01   2.743772E+01
   8.541423E+01   2.743744E+01
   8.541486E+01   2.743694E+01
   8.541534E+01   2.743585E+01
   8.541547E+01   2.743509E+01
   8.541489E+01   2.743449E+01
   8.541428E+01   2.743452E+01
   8.541358E+01   2.743497E+01
   8.541224E+01   2.743481E+01
   8.541156E+01   2.743457E+01
   8.541067E+01   2.743395E+01
   8.541021E+01   2.743322E+01
   8.541057E+01   2.743260E+01
   8.541075E+01   2.743212E+01
   8.541102E+01   2.743172E+01
   8.541126E+01   2.743102E+01
   8.541169E+01   2.743029E+01
   8.541198E+01   2.742953E+01
   8.541247E+01   2.742892E+01
   8.541229E+01   2.742807E+01
   8.541260E+01   2.742715E+01
   8.541375E+01   2.742628E+01
   8.541408E+01   2.742573E+01
   8.541336E+01   2.742502E+01
   8.541245E+01   2.742457E+01
   8.541176E+01   2.742429E+01
   8.541202E+01   2.742368E+01
   8.541163E+01   2.742294E+01
   8.541078E+01   2.742262E+01
   8.541037E+01   2.742226E+01
   8.541081E+01   2.742172E+01
   8.541049E+01   2.741993E+01
   8.540995E+01   2.741865E+01
   8.540954E+01   2.741774E+01
   8.540895E+01   2.741705E+01
   8.540904E+01   2.741654E+01
   8.540964E+01   2.741615E+01
   8.540994E+01   2.741584E+01
   8.541090E+01   2.741500E+01
   8.541171E+01   2.741392E+01
   8.541222E+01   2.741374E+01
   8.541299E+01   2.741411E+01
   8.541477E+01   2.741438E+01
   8.541577E+01   2.741391E+01
   8.541692E+01   2.741261E+01
   8.541740E+01   2.741196E+01
   8.541743E+01   2.741106E+01
   8.541817E+01   2.741002E+01
   8.541886E+01   2.740967E+01
   8.541844E+01   2.740856E+01
   8.541921E+01   2.740562E+01
   8.541953E+01   2.740280E+01
   8.542055E+01   2.740267E+01
   8.542186E+01   2.740424E+01
   8.542526E+01   2.740524E+01
   8.542715E+01   2.740571E+01
   8.542741E+01   2.740649E+01
   8.542785E+01   2.740832E+01
   8.542891E+01   2.741015E+01
   8.542953E+01   2.741039E+01
   8.543093E+01   2.741049E+01
   8.543218E+01   2.741030E+01
   8.543302E+01   2.740967E+01
   8.543360E+01   2.740790E+01
   8.543347E+01   2.740649E+01
   8.543227E+01   2.740462E+01
   8.543265E+01   2.740344E+01
   8.543503E+01   2.740328E+01
   8.543827E+01   2.740338E+01
   8.544341E+01   2.740181E+01
   8.544512E+01   2.739887E+01
   8.544717E+01   2.739411E+01
   8.544746E+01   2.738955E+01
   8.544806E+01   2.738783E+01
   8.544890E+01   2.738734E+01
   8.544985E+01   2.738728E+01
   8.545106E+01   2.738916E+01
   8.545336E+01   2.739224E+01
   8.545607E+01   2.739435E+01
   8.545779E+01   2.739511E+01
   8.545883E+01   2.739503E+01
   8.545940E+01   2.739447E+01
   8.546054E+01   2.739214E+01
   8.546116E+01   2.738837E+01
   8.546333E+01   2.738673E+01
   8.546544E+01   2.738723E+01
   8.546611E+01   2.738790E+01
   8.546753E+01   2.738841E+01
   8.546867E+01   2.738879E+01
   8.546974E+01   2.738843E+01
   8.547033E+01   2.738578E+01
   8.547233E+01   2.738333E+01
   8.547298E+01   2.738148E+01
   8.547311E+01   2.737809E+01
   8.547392E+01   2.737722E+01
   8.547519E+01   2.737682E+01
   8.547751E+01   2.737767E+01
   8.547856E+01   2.737745E+01
   8.547738E+01   2.737412E+01
   8.547296E+01   2.737312E+01
   8.547171E+01   2.737126E+01
   8.547245E+01   2.737041E+01
   8.547526E+01   2.737155E+01
   8.547655E+01   2.737190E+01
   8.547818E+01   2.737102E+01
   8.548011E+01   2.737199E+01
   8.548210E+01   2.737411E+01
   8.548432E+01   2.737531E+01
   8.548513E+01   2.737657E+01
   8.548640E+01   2.737798E+01
   8.548819E+01   2.737766E+01
   8.548933E+01   2.737541E+01
   8.549135E+01   2.737501E+01
   8.549357E+01   2.737614E+01
   8.549583E+01   2.737527E+01
   8.549584E+01   2.737366E+01
   8.549641E+01   2.737231E+01
   8.549921E+01   2.737194E+01
   8.550082E+01   2.737250E+01
   8.550148E+01   2.737270E+01
   8.550244E+01   2.737068E+01
   8.550418E+01   2.736957E+01
   8.550549E+01   2.736830E+01
   8.550584E+01   2.736626E+01
   8.550590E+01   2.736456E+01
   8.550732E+01   2.736403E+01
   8.550765E+01   2.736524E+01
   8.550910E+01   2.736585E+01
   8.551061E+01   2.736456E+01
   8.550920E+01   2.736317E+01
   8.550762E+01   2.736146E+01
   8.550644E+01   2.736033E+01
   8.550609E+01   2.735893E+01
   8.550427E+01   2.735798E+01
   8.550384E+01   2.735688E+01
   8.550529E+01   2.735579E+01
   8.550769E+01   2.735412E+01
   8.550973E+01   2.735328E+01
   8.551186E+01   2.735244E+01
   8.551325E+01   2.735097E+01
   8.551554E+01   2.735021E+01
   8.551806E+01   2.734998E+01
   8.552009E+01   2.734968E+01
   8.552174E+01   2.734991E+01
   8.552388E+01   2.735032E+01
   8.552423E+01   2.735130E+01
   8.552506E+01   2.735263E+01
   8.552640E+01   2.735333E+01
   8.552755E+01   2.735450E+01
   8.552904E+01   2.735465E+01
   8.553074E+01   2.735582E+01
   8.553288E+01   2.735687E+01
   8.553421E+01   2.735630E+01
   8.553537E+01   2.735486E+01
   8.553703E+01   2.735422E+01
   8.553873E+01   2.735469E+01
   8.553994E+01   2.735321E+01
   8.554018E+01   2.735162E+01
   8.554024E+01   2.735049E+01
   8.553942E+01   2.734980E+01
   8.554134E+01   2.734915E+01
   8.554397E+01   2.734851E+01
   8.554608E+01   2.734793E+01
   8.554836E+01   2.734738E+01
   8.554910E+01   2.734607E+01
   8.554947E+01   2.734406E+01
   8.555031E+01   2.734310E+01
   8.555190E+01   2.734369E+01
   8.555284E+01   2.734538E+01
   8.555408E+01   2.734652E+01
   8.555548E+01   2.734614E+01
   8.555561E+01   2.734442E+01
   8.555500E+01   2.734254E+01
   8.555654E+01   2.734130E+01
   8.555802E+01   2.734017E+01
   8.555912E+01   2.733926E+01
   8.556170E+01   2.733969E+01
   8.556335E+01   2.734117E+01
   8.556274E+01   2.734211E+01
   8.556255E+01   2.734328E+01
   8.556370E+01   2.734425E+01
   8.556486E+01   2.734474E+01
   8.556614E+01   2.734409E+01
   8.556650E+01   2.734283E+01
   8.556506E+01   2.734194E+01
   8.556463E+01   2.734112E+01
   8.556562E+01   2.734105E+01
   8.556817E+01   2.734091E+01
   8.556950E+01   2.734035E+01
   8.557164E+01   2.734077E+01
   8.557286E+01   2.734123E+01
   8.557448E+01   2.734189E+01
   8.557609E+01   2.734133E+01
   8.557746E+01   2.734213E+01
   8.557720E+01   2.734339E+01
   8.557782E+01   2.734457E+01
   8.557984E+01   2.734433E+01
   8.558152E+01   2.734425E+01
   8.558357E+01   2.734384E+01
   8.558596E+01   2.734382E+01
   8.558637E+01   2.734478E+01
   8.558780E+01   2.734501E+01
   8.558991E+01   2.734412E+01
   8.559172E+01   2.734439E+01
   8.559356E+01   2.734351E+01
   8.559590E+01   2.734413E+01
   8.559776E+01   2.734481E+01
   8.559912E+01   2.734401E+01
   8.559949E+01   2.734304E+01
   8.560181E+01   2.734363E+01
   8.560429E+01   2.734371E+01
   8.560599E+01   2.734415E+01
   8.560967E+01   2.734369E+01
   8.561107E+01   2.734265E+01
   8.561313E+01   2.734351E+01
   8.561424E+01   2.734457E+01
   8.561601E+01   2.734493E+01
   8.561827E+01   2.734539E+01
   8.562045E+01   2.734505E+01
   8.562299E+01   2.734477E+01
   8.562478E+01   2.734552E+01
   8.562756E+01   2.734684E+01
   8.562913E+01   2.734749E+01
   8.563070E+01   2.734725E+01
   8.563173E+01   2.734836E+01
   8.563232E+01   2.734933E+01
   8.563430E+01   2.734961E+01
   8.563486E+01   2.735118E+01
   8.563332E+01   2.735221E+01
   8.563389E+01   2.735311E+01
   8.563589E+01   2.735343E+01
   8.563751E+01   2.735271E+01
   8.563840E+01   2.735125E+01
   8.563862E+01   2.734993E+01
   8.563913E+01   2.734855E+01
   8.564024E+01   2.734888E+01
   8.564049E+01   2.735004E+01
   8.564181E+01   2.734987E+01
   8.564182E+01   2.734811E+01
   8.564121E+01   2.734731E+01
   8.563992E+01   2.734804E+01
   8.563906E+01   2.734752E+01
   8.563996E+01   2.734567E+01
   8.564128E+01   2.734572E+01
   8.564291E+01   2.734624E+01
   8.564380E+01   2.734482E+01
   8.564255E+01   2.734351E+01
   8.564196E+01   2.734235E+01
   8.564457E+01   2.734123E+01
   8.564665E+01   2.733926E+01
   8.564818E+01   2.733704E+01
   8.564964E+01   2.733551E+01
   8.565054E+01   2.733389E+01
   8.565270E+01   2.733395E+01
   8.565517E+01   2.733457E+01
   8.565763E+01   2.733506E+01
   8.565918E+01   2.733479E+01
   8.566050E+01   2.733424E+01
   8.566121E+01   2.733521E+01
   8.566147E+01   2.733649E+01
   8.566223E+01   2.733726E+01
   8.566372E+01   2.733774E+01
   8.566443E+01   2.733852E+01
   8.566634E+01   2.733835E+01
   8.566798E+01   2.733893E+01
   8.566878E+01   2.734036E+01
   8.567092E+01   2.734076E+01
   8.567228E+01   2.734155E+01
   8.567177E+01   2.734245E+01
   8.567129E+01   2.734354E+01
   8.567247E+01   2.734439E+01
   8.567340E+01   2.734388E+01
   8.567482E+01   2.734333E+01
   8.567628E+01   2.734419E+01
   8.567774E+01   2.734451E+01
   8.567968E+01   2.734512E+01
   8.568034E+01   2.734388E+01
   8.568148E+01   2.734237E+01
   8.568419E+01   2.734174E+01
   8.568469E+01   2.734097E+01
   8.568536E+01   2.733934E+01
   8.568678E+01   2.733805E+01
   8.568746E+01   2.733767E+01
   8.568781E+01   2.733742E+01
   8.568868E+01   2.733686E+01
   8.568963E+01   2.733722E+01
   8.568983E+01   2.733775E+01
   8.569091E+01   2.733773E+01
   8.569212E+01   2.733788E+01
   8.569311E+01   2.733842E+01
   8.569404E+01   2.733937E+01
   8.569512E+01   2.733978E+01
   8.569628E+01   2.733999E+01
   8.569751E+01   2.734014E+01
   8.569866E+01   2.734066E+01
   8.569934E+01   2.734133E+01
   8.569981E+01   2.734278E+01
   8.570038E+01   2.734368E+01
   8.570112E+01   2.734412E+01
   8.570178E+01   2.734430E+01
   8.570271E+01   2.734453E+01
   8.570366E+01   2.734511E+01
   8.570405E+01   2.734591E+01
   8.570417E+01   2.734660E+01
   8.570421E+01   2.734714E+01
   8.570430E+01   2.734805E+01
   8.570487E+01   2.734861E+01
   8.570489E+01   2.734923E+01
   8.570531E+01   2.735003E+01
   8.570545E+01   2.735086E+01
   8.570540E+01   2.735158E+01
   8.570507E+01   2.735247E+01
   8.570459E+01   2.735294E+01
   8.570416E+01   2.735343E+01
   8.570407E+01   2.735431E+01
   8.570409E+01   2.735566E+01
   8.570420E+01   2.735692E+01
   8.570417E+01   2.735776E+01
   8.570093E+01   2.736010E+01
   8.569677E+01   2.738402E+01
   8.571001E+01   2.740292E+01
   8.572800E+01   2.740971E+01
   8.575457E+01   2.740078E+01
   8.577433E+01   2.740867E+01
   8.578922E+01   2.744300E+01
   8.579105E+01   2.744287E+01
   8.579230E+01   2.744271E+01
   8.579328E+01   2.744108E+01
   8.579542E+01   2.744017E+01
   8.579791E+01   2.743908E+01
   8.580024E+01   2.743820E+01
   8.580212E+01   2.743871E+01
   8.580392E+01   2.743991E+01
   8.580450E+01   2.744112E+01
   8.580541E+01   2.744150E+01
   8.580658E+01   2.744112E+01
   8.580825E+01   2.744174E+01
   8.580885E+01   2.744263E+01
   8.580849E+01   2.744329E+01
   8.580828E+01   2.744481E+01
   8.580900E+01   2.744522E+01
   8.580969E+01   2.744597E+01
   8.581122E+01   2.744575E+01
   8.581206E+01   2.744593E+01
   8.581315E+01   2.744538E+01
   8.581413E+01   2.744589E+01
   8.581718E+01   2.744947E+01
   8.581560E+01   2.745213E+01
   8.581364E+01   2.745221E+01
   8.580943E+01   2.745467E+01
   8.580891E+01   2.745724E+01
   8.580917E+01   2.745951E+01
   8.580900E+01   2.746182E+01
   8.581172E+01   2.746372E+01
   8.581313E+01   2.746284E+01
   8.581378E+01   2.746580E+01
   8.581306E+01   2.746871E+01
   8.581345E+01   2.747372E+01
   8.580933E+01   2.747631E+01
   8.580707E+01   2.747887E+01
   8.580728E+01   2.748110E+01
   8.580851E+01   2.748299E+01
   8.580743E+01   2.748503E+01
   8.580523E+01   2.748844E+01
   8.580260E+01   2.749148E+01
   8.580212E+01   2.749578E+01
   8.580076E+01   2.749833E+01
   8.579751E+01   2.749975E+01
   8.579800E+01   2.750073E+01
   8.579876E+01   2.750147E+01
   8.579948E+01   2.750242E+01
   8.579980E+01   2.750318E+01
   8.579979E+01   2.750433E+01
   8.580002E+01   2.750541E+01
   8.580031E+01   2.750599E+01
   8.580052E+01   2.750676E+01
   8.580094E+01   2.750688E+01
   8.580234E+01   2.750663E+01
   8.580314E+01   2.750649E+01
   8.580384E+01   2.750681E+01
   8.580456E+01   2.750728E+01
   8.580488E+01   2.750814E+01
   8.580468E+01   2.750888E+01
   8.580463E+01   2.750996E+01
   8.580466E+01   2.751064E+01
   8.580511E+01   2.751126E+01
   8.580574E+01   2.751124E+01
   8.580649E+01   2.751065E+01
   8.580718E+01   2.751013E+01
   8.580764E+01   2.750966E+01
   8.580846E+01   2.750962E+01
   8.580895E+01   2.750987E+01
   8.580952E+01   2.751028E+01
   8.581021E+01   2.751109E+01
   8.581081E+01   2.751159E+01
   8.581140E+01   2.751172E+01
   8.581205E+01   2.751181E+01
   8.581240E+01   2.751268E+01
   8.581292E+01   2.751353E+01
   8.581379E+01   2.751438E+01
   8.581437E+01   2.751519E+01
   8.581504E+01   2.751576E+01
   8.581655E+01   2.751601E+01
   8.581737E+01   2.751701E+01
   8.581824E+01   2.751759E+01
   8.581907E+01   2.751793E+01
   8.581889E+01   2.751888E+01
   8.581891E+01   2.751960E+01
   8.581879E+01   2.752051E+01
   8.581841E+01   2.752163E+01
   8.581828E+01   2.752250E+01
   8.581758E+01   2.752294E+01
   8.581631E+01   2.752340E+01
   8.581578E+01   2.752403E+01
   8.581618E+01   2.752461E+01
   8.581744E+01   2.752482E+01
   8.581929E+01   2.752544E+01
   8.581954E+01   2.752602E+01
   8.581949E+01   2.752677E+01
   8.581898E+01   2.752859E+01
   8.581901E+01   2.752956E+01
   8.581953E+01   2.753049E+01
   8.582033E+01   2.753118E+01
   8.582122E+01   2.753153E+01
   8.582214E+01   2.753201E+01
   8.582264E+01   2.753274E+01
   8.582294E+01   2.753384E+01
   8.582362E+01   2.753452E+01
   8.582474E+01   2.753632E+01
   8.582514E+01   2.753738E+01
   8.582503E+01   2.753798E+01
   8.582454E+01   2.753882E+01
   8.582505E+01   2.754012E+01
   8.582684E+01   2.754145E+01
   8.582723E+01   2.754262E+01
   8.582691E+01   2.754339E+01
   8.582715E+01   2.754454E+01
   8.582771E+01   2.754550E+01
   8.582836E+01   2.754596E+01
   8.582862E+01   2.754686E+01
   8.582818E+01   2.754732E+01
   8.582786E+01   2.754778E+01
   8.582792E+01   2.754874E+01
   8.582788E+01   2.755009E+01
   8.582758E+01   2.755108E+01
   8.582671E+01   2.755247E+01
   8.582624E+01   2.755388E+01
   8.582606E+01   2.755562E+01
   8.582562E+01   2.755700E+01
   8.582541E+01   2.755817E+01
   8.582536E+01   2.755895E+01
   8.582474E+01   2.756006E+01
   8.582460E+01   2.756123E+01
   8.582451E+01   2.756251E+01
   8.582435E+01   2.756330E+01
   8.582363E+01   2.756369E+01
   8.582329E+01   2.756460E+01
   8.582318E+01   2.756556E+01
   8.582303E+01   2.756643E+01
   8.582311E+01   2.756785E+01
   8.582340E+01   2.756874E+01
   8.582412E+01   2.756918E+01
   8.582436E+01   2.756978E+01
   8.582397E+01   2.757039E+01
   8.582407E+01   2.757127E+01
   8.582464E+01   2.757171E+01
   8.582547E+01   2.757216E+01
   8.582645E+01   2.757280E+01
   8.582722E+01   2.757323E+01
   8.582711E+01   2.757370E+01
   8.582679E+01   2.757419E+01
   8.582627E+01   2.757513E+01
   8.582653E+01   2.757573E+01
   8.582798E+01   2.757655E+01
   8.582828E+01   2.757576E+01
   8.582828E+01   2.757489E+01
   8.582874E+01   2.757436E+01
   8.582958E+01   2.757430E+01
   8.583117E+01   2.757582E+01
   8.583140E+01   2.757681E+01
   8.583341E+01   2.757681E+01
   8.583445E+01   2.757616E+01
   8.583662E+01   2.757506E+01
   8.583746E+01   2.757497E+01
   8.583835E+01   2.757577E+01
   8.583894E+01   2.757680E+01
   8.583952E+01   2.757735E+01
   8.583993E+01   2.757735E+01
   8.584027E+01   2.757686E+01
   8.584031E+01   2.757647E+01
   8.584059E+01   2.757626E+01
   8.584095E+01   2.757604E+01
   8.584146E+01   2.757600E+01
   8.584184E+01   2.757668E+01
   8.584220E+01   2.757734E+01
   8.584309E+01   2.757764E+01
   8.584397E+01   2.757758E+01
   8.584450E+01   2.757782E+01
   8.584470E+01   2.757833E+01
   8.584517E+01   2.757848E+01
   8.584549E+01   2.757875E+01
   8.584613E+01   2.757879E+01
   8.584681E+01   2.757871E+01
   8.584693E+01   2.757911E+01
   8.584639E+01   2.757941E+01
   8.584581E+01   2.757964E+01
   8.584552E+01   2.758025E+01
   8.584532E+01   2.758112E+01
   8.584545E+01   2.758188E+01
   8.584615E+01   2.758205E+01
   8.584670E+01   2.758241E+01
   8.584662E+01   2.758300E+01
   8.584618E+01   2.758361E+01
   8.584613E+01   2.758449E+01
   8.584624E+01   2.758508E+01
   8.584654E+01   2.758544E+01
   8.584708E+01   2.758532E+01
   8.584748E+01   2.758506E+01
   8.584779E+01   2.758483E+01
   8.584821E+01   2.758510E+01
   8.584893E+01   2.758523E+01
   8.584950E+01   2.758564E+01
   8.584983E+01   2.758615E+01
   8.585001E+01   2.758673E+01
   8.585044E+01   2.758686E+01
   8.585083E+01   2.758672E+01
   8.585124E+01   2.758698E+01
   8.585103E+01   2.758742E+01
   8.585071E+01   2.758774E+01
   8.585069E+01   2.758829E+01
   8.585063E+01   2.758873E+01
   8.585084E+01   2.758918E+01
   8.585155E+01   2.758940E+01
   8.585199E+01   2.758996E+01
   8.585217E+01   2.759070E+01
   8.585232E+01   2.759135E+01
   8.585258E+01   2.759168E+01
   8.585299E+01   2.759181E+01
   8.585351E+01   2.759157E+01
   8.585422E+01   2.759126E+01
   8.585485E+01   2.759120E+01
   8.585543E+01   2.759134E+01
   8.585602E+01   2.759175E+01
   8.585654E+01   2.759211E+01
   8.585684E+01   2.759261E+01
   8.585725E+01   2.759299E+01
   8.585767E+01   2.759300E+01
   8.585793E+01   2.759264E+01
   8.585842E+01   2.759230E+01
   8.585916E+01   2.759231E+01
   8.585955E+01   2.759267E+01
   8.585957E+01   2.759340E+01
   8.586023E+01   2.759367E+01
   8.586098E+01   2.759339E+01
   8.586171E+01   2.759317E+01
   8.586207E+01   2.759366E+01
   8.586214E+01   2.759426E+01
   8.586293E+01   2.759465E+01
   8.586367E+01   2.759516E+01
   8.586385E+01   2.759583E+01
   8.586460E+01   2.759617E+01
   8.586522E+01   2.759666E+01
   8.586581E+01   2.759801E+01
   8.586669E+01   2.759948E+01
   8.586722E+01   2.760068E+01
   8.586748E+01   2.760128E+01
   8.586792E+01   2.760245E+01
   8.586873E+01   2.760309E+01
   8.586907E+01   2.760432E+01
   8.586919E+01   2.760524E+01
   8.586964E+01   2.760633E+01
   8.586994E+01   2.760713E+01
   8.587037E+01   2.760789E+01
   8.587046E+01   2.760859E+01
   8.587057E+01   2.760930E+01
   8.587122E+01   2.760945E+01
   8.587204E+01   2.760982E+01
   8.587259E+01   2.761051E+01
   8.587338E+01   2.761077E+01
   8.587367E+01   2.761161E+01
   8.587408E+01   2.761258E+01
   8.587440E+01   2.761309E+01
   8.587517E+01   2.761273E+01
   8.587605E+01   2.761238E+01
   8.587673E+01   2.761276E+01
   8.587680E+01   2.761357E+01
   8.587785E+01   2.761343E+01
   8.587871E+01   2.761312E+01
   8.587957E+01   2.761367E+01
   8.587964E+01   2.761433E+01
   8.588009E+01   2.761475E+01
   8.588082E+01   2.761439E+01
   8.588085E+01   2.761469E+01
   8.588014E+01   2.761659E+01
   8.587883E+01   2.761701E+01
   8.587658E+01   2.761627E+01
   8.587517E+01   2.761646E+01
   8.587467E+01   2.761801E+01
   8.587513E+01   2.761918E+01
   8.587474E+01   2.762027E+01
   8.587218E+01   2.762053E+01
   8.587091E+01   2.762352E+01
   8.586873E+01   2.762492E+01
   8.586754E+01   2.762794E+01
   8.586651E+01   2.762920E+01
   8.586524E+01   2.762820E+01
   8.586402E+01   2.762881E+01
   8.586293E+01   2.762968E+01
   8.586167E+01   2.763037E+01
   8.586012E+01   2.763014E+01
   8.585847E+01   2.763203E+01
   8.585768E+01   2.763270E+01
   8.585596E+01   2.763244E+01
   8.585467E+01   2.763099E+01
   8.585252E+01   2.762928E+01
   8.585002E+01   2.762744E+01
   8.584675E+01   2.762695E+01
   8.584382E+01   2.762653E+01
   8.584165E+01   2.762694E+01
   8.583851E+01   2.762891E+01
   8.583689E+01   2.763052E+01
   8.583371E+01   2.763299E+01
   8.583119E+01   2.763566E+01
   8.582758E+01   2.763787E+01
   8.582432E+01   2.764156E+01
   8.582260E+01   2.764268E+01
   8.581988E+01   2.764333E+01
   8.581796E+01   2.764369E+01
   8.581566E+01   2.764655E+01
   8.581701E+01   2.764997E+01
   8.581914E+01   2.765370E+01
   8.582093E+01   2.765469E+01
   8.582174E+01   2.765578E+01
   8.582018E+01   2.765915E+01
   8.581965E+01   2.766131E+01
   8.581826E+01   2.766338E+01
   8.581581E+01   2.766575E+01
   8.581341E+01   2.766831E+01
   8.580971E+01   2.766902E+01
   8.580792E+01   2.766826E+01
   8.580657E+01   2.766754E+01
   8.580415E+01   2.766672E+01
   8.580242E+01   2.766611E+01
   8.580008E+01   2.766664E+01
   8.579849E+01   2.766649E+01
   8.579455E+01   2.766637E+01
   8.579202E+01   2.766513E+01
   8.579054E+01   2.766571E+01
   8.578644E+01   2.766590E+01
   8.578353E+01   2.766736E+01
   8.578062E+01   2.766855E+01
   8.577781E+01   2.766901E+01
   8.577615E+01   2.766821E+01
   8.577392E+01   2.766796E+01
   8.577185E+01   2.766760E+01
   8.576980E+01   2.766769E+01
   8.576853E+01   2.766826E+01
   8.576758E+01   2.767039E+01
   8.576705E+01   2.767144E+01
   8.576518E+01   2.767184E+01
   8.576279E+01   2.767213E+01
   8.576017E+01   2.767174E+01
   8.575986E+01   2.767263E+01
   8.575895E+01   2.767365E+01
   8.575691E+01   2.767432E+01
   8.575252E+01   2.767474E+01
   8.575209E+01   2.767357E+01
   8.575089E+01   2.767345E+01
   8.575002E+01   2.767427E+01
   8.575015E+01   2.767553E+01
   8.574946E+01   2.767670E+01
   8.574771E+01   2.767608E+01
   8.574616E+01   2.767789E+01
   8.574550E+01   2.767804E+01
   8.574465E+01   2.767737E+01
   8.574303E+01   2.767708E+01
   8.574174E+01   2.767691E+01
   8.574020E+01   2.767685E+01
   8.573959E+01   2.767691E+01
   8.573909E+01   2.767656E+01
   8.573865E+01   2.767606E+01
   8.573741E+01   2.767542E+01
   8.573683E+01   2.767576E+01
   8.573561E+01   2.767667E+01
   8.573435E+01   2.767655E+01
   8.573348E+01   2.767605E+01
   8.573244E+01   2.767533E+01
   8.573145E+01   2.767512E+01
   8.573114E+01   2.767441E+01
   8.573126E+01   2.767244E+01
   8.573149E+01   2.767066E+01
   8.573055E+01   2.766966E+01
   8.572917E+01   2.766883E+01
   8.572840E+01   2.766865E+01
   8.572695E+01   2.766845E+01
   8.572588E+01   2.766802E+01
   8.572523E+01   2.766699E+01
   8.572470E+01   2.766521E+01
   8.572499E+01   2.766418E+01
   8.572510E+01   2.766326E+01
   8.572380E+01   2.766201E+01
   8.572167E+01   2.766149E+01
   8.572019E+01   2.766138E+01
   8.572134E+01   2.766265E+01
   8.572264E+01   2.766382E+01
   8.572272E+01   2.766457E+01
   8.572214E+01   2.766538E+01
   8.572098E+01   2.766621E+01
   8.572021E+01   2.766623E+01
   8.571921E+01   2.766540E+01
   8.571875E+01   2.766454E+01
   8.571719E+01   2.766329E+01
   8.571643E+01   2.766292E+01
   8.571589E+01   2.766256E+01
   8.571532E+01   2.766196E+01
   8.571472E+01   2.766160E+01
   8.571425E+01   2.766211E+01
   8.571365E+01   2.766239E+01
   8.571325E+01   2.766216E+01
   8.571297E+01   2.766124E+01
   8.571273E+01   2.765924E+01
   8.571139E+01   2.765743E+01
   8.571033E+01   2.765615E+01
   8.570944E+01   2.765498E+01
   8.570861E+01   2.765476E+01
   8.570770E+01   2.765565E+01
   8.570711E+01   2.765588E+01
   8.570663E+01   2.765614E+01
   8.570526E+01   2.765654E+01
   8.570524E+01   2.765619E+01
   8.570629E+01   2.765599E+01
   8.570745E+01   2.765497E+01
   8.570784E+01   2.765376E+01
   8.570764E+01   2.765233E+01
   8.570748E+01   2.765042E+01
   8.570740E+01   2.764801E+01
   8.570711E+01   2.764658E+01
   8.570684E+01   2.764549E+01
   8.570649E+01   2.764343E+01
   8.570613E+01   2.764199E+01
   8.570621E+01   2.764281E+01
   8.570614E+01   2.764381E+01
   8.570586E+01   2.764495E+01
   8.570555E+01   2.764609E+01
   8.570546E+01   2.764823E+01
   8.570536E+01   2.764968E+01
   8.570596E+01   2.765114E+01
   8.570619E+01   2.765213E+01
   8.570575E+01   2.765289E+01
   8.570479E+01   2.765371E+01
   8.570395E+01   2.765491E+01
   8.570244E+01   2.765597E+01
   8.570056E+01   2.765679E+01
   8.569976E+01   2.765803E+01
   8.569937E+01   2.765909E+01
   8.569864E+01   2.765999E+01
   8.569526E+01   2.766217E+01
   8.569403E+01   2.766345E+01
   8.569353E+01   2.766430E+01
   8.569346E+01   2.766537E+01
   8.569287E+01   2.766667E+01
   8.569308E+01   2.766790E+01
   8.569408E+01   2.766899E+01
   8.569441E+01   2.766991E+01
   8.569409E+01   2.767106E+01
   8.569283E+01   2.767249E+01
   8.569257E+01   2.767326E+01
   8.569273E+01   2.767464E+01
   8.569215E+01   2.767515E+01
   8.568949E+01   2.767516E+01
   8.568859E+01   2.767567E+01
   8.568768E+01   2.767708E+01
   8.568660E+01   2.767867E+01
   8.568683E+01   2.767959E+01
   8.568823E+01   2.768134E+01
   8.568855E+01   2.768212E+01
   8.568820E+01   2.768327E+01
   8.568703E+01   2.768512E+01
   8.568557E+01   2.768550E+01
   8.568396E+01   2.768486E+01
   8.568313E+01   2.768468E+01
   8.568150E+01   2.768537E+01
   8.568091E+01   2.768596E+01
   8.568108E+01   2.768726E+01
   8.568079E+01   2.768818E+01
   8.568040E+01   2.768940E+01
   8.568058E+01   2.769044E+01
   8.568201E+01   2.769222E+01
   8.568211E+01   2.769265E+01
   8.568105E+01   2.769333E+01
   8.568015E+01   2.769428E+01
   8.567954E+01   2.769509E+01
   8.567917E+01   2.769631E+01
   8.567980E+01   2.769754E+01
   8.568007E+01   2.769890E+01
   8.567974E+01   2.770006E+01
   8.567907E+01   2.770092E+01
   8.567793E+01   2.770132E+01
   8.567656E+01   2.770156E+01
   8.567529E+01   2.770201E+01
   8.567374E+01   2.770346E+01
   8.567144E+01   2.770475E+01
   8.567087E+01   2.770554E+01
   8.567024E+01   2.770746E+01
   8.566989E+01   2.770884E+01
   8.566883E+01   2.770953E+01
   8.566776E+01   2.770996E+01
   8.566692E+01   2.771118E+01
   8.566567E+01   2.771256E+01
   8.566456E+01   2.771278E+01
   8.566276E+01   2.771237E+01
   8.566085E+01   2.771342E+01
   8.566000E+01   2.771370E+01
   8.565854E+01   2.771410E+01
   8.565704E+01   2.771517E+01
   8.565622E+01   2.771584E+01
   8.565594E+01   2.771652E+01
   8.565609E+01   2.771767E+01
   8.565539E+01   2.771951E+01
   8.565490E+01   2.772002E+01
   8.565402E+01   2.772048E+01
   8.565265E+01   2.772084E+01
   8.565054E+01   2.772020E+01
   8.564908E+01   2.772031E+01
   8.564729E+01   2.771958E+01
   8.564646E+01   2.771919E+01
   8.564439E+01   2.771841E+01
   8.564308E+01   2.771877E+01
   8.564160E+01   2.771954E+01
   8.564055E+01   2.772039E+01
   8.563834E+01   2.772119E+01
   8.563697E+01   2.772128E+01
   8.563590E+01   2.772181E+01
   8.563530E+01   2.772271E+01
   8.563459E+01   2.772353E+01
   8.563278E+01   2.772503E+01
   8.563111E+01   2.772624E+01
   8.563038E+01   2.772698E+01
   8.562899E+01   2.772730E+01
   8.562777E+01   2.772791E+01
   8.562659E+01   2.772861E+01
   8.562556E+01   2.772878E+01
   8.562360E+01   2.773023E+01
   8.562193E+01   2.773030E+01
   8.562063E+01   2.773063E+01
   8.561755E+01   2.773119E+01
   8.561609E+01   2.773168E+01
   8.561447E+01   2.773256E+01
   8.561316E+01   2.773354E+01
   8.561261E+01   2.773435E+01
   8.561230E+01   2.773664E+01
   8.561170E+01   2.773798E+01
   8.561173E+01   2.773951E+01
   8.561167E+01   2.774065E+01
   8.561118E+01   2.774190E+01
   8.561088E+01   2.774301E+01
   8.560984E+01   2.774440E+01
   8.560808E+01   2.774574E+01
   8.560705E+01   2.774637E+01
   8.560588E+01   2.774756E+01
   8.560447E+01   2.774848E+01
   8.560347E+01   2.774892E+01
   8.560205E+01   2.774781E+01
   8.560074E+01   2.774667E+01
   8.559813E+01   2.774503E+01
   8.559599E+01   2.774438E+01
   8.559502E+01   2.774431E+01
   8.559380E+01   2.774469E+01
   8.559235E+01   2.774534E+01
   8.559145E+01   2.774582E+01
   8.559053E+01   2.774619E+01
   8.558934E+01   2.774753E+01
   8.558835E+01   2.774820E+01
   8.558510E+01   2.774862E+01
   8.558369E+01   2.774843E+01
   8.558341E+01   2.774893E+01
   8.558262E+01   2.774956E+01
   8.558168E+01   2.774987E+01
   8.558014E+01   2.774997E+01
   8.557842E+01   2.774976E+01
   8.557645E+01   2.774891E+01
   8.557566E+01   2.774901E+01
   8.557382E+01   2.774917E+01
   8.557334E+01   2.774858E+01
   8.557268E+01   2.774804E+01
   8.557251E+01   2.774730E+01
   8.557270E+01   2.774627E+01
   8.557227E+01   2.774583E+01
   8.557081E+01   2.774536E+01
   8.556970E+01   2.774492E+01
   8.556908E+01   2.774523E+01
   8.556745E+01   2.774493E+01
   8.556717E+01   2.774528E+01
   8.556698E+01   2.774595E+01
   8.556612E+01   2.774621E+01
   8.556531E+01   2.774650E+01
   8.556488E+01   2.774694E+01
   8.556398E+01   2.774700E+01
   8.556259E+01   2.774840E+01
   8.556165E+01   2.774894E+01
   8.556062E+01   2.774877E+01
   8.555976E+01   2.774870E+01
   8.555848E+01   2.774853E+01
   8.555694E+01   2.774851E+01
   8.555610E+01   2.774900E+01
   8.555542E+01   2.774888E+01
   8.555396E+01   2.774929E+01
   8.555338E+01   2.775002E+01
   8.555276E+01   2.775090E+01
   8.555026E+01   2.775367E+01
   8.554933E+01   2.775465E+01
   8.554957E+01   2.775589E+01
   8.554959E+01   2.775633E+01
   8.554988E+01   2.775706E+01
   8.554606E+01   2.775606E+01
   8.554143E+01   2.775488E+01
   8.553892E+01   2.775516E+01
   8.553737E+01   2.775348E+01
   8.553341E+01   2.774665E+01
   8.552987E+01   2.774162E+01
   8.552488E+01   2.773543E+01
   8.552351E+01   2.772975E+01
   8.552546E+01   2.772637E+01
   8.552367E+01   2.772687E+01
   8.551981E+01   2.772868E+01
   8.550917E+01   2.772596E+01
   8.548350E+01   2.764745E+01
   8.547542E+01   2.764231E+01
   8.542089E+01   2.762581E+01
   8.541175E+01   2.761993E+01
   8.540712E+01   2.761176E+01
   8.540610E+01   2.760579E+01
   8.540294E+01   2.760338E+01
   8.540422E+01   2.760025E+01
   8.540316E+01   2.759387E+01
   8.540525E+01   2.759278E+01
   8.540395E+01   2.758851E+01
   8.540458E+01   2.758572E+01
   8.540246E+01   2.758096E+01
   8.540128E+01   2.757781E+01
   8.539924E+01   2.757095E+01
   8.539589E+01   2.756883E+01
   8.538852E+01   2.756497E+01
