   8.152113E+01   2.808282E+01
   8.151852E+01   2.807697E+01
   8.150793E+01   2.807342E+01
   8.150185E+01   2.807283E+01
   8.150671E+01   2.806800E+01
   8.152247E+01   2.806072E+01
   8.153349E+01   2.805562E+01
   8.154063E+01   2.805240E+01
   8.155064E+01   2.804746E+01
   8.155498E+01   2.804449E+01
   8.156020E+01   2.804183E+01
   8.156740E+01   2.803687E+01
   8.157410E+01   2.803228E+01
   8.157916E+01   2.802909E+01
   8.158448E+01   2.802559E+01
   8.158886E+01   2.802394E+01
   8.159455E+01   2.802189E+01
   8.159845E+01   2.801989E+01
   8.160677E+01   2.801562E+01
   8.160977E+01   2.801361E+01
   8.161538E+01   2.801081E+01
   8.161881E+01   2.800901E+01
   8.162002E+01   2.800751E+01
   8.162211E+01   2.800405E+01
   8.162325E+01   2.800269E+01
   8.162553E+01   2.800121E+01
   8.162727E+01   2.800182E+01
   8.162769E+01   2.800170E+01
   8.163289E+01   2.799924E+01
   8.163664E+01   2.799731E+01
   8.163910E+01   2.799736E+01
   8.164380E+01   2.799368E+01
   8.169313E+01   2.798958E+01
   8.172648E+01   2.796605E+01
   8.177038E+01   2.793120E+01
   8.177961E+01   2.792405E+01
   8.178759E+01   2.791772E+01
   8.179300E+01   2.791344E+01
   8.179854E+01   2.790908E+01
   8.180065E+01   2.790732E+01
   8.180497E+01   2.790339E+01
   8.180944E+01   2.790332E+01
   8.181285E+01   2.790444E+01
   8.181639E+01   2.790381E+01
   8.182109E+01   2.790368E+01
   8.182462E+01   2.790127E+01
   8.183008E+01   2.789933E+01
   8.183397E+01   2.789730E+01
   8.183656E+01   2.789440E+01
   8.184534E+01   2.788875E+01
   8.184900E+01   2.788621E+01
   8.185757E+01   2.787992E+01
   8.186149E+01   2.787742E+01
   8.186355E+01   2.787621E+01
   8.186691E+01   2.787440E+01
   8.187161E+01   2.787055E+01
   8.187412E+01   2.786880E+01
   8.187757E+01   2.786620E+01
   8.187956E+01   2.786282E+01
   8.188322E+01   2.785846E+01
   8.188621E+01   2.785671E+01
   8.189279E+01   2.785599E+01
   8.189822E+01   2.785471E+01
   8.190208E+01   2.785386E+01
   8.190783E+01   2.785539E+01
   8.191196E+01   2.785639E+01
   8.191421E+01   2.785705E+01
   8.191737E+01   2.785749E+01
   8.192154E+01   2.785860E+01
   8.192613E+01   2.786202E+01
   8.192593E+01   2.786617E+01
   8.192597E+01   2.787040E+01
   8.192536E+01   2.787562E+01
   8.193832E+01   2.789386E+01
   8.195942E+01   2.791651E+01
   8.197039E+01   2.792901E+01
   8.202525E+01   2.792511E+01
   8.204842E+01   2.792403E+01
   8.206758E+01   2.792328E+01
   8.206739E+01   2.792461E+01
   8.206581E+01   2.792481E+01
   8.206480E+01   2.792521E+01
   8.206506E+01   2.792633E+01
   8.206578E+01   2.792747E+01
   8.206527E+01   2.792866E+01
   8.206625E+01   2.792833E+01
   8.206599E+01   2.792913E+01
   8.206638E+01   2.792967E+01
   8.206756E+01   2.792909E+01
   8.206878E+01   2.793091E+01
   8.206736E+01   2.793566E+01
   8.206773E+01   2.793637E+01
   8.206715E+01   2.793731E+01
   8.206779E+01   2.793808E+01
   8.206685E+01   2.793794E+01
   8.206687E+01   2.793880E+01
   8.206557E+01   2.793835E+01
   8.206564E+01   2.793928E+01
   8.206387E+01   2.794084E+01
   8.206704E+01   2.794699E+01
   8.207259E+01   2.795217E+01
   8.208568E+01   2.795046E+01
   8.209497E+01   2.795599E+01
   8.210344E+01   2.794885E+01
   8.211436E+01   2.795365E+01
   8.212349E+01   2.795091E+01
   8.213266E+01   2.795930E+01
   8.214305E+01   2.795937E+01
   8.215830E+01   2.795994E+01
   8.217563E+01   2.795205E+01
   8.219217E+01   2.795588E+01
   8.219143E+01   2.796197E+01
   8.219311E+01   2.797289E+01
   8.219249E+01   2.797992E+01
   8.218700E+01   2.798818E+01
   8.218554E+01   2.799408E+01
   8.218977E+01   2.801393E+01
   8.219405E+01   2.802591E+01
   8.218893E+01   2.803312E+01
   8.217935E+01   2.804049E+01
   8.216599E+01   2.804562E+01
   8.213404E+01   2.805777E+01
   8.212327E+01   2.806337E+01
   8.211438E+01   2.806968E+01
   8.210097E+01   2.807343E+01
   8.208645E+01   2.807757E+01
   8.207130E+01   2.808455E+01
   8.205852E+01   2.808835E+01
   8.204766E+01   2.809227E+01
   8.202106E+01   2.809918E+01
   8.201736E+01   2.810717E+01
   8.201664E+01   2.811863E+01
   8.201885E+01   2.812855E+01
   8.200341E+01   2.815702E+01
   8.198670E+01   2.817324E+01
   8.198361E+01   2.817754E+01
   8.197821E+01   2.818272E+01
   8.196831E+01   2.818250E+01
   8.196352E+01   2.818640E+01
   8.196433E+01   2.819198E+01
   8.195797E+01   2.819425E+01
   8.194805E+01   2.819645E+01
   8.194240E+01   2.819978E+01
   8.193755E+01   2.820742E+01
   8.192693E+01   2.821582E+01
   8.192083E+01   2.822730E+01
   8.190948E+01   2.823248E+01
   8.189494E+01   2.823436E+01
   8.188682E+01   2.824084E+01
   8.186963E+01   2.823926E+01
   8.186469E+01   2.824973E+01
   8.185015E+01   2.826576E+01
   8.183758E+01   2.827286E+01
   8.182780E+01   2.827626E+01
   8.180703E+01   2.828371E+01
   8.179160E+01   2.828264E+01
   8.178598E+01   2.829576E+01
   8.177295E+01   2.829768E+01
   8.176407E+01   2.830581E+01
   8.174445E+01   2.831358E+01
   8.173094E+01   2.831639E+01
   8.171869E+01   2.831954E+01
   8.171145E+01   2.832436E+01
   8.169723E+01   2.833454E+01
   8.167644E+01   2.833619E+01
   8.167523E+01   2.833406E+01
   8.167733E+01   2.833344E+01
   8.168060E+01   2.833412E+01
   8.168187E+01   2.833140E+01
   8.168501E+01   2.833143E+01
   8.168552E+01   2.832978E+01
   8.168456E+01   2.832860E+01
   8.168463E+01   2.832766E+01
   8.168443E+01   2.832643E+01
   8.168534E+01   2.832599E+01
   8.168979E+01   2.832662E+01
   8.169123E+01   2.832803E+01
   8.168981E+01   2.832584E+01
   8.168425E+01   2.832244E+01
   8.168231E+01   2.831912E+01
   8.168144E+01   2.831590E+01
   8.167778E+01   2.831402E+01
   8.168019E+01   2.831950E+01
   8.167998E+01   2.832396E+01
   8.167893E+01   2.832428E+01
   8.167889E+01   2.832336E+01
   8.167584E+01   2.831961E+01
   8.167334E+01   2.831561E+01
   8.167199E+01   2.831193E+01
   8.166938E+01   2.830598E+01
   8.164795E+01   2.828697E+01
   8.164433E+01   2.827513E+01
   8.164691E+01   2.826632E+01
   8.164199E+01   2.826680E+01
   8.164052E+01   2.826234E+01
   8.163072E+01   2.825958E+01
   8.162103E+01   2.825041E+01
   8.161124E+01   2.824717E+01
   8.160825E+01   2.823630E+01
   8.159606E+01   2.823490E+01
   8.159288E+01   2.823668E+01
   8.158890E+01   2.823740E+01
   8.158798E+01   2.823878E+01
   8.158173E+01   2.823304E+01
   8.157550E+01   2.822800E+01
   8.157832E+01   2.822412E+01
   8.157532E+01   2.822243E+01
   8.157069E+01   2.821649E+01
   8.156023E+01   2.820673E+01
   8.154586E+01   2.820311E+01
   8.152807E+01   2.819603E+01
   8.153036E+01   2.818443E+01
   8.152091E+01   2.817982E+01
   8.152312E+01   2.817442E+01
   8.152085E+01   2.817317E+01
   8.151891E+01   2.817048E+01
   8.152230E+01   2.816733E+01
   8.151846E+01   2.816398E+01
   8.151697E+01   2.815979E+01
   8.152134E+01   2.815714E+01
   8.151401E+01   2.815278E+01
   8.150989E+01   2.814865E+01
   8.150562E+01   2.815141E+01
   8.150170E+01   2.814723E+01
   8.150165E+01   2.813670E+01
   8.150408E+01   2.813349E+01
   8.150421E+01   2.812718E+01
   8.149926E+01   2.812795E+01
   8.150252E+01   2.812492E+01
   8.150594E+01   2.812161E+01
   8.150011E+01   2.811872E+01
   8.150670E+01   2.811424E+01
   8.150904E+01   2.810953E+01
   8.150743E+01   2.810420E+01
   8.150344E+01   2.810177E+01
   8.150944E+01   2.809584E+01
   8.151338E+01   2.809058E+01
   8.152510E+01   2.808350E+01
