   8.220698E+01   2.784390E+01
   8.217845E+01   2.785474E+01
   8.214467E+01   2.785911E+01
   8.211448E+01   2.787704E+01
   8.209091E+01   2.789459E+01
   8.207002E+01   2.792371E+01
   8.206795E+01   2.792396E+01
   8.206688E+01   2.792460E+01
   8.206561E+01   2.792526E+01
   8.206463E+01   2.792546E+01
   8.206531E+01   2.792644E+01
   8.206507E+01   2.792814E+01
   8.206584E+01   2.792848E+01
   8.206649E+01   2.792884E+01
   8.206598E+01   2.792932E+01
   8.206676E+01   2.792960E+01
   8.206796E+01   2.792952E+01
   8.206893E+01   2.793123E+01
   8.206706E+01   2.793633E+01
   8.206802E+01   2.793662E+01
   8.206716E+01   2.793750E+01
   8.206759E+01   2.793811E+01
   8.206674E+01   2.793811E+01
   8.206648E+01   2.793872E+01
   8.206539E+01   2.793868E+01
   8.206464E+01   2.793991E+01
   8.206415E+01   2.794122E+01
   8.206751E+01   2.795081E+01
   8.207615E+01   2.795316E+01
   8.208974E+01   2.795037E+01
   8.209636E+01   2.795100E+01
   8.210695E+01   2.795111E+01
   8.211458E+01   2.795023E+01
   8.212743E+01   2.795413E+01
   8.213333E+01   2.796275E+01
   8.214698E+01   2.796248E+01
   8.216407E+01   2.795613E+01
   8.218518E+01   2.795282E+01
   8.219159E+01   2.795766E+01
   8.219162E+01   2.796631E+01
   8.219285E+01   2.797616E+01
   8.219023E+01   2.798106E+01
   8.218772E+01   2.798926E+01
   8.219080E+01   2.800350E+01
   8.219271E+01   2.801748E+01
   8.219307E+01   2.802846E+01
   8.218240E+01   2.803447E+01
   8.217615E+01   2.804287E+01
   8.215509E+01   2.804870E+01
   8.213002E+01   2.806109E+01
   8.211967E+01   2.806688E+01
   8.211105E+01   2.807009E+01
   8.209481E+01   2.807755E+01
   8.208193E+01   2.807947E+01
   8.206730E+01   2.808468E+01
   8.205425E+01   2.809157E+01
   8.204232E+01   2.809635E+01
   8.201936E+01   2.810110E+01
   8.201829E+01   2.811105E+01
   8.201726E+01   2.811956E+01
   8.201777E+01   2.813632E+01
   8.201182E+01   2.815638E+01
   8.201467E+01   2.816622E+01
   8.201694E+01   2.817956E+01
   8.202924E+01   2.818745E+01
   8.202681E+01   2.819712E+01
   8.202681E+01   2.820803E+01
   8.203705E+01   2.821523E+01
   8.204237E+01   2.823037E+01
   8.205060E+01   2.823854E+01
   8.206219E+01   2.824064E+01
   8.209248E+01   2.824914E+01
   8.209794E+01   2.825727E+01
   8.211408E+01   2.825333E+01
   8.212078E+01   2.825340E+01
   8.212879E+01   2.825344E+01
   8.214228E+01   2.824172E+01
   8.214915E+01   2.823924E+01
   8.216030E+01   2.824098E+01
   8.217184E+01   2.825094E+01
   8.219343E+01   2.824713E+01
   8.220789E+01   2.824648E+01
   8.222313E+01   2.824810E+01
   8.223940E+01   2.823874E+01
   8.224852E+01   2.823892E+01
   8.225906E+01   2.824393E+01
   8.228213E+01   2.824811E+01
   8.229301E+01   2.824677E+01
   8.230154E+01   2.824472E+01
   8.230214E+01   2.823248E+01
   8.231249E+01   2.822393E+01
   8.232733E+01   2.822443E+01
   8.234666E+01   2.821073E+01
   8.236637E+01   2.819107E+01
   8.239731E+01   2.818353E+01
   8.239721E+01   2.816946E+01
   8.242960E+01   2.815487E+01
   8.245002E+01   2.814779E+01
   8.247302E+01   2.813972E+01
   8.248154E+01   2.814136E+01
   8.249158E+01   2.813573E+01
   8.249992E+01   2.814048E+01
   8.251968E+01   2.814513E+01
   8.252768E+01   2.813528E+01
   8.254265E+01   2.813118E+01
   8.255799E+01   2.813595E+01
   8.256181E+01   2.813367E+01
   8.255903E+01   2.813085E+01
   8.256112E+01   2.812918E+01
   8.256104E+01   2.812598E+01
   8.256318E+01   2.812542E+01
   8.256235E+01   2.812212E+01
   8.256424E+01   2.811822E+01
   8.256867E+01   2.811515E+01
   8.257047E+01   2.811381E+01
   8.257350E+01   2.811367E+01
   8.257741E+01   2.810969E+01
   8.257961E+01   2.811044E+01
   8.258213E+01   2.811064E+01
   8.258493E+01   2.810884E+01
   8.258620E+01   2.810617E+01
   8.258750E+01   2.810369E+01
   8.259294E+01   2.810160E+01
   8.259697E+01   2.809673E+01
   8.259740E+01   2.809270E+01
   8.259878E+01   2.809362E+01
   8.260659E+01   2.809308E+01
   8.261891E+01   2.808353E+01
   8.262563E+01   2.807280E+01
   8.262991E+01   2.807102E+01
   8.264194E+01   2.806761E+01
   8.265018E+01   2.806338E+01
   8.265652E+01   2.806000E+01
   8.266272E+01   2.805851E+01
   8.266897E+01   2.805722E+01
   8.267648E+01   2.805530E+01
   8.268365E+01   2.805263E+01
   8.268786E+01   2.805105E+01
   8.269006E+01   2.805229E+01
   8.269797E+01   2.805306E+01
   8.271235E+01   2.805009E+01
   8.271850E+01   2.804702E+01
   8.271642E+01   2.804605E+01
   8.271437E+01   2.804374E+01
   8.270985E+01   2.804014E+01
   8.270894E+01   2.803751E+01
   8.270684E+01   2.803626E+01
   8.270142E+01   2.803475E+01
   8.270026E+01   2.803205E+01
   8.269907E+01   2.802994E+01
   8.269764E+01   2.802990E+01
   8.269639E+01   2.802532E+01
   8.269681E+01   2.802322E+01
   8.269451E+01   2.802078E+01
   8.269509E+01   2.801836E+01
   8.269659E+01   2.801362E+01
   8.270196E+01   2.800915E+01
   8.270549E+01   2.800592E+01
   8.270990E+01   2.800442E+01
   8.271340E+01   2.800286E+01
   8.271922E+01   2.800231E+01
   8.272573E+01   2.799778E+01
   8.274177E+01   2.798600E+01
   8.274609E+01   2.797458E+01
   8.275370E+01   2.797701E+01
   8.276153E+01   2.797569E+01
   8.276560E+01   2.796851E+01
   8.276637E+01   2.796283E+01
   8.275885E+01   2.795559E+01
   8.275285E+01   2.794240E+01
   8.275659E+01   2.794513E+01
   8.276474E+01   2.794120E+01
   8.276720E+01   2.793551E+01
   8.277591E+01   2.792496E+01
   8.277031E+01   2.790795E+01
   8.277407E+01   2.789508E+01
   8.277756E+01   2.789431E+01
   8.278069E+01   2.789648E+01
   8.278702E+01   2.789247E+01
   8.278857E+01   2.788853E+01
   8.279075E+01   2.789136E+01
   8.279123E+01   2.789002E+01
   8.279077E+01   2.788517E+01
   8.279956E+01   2.787847E+01
   8.280510E+01   2.787596E+01
   8.280609E+01   2.787183E+01
   8.280920E+01   2.786844E+01
   8.280343E+01   2.786870E+01
   8.280067E+01   2.786026E+01
   8.279898E+01   2.785614E+01
   8.278103E+01   2.784363E+01
   8.275896E+01   2.783684E+01
   8.274807E+01   2.782706E+01
   8.275709E+01   2.781806E+01
   8.275883E+01   2.781151E+01
   8.276821E+01   2.781083E+01
   8.277813E+01   2.780368E+01
   8.278616E+01   2.779484E+01
   8.278668E+01   2.780296E+01
   8.279583E+01   2.780475E+01
   8.279747E+01   2.779679E+01
   8.280343E+01   2.779478E+01
   8.280532E+01   2.779341E+01
   8.280507E+01   2.779095E+01
   8.280385E+01   2.778882E+01
   8.280543E+01   2.778188E+01
   8.280126E+01   2.777538E+01
   8.279188E+01   2.777271E+01
   8.278245E+01   2.777792E+01
   8.275084E+01   2.777724E+01
   8.273178E+01   2.776710E+01
   8.272455E+01   2.775905E+01
   8.270968E+01   2.776032E+01
   8.269717E+01   2.775763E+01
   8.269931E+01   2.775192E+01
   8.270084E+01   2.774639E+01
   8.270729E+01   2.773330E+01
   8.270521E+01   2.771675E+01
   8.269526E+01   2.771820E+01
   8.267095E+01   2.771446E+01
   8.265512E+01   2.771351E+01
   8.262731E+01   2.770907E+01
   8.261590E+01   2.770357E+01
   8.260326E+01   2.770546E+01
   8.259374E+01   2.769690E+01
   8.256826E+01   2.769374E+01
   8.255450E+01   2.768858E+01
   8.254131E+01   2.768569E+01
   8.253074E+01   2.768651E+01
   8.252459E+01   2.768818E+01
   8.249237E+01   2.768439E+01
   8.248219E+01   2.768292E+01
   8.244880E+01   2.767949E+01
   8.241830E+01   2.769509E+01
   8.239272E+01   2.771097E+01
   8.236798E+01   2.774271E+01
   8.231517E+01   2.776650E+01
   8.228126E+01   2.778919E+01
   8.224293E+01   2.781496E+01
   8.223014E+01   2.782101E+01
   8.221767E+01   2.783419E+01
   8.220823E+01   2.784298E+01
