   8.648589E+01   2.654990E+01
   8.644672E+01   2.656964E+01
   8.642005E+01   2.657628E+01
   8.640451E+01   2.658165E+01
   8.639724E+01   2.659275E+01
   8.635673E+01   2.660410E+01
   8.634205E+01   2.661275E+01
   8.632170E+01   2.661980E+01
   8.629285E+01   2.661308E+01
   8.625454E+01   2.661510E+01
   8.624759E+01   2.660969E+01
   8.624191E+01   2.660345E+01
   8.623664E+01   2.660274E+01
   8.622052E+01   2.658975E+01
   8.620939E+01   2.659251E+01
   8.620301E+01   2.659564E+01
   8.619525E+01   2.659631E+01
   8.619181E+01   2.660987E+01
   8.619251E+01   2.661194E+01
   8.619251E+01   2.661476E+01
   8.618669E+01   2.661505E+01
   8.617972E+01   2.661462E+01
   8.617550E+01   2.661534E+01
   8.617278E+01   2.661510E+01
   8.617081E+01   2.661694E+01
   8.616339E+01   2.661418E+01
   8.615503E+01   2.661107E+01
   8.617594E+01   2.665882E+01
   8.619311E+01   2.671492E+01
   8.616757E+01   2.684160E+01
   8.615585E+01   2.692971E+01
   8.622324E+01   2.689238E+01
   8.638870E+01   2.691328E+01
   8.652831E+01   2.677236E+01
   8.651040E+01   2.659514E+01
