   8.479188E+01   2.768694E+01
   8.479202E+01   2.769711E+01
   8.479637E+01   2.770902E+01
   8.477877E+01   2.772035E+01
   8.476338E+01   2.772961E+01
   8.474585E+01   2.773417E+01
   8.472833E+01   2.772683E+01
   8.471496E+01   2.772595E+01
   8.470256E+01   2.772770E+01
   8.469293E+01   2.772141E+01
   8.468308E+01   2.772650E+01
   8.467834E+01   2.773016E+01
   8.466927E+01   2.773841E+01
   8.467732E+01   2.774775E+01
   8.468152E+01   2.775761E+01
   8.467268E+01   2.776377E+01
   8.467449E+01   2.777978E+01
   8.464694E+01   2.778472E+01
   8.463726E+01   2.779465E+01
   8.463813E+01   2.779423E+01
   8.463957E+01   2.779317E+01
   8.464091E+01   2.779294E+01
   8.464208E+01   2.779325E+01
   8.464462E+01   2.779372E+01
   8.464534E+01   2.779500E+01
   8.464541E+01   2.779634E+01
   8.464546E+01   2.779731E+01
   8.464510E+01   2.779834E+01
   8.464516E+01   2.779914E+01
   8.464592E+01   2.779961E+01
   8.464610E+01   2.780003E+01
   8.464578E+01   2.780039E+01
   8.464451E+01   2.780041E+01
   8.464365E+01   2.780115E+01
   8.464271E+01   2.780188E+01
   8.464157E+01   2.780268E+01
   8.464080E+01   2.780347E+01
   8.463978E+01   2.780384E+01
   8.463875E+01   2.780493E+01
   8.463787E+01   2.780600E+01
   8.463711E+01   2.780646E+01
   8.463603E+01   2.780662E+01
   8.463561E+01   2.780726E+01
   8.463520E+01   2.780731E+01
   8.463487E+01   2.780679E+01
   8.463430E+01   2.780683E+01
   8.463390E+01   2.780734E+01
   8.463292E+01   2.780743E+01
   8.463243E+01   2.780676E+01
   8.463117E+01   2.780650E+01
   8.463046E+01   2.780738E+01
   8.463002E+01   2.780798E+01
   8.462908E+01   2.780781E+01
   8.462704E+01   2.780756E+01
   8.462619E+01   2.780823E+01
   8.462526E+01   2.780907E+01
   8.462434E+01   2.780967E+01
   8.462231E+01   2.780936E+01
   8.462090E+01   2.780918E+01
   8.461947E+01   2.780902E+01
   8.461798E+01   2.780934E+01
   8.462217E+01   2.781616E+01
   8.464285E+01   2.782220E+01
   8.466435E+01   2.782424E+01
   8.466101E+01   2.783105E+01
   8.466411E+01   2.784081E+01
   8.466165E+01   2.784537E+01
   8.465924E+01   2.785065E+01
   8.465597E+01   2.785226E+01
   8.464716E+01   2.785361E+01
   8.464800E+01   2.785647E+01
   8.464966E+01   2.785926E+01
   8.463934E+01   2.785973E+01
   8.462905E+01   2.787029E+01
   8.462731E+01   2.787779E+01
   8.461912E+01   2.788088E+01
   8.461377E+01   2.787296E+01
   8.460379E+01   2.787432E+01
   8.459391E+01   2.787706E+01
   8.458875E+01   2.787893E+01
   8.458085E+01   2.787452E+01
   8.457763E+01   2.786673E+01
   8.456592E+01   2.785859E+01
   8.455785E+01   2.785645E+01
   8.455798E+01   2.784915E+01
   8.455772E+01   2.784213E+01
   8.454982E+01   2.783270E+01
   8.453918E+01   2.783391E+01
   8.452933E+01   2.783378E+01
   8.452070E+01   2.783124E+01
   8.452002E+01   2.781967E+01
   8.451166E+01   2.781561E+01
   8.449616E+01   2.782103E+01
   8.449084E+01   2.782001E+01
   8.448115E+01   2.782154E+01
   8.446559E+01   2.782379E+01
   8.446490E+01   2.781885E+01
   8.445410E+01   2.782054E+01
   8.444498E+01   2.782304E+01
   8.444130E+01   2.781750E+01
   8.443519E+01   2.781546E+01
   8.443070E+01   2.779897E+01
   8.443941E+01   2.777822E+01
   8.446097E+01   2.777370E+01
   8.446789E+01   2.776586E+01
   8.447180E+01   2.775268E+01
   8.446362E+01   2.775360E+01
   8.445686E+01   2.775942E+01
   8.444848E+01   2.775772E+01
   8.443425E+01   2.774127E+01
   8.442613E+01   2.774274E+01
   8.442225E+01   2.773924E+01
   8.443120E+01   2.771103E+01
   8.441212E+01   2.769608E+01
   8.436938E+01   2.768878E+01
   8.434482E+01   2.770238E+01
   8.432444E+01   2.769081E+01
   8.430946E+01   2.767723E+01
   8.426261E+01   2.765673E+01
   8.425104E+01   2.765405E+01
   8.422815E+01   2.764493E+01
   8.420171E+01   2.763459E+01
   8.415116E+01   2.759733E+01
   8.412618E+01   2.757123E+01
   8.411897E+01   2.755525E+01
   8.408944E+01   2.755457E+01
   8.407090E+01   2.755754E+01
   8.405708E+01   2.755518E+01
   8.404327E+01   2.755061E+01
   8.403382E+01   2.753798E+01
   8.400687E+01   2.754459E+01
   8.398344E+01   2.754429E+01
   8.396112E+01   2.754992E+01
   8.394876E+01   2.754010E+01
   8.393134E+01   2.754550E+01
   8.391936E+01   2.753797E+01
   8.392171E+01   2.752084E+01
   8.393808E+01   2.751434E+01
   8.395269E+01   2.752740E+01
   8.396904E+01   2.751794E+01
   8.396497E+01   2.750508E+01
   8.394024E+01   2.749332E+01
   8.394339E+01   2.747552E+01
   8.394318E+01   2.746206E+01
   8.393463E+01   2.744876E+01
   8.393772E+01   2.744833E+01
   8.394088E+01   2.744928E+01
   8.394238E+01   2.744726E+01
   8.394203E+01   2.744534E+01
   8.394265E+01   2.744325E+01
   8.394576E+01   2.744195E+01
   8.394688E+01   2.744234E+01
   8.394896E+01   2.744228E+01
   8.395227E+01   2.744297E+01
   8.395654E+01   2.744235E+01
   8.395902E+01   2.744337E+01
   8.396108E+01   2.744462E+01
   8.396645E+01   2.744675E+01
   8.396855E+01   2.744651E+01
   8.397026E+01   2.744491E+01
   8.397055E+01   2.744308E+01
   8.397270E+01   2.744258E+01
   8.397621E+01   2.744305E+01
   8.397831E+01   2.744181E+01
   8.397714E+01   2.743946E+01
   8.397813E+01   2.743902E+01
   8.398220E+01   2.744278E+01
   8.398685E+01   2.744370E+01
   8.398922E+01   2.744439E+01
   8.399336E+01   2.744513E+01
   8.399574E+01   2.744641E+01
   8.399682E+01   2.744583E+01
   8.399691E+01   2.744447E+01
   8.399766E+01   2.744283E+01
   8.399753E+01   2.744161E+01
   8.399852E+01   2.744160E+01
   8.399904E+01   2.744235E+01
   8.400089E+01   2.744049E+01
   8.400152E+01   2.744143E+01
   8.400290E+01   2.744256E+01
   8.400336E+01   2.744151E+01
   8.400441E+01   2.744191E+01
   8.400565E+01   2.744220E+01
   8.400516E+01   2.744016E+01
   8.400564E+01   2.743983E+01
   8.400820E+01   2.744062E+01
   8.400873E+01   2.743984E+01
   8.400844E+01   2.743809E+01
   8.401055E+01   2.743725E+01
   8.401320E+01   2.743756E+01
   8.401461E+01   2.743610E+01
   8.401618E+01   2.743447E+01
   8.401806E+01   2.743505E+01
   8.401858E+01   2.743634E+01
   8.401931E+01   2.743565E+01
   8.402055E+01   2.743474E+01
   8.402099E+01   2.743366E+01
   8.402204E+01   2.743330E+01
   8.402389E+01   2.743267E+01
   8.402451E+01   2.743365E+01
   8.402556E+01   2.743454E+01
   8.402633E+01   2.743384E+01
   8.402688E+01   2.743337E+01
   8.402725E+01   2.743397E+01
   8.402711E+01   2.743613E+01
   8.402649E+01   2.743706E+01
   8.402547E+01   2.743818E+01
   8.402757E+01   2.743976E+01
   8.402935E+01   2.743934E+01
   8.403043E+01   2.743862E+01
   8.403139E+01   2.743994E+01
   8.403142E+01   2.744138E+01
   8.403327E+01   2.744168E+01
   8.403731E+01   2.744296E+01
   8.404248E+01   2.744298E+01
   8.404548E+01   2.744381E+01
   8.404806E+01   2.744302E+01
   8.405374E+01   2.744734E+01
   8.405555E+01   2.745066E+01
   8.405822E+01   2.745401E+01
   8.406120E+01   2.745726E+01
   8.405823E+01   2.746134E+01
   8.406058E+01   2.746296E+01
   8.406213E+01   2.746708E+01
   8.406682E+01   2.747010E+01
   8.406785E+01   2.747679E+01
   8.407029E+01   2.748158E+01
   8.407146E+01   2.748090E+01
   8.407537E+01   2.748273E+01
   8.408005E+01   2.748447E+01
   8.408222E+01   2.748337E+01
   8.408847E+01   2.748535E+01
   8.409105E+01   2.748897E+01
   8.409579E+01   2.749230E+01
   8.409744E+01   2.749804E+01
   8.409853E+01   2.750100E+01
   8.409887E+01   2.750552E+01
   8.409953E+01   2.751241E+01
   8.410041E+01   2.751744E+01
   8.410342E+01   2.751894E+01
   8.410817E+01   2.752163E+01
   8.410940E+01   2.752038E+01
   8.411415E+01   2.751906E+01
   8.411735E+01   2.751458E+01
   8.411908E+01   2.751262E+01
   8.412253E+01   2.751192E+01
   8.412829E+01   2.751167E+01
   8.413336E+01   2.751467E+01
   8.413597E+01   2.751572E+01
   8.413893E+01   2.751777E+01
   8.414033E+01   2.751780E+01
   8.414400E+01   2.751718E+01
   8.415086E+01   2.751658E+01
   8.415050E+01   2.751310E+01
   8.415054E+01   2.751175E+01
   8.414920E+01   2.750812E+01
   8.414886E+01   2.750595E+01
   8.414866E+01   2.750232E+01
   8.414505E+01   2.749746E+01
   8.414586E+01   2.749422E+01
   8.414748E+01   2.749041E+01
   8.414864E+01   2.748712E+01
   8.415399E+01   2.748454E+01
   8.415780E+01   2.748426E+01
   8.416418E+01   2.748408E+01
   8.416802E+01   2.747967E+01
   8.417132E+01   2.747629E+01
   8.417761E+01   2.747413E+01
   8.417961E+01   2.747494E+01
   8.418391E+01   2.747245E+01
   8.418635E+01   2.747284E+01
   8.418951E+01   2.747091E+01
   8.419236E+01   2.747079E+01
   8.419483E+01   2.747293E+01
   8.419887E+01   2.747227E+01
   8.420576E+01   2.746957E+01
   8.420880E+01   2.746591E+01
   8.420413E+01   2.745921E+01
   8.420722E+01   2.745543E+01
   8.420816E+01   2.745347E+01
   8.420727E+01   2.744830E+01
   8.420760E+01   2.744420E+01
   8.420911E+01   2.744266E+01
   8.421385E+01   2.744193E+01
   8.421701E+01   2.744191E+01
   8.422105E+01   2.744289E+01
   8.422024E+01   2.744806E+01
   8.422500E+01   2.745140E+01
   8.422893E+01   2.745380E+01
   8.423091E+01   2.745639E+01
   8.423946E+01   2.745279E+01
   8.424422E+01   2.745519E+01
   8.424647E+01   2.745321E+01
   8.425080E+01   2.745376E+01
   8.425408E+01   2.745283E+01
   8.425464E+01   2.745016E+01
   8.425975E+01   2.744599E+01
   8.425860E+01   2.743975E+01
   8.426429E+01   2.743550E+01
   8.426929E+01   2.743116E+01
   8.427267E+01   2.742670E+01
   8.427320E+01   2.742258E+01
   8.427761E+01   2.741716E+01
   8.427767E+01   2.741038E+01
   8.427808E+01   2.740465E+01
   8.427512E+01   2.740061E+01
   8.427622E+01   2.739812E+01
   8.427746E+01   2.739609E+01
   8.428105E+01   2.739744E+01
   8.428465E+01   2.739368E+01
   8.428999E+01   2.738705E+01
   8.429571E+01   2.738602E+01
   8.429691E+01   2.738879E+01
   8.429894E+01   2.738990E+01
   8.430280E+01   2.738983E+01
   8.431055E+01   2.738712E+01
   8.431589E+01   2.738417E+01
   8.432204E+01   2.738203E+01
   8.432900E+01   2.738052E+01
   8.433709E+01   2.737842E+01
   8.434704E+01   2.737555E+01
   8.435343E+01   2.737498E+01
   8.436235E+01   2.737559E+01
   8.436681E+01   2.737451E+01
   8.437209E+01   2.737665E+01
   8.438351E+01   2.737458E+01
   8.438777E+01   2.737296E+01
   8.439248E+01   2.736926E+01
   8.439799E+01   2.737059E+01
   8.440130E+01   2.737126E+01
   8.440586E+01   2.737170E+01
   8.441244E+01   2.737070E+01
   8.441728E+01   2.737075E+01
   8.442342E+01   2.737307E+01
   8.443078E+01   2.737222E+01
   8.443392E+01   2.737071E+01
   8.443933E+01   2.737073E+01
   8.444247E+01   2.737058E+01
   8.444499E+01   2.736574E+01
   8.445102E+01   2.736427E+01
   8.445745E+01   2.736335E+01
   8.446181E+01   2.736046E+01
   8.446491E+01   2.736053E+01
   8.446988E+01   2.735613E+01
   8.447282E+01   2.735918E+01
   8.447727E+01   2.736303E+01
   8.448623E+01   2.735891E+01
   8.449476E+01   2.737663E+01
   8.450981E+01   2.738047E+01
   8.452980E+01   2.738207E+01
   8.453873E+01   2.738886E+01
   8.453517E+01   2.740333E+01
   8.453912E+01   2.741252E+01
   8.453650E+01   2.741579E+01
   8.454774E+01   2.742686E+01
   8.455547E+01   2.744131E+01
   8.456466E+01   2.746375E+01
   8.458175E+01   2.745464E+01
   8.459359E+01   2.745359E+01
   8.460683E+01   2.745468E+01
   8.462801E+01   2.745099E+01
   8.464716E+01   2.742923E+01
   8.466540E+01   2.743467E+01
   8.467464E+01   2.744641E+01
   8.468007E+01   2.744824E+01
   8.468274E+01   2.745049E+01
   8.468561E+01   2.745583E+01
   8.469251E+01   2.745961E+01
   8.468589E+01   2.746235E+01
   8.469045E+01   2.746633E+01
   8.469292E+01   2.747017E+01
   8.469634E+01   2.747513E+01
   8.469594E+01   2.748013E+01
   8.469242E+01   2.749212E+01
   8.467979E+01   2.751512E+01
   8.467859E+01   2.752790E+01
   8.468235E+01   2.754162E+01
   8.467993E+01   2.755153E+01
   8.468641E+01   2.756004E+01
   8.469391E+01   2.756379E+01
   8.470792E+01   2.756065E+01
   8.471422E+01   2.756640E+01
   8.473082E+01   2.758146E+01
   8.473349E+01   2.758743E+01
   8.473325E+01   2.758891E+01
   8.473406E+01   2.759127E+01
   8.473332E+01   2.759445E+01
   8.473644E+01   2.760144E+01
   8.473621E+01   2.760461E+01
   8.473577E+01   2.760730E+01
   8.473405E+01   2.761332E+01
   8.473059E+01   2.762012E+01
   8.472270E+01   2.762640E+01
   8.471852E+01   2.763414E+01
   8.472209E+01   2.764689E+01
   8.473086E+01   2.765340E+01
   8.473130E+01   2.765514E+01
   8.473520E+01   2.765700E+01
   8.474265E+01   2.765039E+01
   8.474703E+01   2.764938E+01
   8.475211E+01   2.764993E+01
   8.475922E+01   2.765391E+01
   8.476965E+01   2.766823E+01
   8.478315E+01   2.768024E+01
