   8.310723E+01   2.863236E+01
   8.311557E+01   2.863109E+01
   8.311525E+01   2.864359E+01
   8.311658E+01   2.866987E+01
   8.312843E+01   2.867441E+01
   8.314609E+01   2.868172E+01
   8.314336E+01   2.869394E+01
   8.315213E+01   2.870186E+01
   8.315034E+01   2.871228E+01
   8.314312E+01   2.873638E+01
   8.312693E+01   2.874644E+01
   8.310647E+01   2.875064E+01
   8.310244E+01   2.876059E+01
   8.309140E+01   2.877230E+01
   8.308073E+01   2.878093E+01
   8.306903E+01   2.878073E+01
   8.304573E+01   2.878806E+01
   8.303648E+01   2.879380E+01
   8.302059E+01   2.879204E+01
   8.299773E+01   2.880309E+01
   8.297858E+01   2.880226E+01
   8.297049E+01   2.881231E+01
   8.296139E+01   2.882022E+01
   8.293714E+01   2.882806E+01
   8.290766E+01   2.883207E+01
   8.289027E+01   2.882635E+01
   8.287524E+01   2.883118E+01
   8.285695E+01   2.883273E+01
   8.284669E+01   2.882551E+01
   8.283523E+01   2.883361E+01
   8.281834E+01   2.883091E+01
   8.280041E+01   2.882172E+01
   8.279467E+01   2.881949E+01
   8.278342E+01   2.882412E+01
   8.277101E+01   2.881463E+01
   8.276027E+01   2.881711E+01
   8.275604E+01   2.882510E+01
   8.274358E+01   2.884489E+01
   8.273319E+01   2.884829E+01
   8.271863E+01   2.885053E+01
   8.270268E+01   2.885817E+01
   8.269718E+01   2.887047E+01
   8.269999E+01   2.888447E+01
   8.269243E+01   2.889143E+01
   8.270140E+01   2.890777E+01
   8.268806E+01   2.891551E+01
   8.268335E+01   2.892710E+01
   8.267453E+01   2.894109E+01
   8.266892E+01   2.895198E+01
   8.265904E+01   2.896299E+01
   8.263981E+01   2.896286E+01
   8.262403E+01   2.897377E+01
   8.261086E+01   2.897794E+01
   8.259155E+01   2.898200E+01
   8.257836E+01   2.898965E+01
   8.257359E+01   2.898915E+01
   8.255608E+01   2.898869E+01
   8.254244E+01   2.898215E+01
   8.253685E+01   2.897738E+01
   8.253585E+01   2.897373E+01
   8.252868E+01   2.896639E+01
   8.252306E+01   2.896009E+01
   8.251966E+01   2.895633E+01
   8.251474E+01   2.895135E+01
   8.251647E+01   2.893095E+01
   8.250758E+01   2.890144E+01
   8.250146E+01   2.888957E+01
   8.249795E+01   2.887980E+01
   8.248347E+01   2.887229E+01
   8.246861E+01   2.886763E+01
   8.246372E+01   2.887303E+01
   8.245767E+01   2.887363E+01
   8.244882E+01   2.886843E+01
   8.244019E+01   2.886151E+01
   8.243547E+01   2.885833E+01
   8.243166E+01   2.885329E+01
   8.242305E+01   2.884866E+01
   8.241587E+01   2.884836E+01
   8.241197E+01   2.884494E+01
   8.240587E+01   2.884413E+01
   8.239982E+01   2.884192E+01
   8.239836E+01   2.883799E+01
   8.238982E+01   2.883532E+01
   8.238619E+01   2.882913E+01
   8.238218E+01   2.882539E+01
   8.237873E+01   2.882393E+01
   8.237519E+01   2.882052E+01
   8.236854E+01   2.881009E+01
   8.236856E+01   2.880324E+01
   8.236386E+01   2.879869E+01
   8.236098E+01   2.879417E+01
   8.235835E+01   2.879289E+01
   8.235272E+01   2.879277E+01
   8.234692E+01   2.879128E+01
   8.234579E+01   2.878691E+01
   8.233985E+01   2.878676E+01
   8.233180E+01   2.878564E+01
   8.231819E+01   2.878621E+01
   8.231263E+01   2.878568E+01
   8.230425E+01   2.878643E+01
   8.229448E+01   2.878511E+01
   8.229287E+01   2.877626E+01
   8.228768E+01   2.876822E+01
   8.228506E+01   2.875969E+01
   8.228946E+01   2.875548E+01
   8.228392E+01   2.874861E+01
   8.228905E+01   2.874226E+01
   8.228735E+01   2.873548E+01
   8.228284E+01   2.873185E+01
   8.228901E+01   2.872679E+01
   8.228613E+01   2.872050E+01
   8.228395E+01   2.871425E+01
   8.227713E+01   2.870819E+01
   8.227698E+01   2.870317E+01
   8.228027E+01   2.869921E+01
   8.227922E+01   2.869229E+01
   8.227110E+01   2.869516E+01
   8.226424E+01   2.870054E+01
   8.226031E+01   2.870758E+01
   8.224972E+01   2.871194E+01
   8.223617E+01   2.870712E+01
   8.222748E+01   2.868811E+01
   8.221166E+01   2.868017E+01
   8.220492E+01   2.868044E+01
   8.219807E+01   2.867810E+01
   8.219520E+01   2.867126E+01
   8.219404E+01   2.865700E+01
   8.218985E+01   2.863894E+01
   8.219059E+01   2.863246E+01
   8.218446E+01   2.862227E+01
   8.219122E+01   2.862348E+01
   8.219548E+01   2.862312E+01
   8.219810E+01   2.862233E+01
   8.222243E+01   2.860762E+01
   8.224503E+01   2.860479E+01
   8.225667E+01   2.859992E+01
   8.226513E+01   2.859668E+01
   8.227295E+01   2.859312E+01
   8.227653E+01   2.859532E+01
   8.228304E+01   2.859695E+01
   8.228564E+01   2.859633E+01
   8.229549E+01   2.859642E+01
   8.230153E+01   2.859666E+01
   8.230559E+01   2.859679E+01
   8.231026E+01   2.859425E+01
   8.231629E+01   2.859205E+01
   8.232322E+01   2.859146E+01
   8.232776E+01   2.859204E+01
   8.233069E+01   2.859015E+01
   8.233711E+01   2.858976E+01
   8.233977E+01   2.858967E+01
   8.234572E+01   2.858606E+01
   8.235311E+01   2.857694E+01
   8.236423E+01   2.857431E+01
   8.237557E+01   2.856676E+01
   8.238182E+01   2.854801E+01
   8.238383E+01   2.852863E+01
   8.239655E+01   2.853104E+01
   8.241121E+01   2.853351E+01
   8.242171E+01   2.852748E+01
   8.243092E+01   2.852469E+01
   8.244398E+01   2.852270E+01
   8.246298E+01   2.852130E+01
   8.247970E+01   2.853064E+01
   8.249475E+01   2.854408E+01
   8.249527E+01   2.855429E+01
   8.251336E+01   2.855308E+01
   8.252297E+01   2.855687E+01
   8.253539E+01   2.855459E+01
   8.254422E+01   2.852711E+01
   8.255005E+01   2.852483E+01
   8.255832E+01   2.852395E+01
   8.256330E+01   2.852234E+01
   8.257238E+01   2.851735E+01
   8.258516E+01   2.851285E+01
   8.259679E+01   2.850786E+01
   8.260510E+01   2.850989E+01
   8.261668E+01   2.850989E+01
   8.264153E+01   2.849493E+01
   8.266106E+01   2.849987E+01
   8.268216E+01   2.851788E+01
   8.268308E+01   2.852032E+01
   8.269495E+01   2.851833E+01
   8.269661E+01   2.851120E+01
   8.270135E+01   2.850996E+01
   8.270523E+01   2.850992E+01
   8.271113E+01   2.851372E+01
   8.271181E+01   2.851567E+01
   8.271911E+01   2.852207E+01
   8.272541E+01   2.852365E+01
   8.273407E+01   2.852599E+01
   8.274248E+01   2.852228E+01
   8.274279E+01   2.851265E+01
   8.275276E+01   2.850591E+01
   8.276286E+01   2.850297E+01
   8.278266E+01   2.849937E+01
   8.280544E+01   2.849348E+01
   8.281078E+01   2.849027E+01
   8.281952E+01   2.848737E+01
   8.282593E+01   2.848489E+01
   8.283285E+01   2.847846E+01
   8.284369E+01   2.848005E+01
   8.286017E+01   2.847797E+01
   8.286873E+01   2.847883E+01
   8.287866E+01   2.847583E+01
   8.290222E+01   2.847570E+01
   8.291110E+01   2.848133E+01
   8.289669E+01   2.849276E+01
   8.288963E+01   2.850083E+01
   8.287511E+01   2.851654E+01
   8.290847E+01   2.852325E+01
   8.291130E+01   2.852926E+01
   8.291241E+01   2.853313E+01
   8.291334E+01   2.853730E+01
   8.291147E+01   2.854280E+01
   8.291325E+01   2.854714E+01
   8.291460E+01   2.855230E+01
   8.291520E+01   2.855743E+01
   8.291537E+01   2.856211E+01
   8.291836E+01   2.856384E+01
   8.292822E+01   2.856661E+01
   8.294036E+01   2.856076E+01
   8.294473E+01   2.855749E+01
   8.295521E+01   2.855096E+01
   8.298022E+01   2.854951E+01
   8.298586E+01   2.857118E+01
   8.297470E+01   2.857475E+01
   8.296221E+01   2.858208E+01
   8.295494E+01   2.859228E+01
   8.295321E+01   2.859878E+01
   8.295586E+01   2.860523E+01
   8.295677E+01   2.861016E+01
   8.296344E+01   2.861344E+01
   8.297362E+01   2.862437E+01
   8.297387E+01   2.862616E+01
   8.297473E+01   2.862672E+01
   8.297560E+01   2.862756E+01
   8.297665E+01   2.862867E+01
   8.297764E+01   2.862911E+01
   8.297922E+01   2.862907E+01
   8.298067E+01   2.862938E+01
   8.298157E+01   2.863014E+01
   8.298212E+01   2.863070E+01
   8.298297E+01   2.863052E+01
   8.298392E+01   2.863030E+01
   8.298440E+01   2.862972E+01
   8.298529E+01   2.862951E+01
   8.298591E+01   2.862932E+01
   8.298598E+01   2.862867E+01
   8.298667E+01   2.862853E+01
   8.298714E+01   2.862810E+01
   8.298770E+01   2.862773E+01
   8.298816E+01   2.862727E+01
   8.298834E+01   2.862661E+01
   8.298935E+01   2.862546E+01
   8.298971E+01   2.862500E+01
   8.299026E+01   2.862496E+01
   8.299093E+01   2.862560E+01
   8.299166E+01   2.862615E+01
   8.299235E+01   2.862629E+01
   8.299258E+01   2.862671E+01
   8.299342E+01   2.862648E+01
   8.299407E+01   2.862552E+01
   8.299448E+01   2.862503E+01
   8.299600E+01   2.862491E+01
   8.299694E+01   2.862462E+01
   8.299769E+01   2.862430E+01
   8.299846E+01   2.862419E+01
   8.299938E+01   2.862360E+01
   8.300057E+01   2.862339E+01
   8.300073E+01   2.862382E+01
   8.300117E+01   2.862429E+01
   8.300230E+01   2.862418E+01
   8.300304E+01   2.862353E+01
   8.300448E+01   2.862281E+01
   8.300509E+01   2.862219E+01
   8.300591E+01   2.862202E+01
   8.300675E+01   2.862258E+01
   8.300701E+01   2.862302E+01
   8.300767E+01   2.862324E+01
   8.300807E+01   2.862355E+01
   8.300874E+01   2.862343E+01
   8.300957E+01   2.862350E+01
   8.301086E+01   2.862278E+01
   8.301156E+01   2.862245E+01
   8.301245E+01   2.862236E+01
   8.301315E+01   2.862204E+01
   8.301389E+01   2.862148E+01
   8.301444E+01   2.862133E+01
   8.301476E+01   2.862161E+01
   8.301555E+01   2.862173E+01
   8.301644E+01   2.862149E+01
   8.301739E+01   2.862162E+01
   8.301879E+01   2.862116E+01
   8.301984E+01   2.862126E+01
   8.302119E+01   2.862273E+01
   8.302240E+01   2.862414E+01
   8.302291E+01   2.862539E+01
   8.302368E+01   2.862595E+01
   8.302434E+01   2.862600E+01
   8.302490E+01   2.862625E+01
   8.302556E+01   2.862663E+01
   8.302659E+01   2.862651E+01
   8.302711E+01   2.862623E+01
   8.302756E+01   2.862598E+01
   8.302851E+01   2.862588E+01
   8.302938E+01   2.862552E+01
   8.303123E+01   2.862568E+01
   8.303241E+01   2.862584E+01
   8.303323E+01   2.862560E+01
   8.303413E+01   2.862538E+01
   8.303478E+01   2.862555E+01
   8.303534E+01   2.862575E+01
   8.303586E+01   2.862589E+01
   8.303631E+01   2.862630E+01
   8.303718E+01   2.862644E+01
   8.303805E+01   2.862727E+01
   8.303863E+01   2.862768E+01
   8.303925E+01   2.862836E+01
   8.303979E+01   2.862904E+01
   8.304042E+01   2.862910E+01
   8.304111E+01   2.862936E+01
   8.304203E+01   2.862954E+01
   8.304317E+01   2.863000E+01
   8.304352E+01   2.862966E+01
   8.304375E+01   2.862937E+01
   8.304473E+01   2.862901E+01
   8.304605E+01   2.862865E+01
   8.304685E+01   2.862795E+01
   8.304744E+01   2.862727E+01
   8.304819E+01   2.862729E+01
   8.304884E+01   2.862714E+01
   8.304948E+01   2.862677E+01
   8.305009E+01   2.862614E+01
   8.305043E+01   2.862561E+01
   8.305155E+01   2.862527E+01
   8.305232E+01   2.862459E+01
   8.305277E+01   2.862376E+01
   8.305293E+01   2.862338E+01
   8.305335E+01   2.862294E+01
   8.305355E+01   2.862237E+01
   8.305464E+01   2.862130E+01
   8.305589E+01   2.862068E+01
   8.305649E+01   2.861991E+01
   8.305722E+01   2.861953E+01
   8.305775E+01   2.861988E+01
   8.305854E+01   2.862054E+01
   8.305937E+01   2.862089E+01
   8.306023E+01   2.862086E+01
   8.306113E+01   2.862113E+01
   8.306183E+01   2.862163E+01
   8.306261E+01   2.862174E+01
   8.306332E+01   2.862206E+01
   8.306382E+01   2.862194E+01
   8.306428E+01   2.862200E+01
   8.306489E+01   2.862244E+01
   8.306552E+01   2.862255E+01
   8.306614E+01   2.862276E+01
   8.306728E+01   2.862355E+01
   8.306796E+01   2.862372E+01
   8.306853E+01   2.862348E+01
   8.306909E+01   2.862348E+01
   8.306949E+01   2.862325E+01
   8.307001E+01   2.862293E+01
   8.307068E+01   2.862268E+01
   8.307179E+01   2.862261E+01
   8.307223E+01   2.862293E+01
   8.307247E+01   2.862359E+01
   8.307297E+01   2.862368E+01
   8.307379E+01   2.862352E+01
   8.307452E+01   2.862343E+01
   8.307496E+01   2.862335E+01
   8.307526E+01   2.862392E+01
   8.307561E+01   2.862438E+01
   8.307642E+01   2.862449E+01
   8.307717E+01   2.862442E+01
   8.307783E+01   2.862458E+01
   8.307838E+01   2.862466E+01
   8.307891E+01   2.862511E+01
   8.307952E+01   2.862516E+01
   8.308073E+01   2.862565E+01
   8.308143E+01   2.862586E+01
   8.308211E+01   2.862691E+01
   8.308288E+01   2.862771E+01
   8.308295E+01   2.862830E+01
   8.308330E+01   2.862907E+01
   8.308378E+01   2.863005E+01
   8.308437E+01   2.863069E+01
   8.308512E+01   2.863080E+01
   8.308590E+01   2.863118E+01
   8.308665E+01   2.863177E+01
   8.308791E+01   2.863238E+01
   8.308853E+01   2.863232E+01
   8.308918E+01   2.863235E+01
   8.308963E+01   2.863266E+01
   8.308991E+01   2.863336E+01
   8.309041E+01   2.863385E+01
   8.309100E+01   2.863423E+01
   8.309131E+01   2.863426E+01
   8.309181E+01   2.863399E+01
   8.309228E+01   2.863379E+01
   8.309293E+01   2.863387E+01
   8.309363E+01   2.863433E+01
   8.309443E+01   2.863488E+01
   8.309487E+01   2.863482E+01
   8.309503E+01   2.863456E+01
   8.309532E+01   2.863447E+01
   8.309566E+01   2.863473E+01
   8.309588E+01   2.863531E+01
   8.309609E+01   2.863544E+01
   8.309659E+01   2.863528E+01
   8.309708E+01   2.863522E+01
   8.309760E+01   2.863533E+01
   8.309820E+01   2.863493E+01
   8.309891E+01   2.863460E+01
   8.309948E+01   2.863417E+01
   8.309994E+01   2.863383E+01
   8.310037E+01   2.863388E+01
   8.310084E+01   2.863432E+01
   8.310130E+01   2.863446E+01
   8.310209E+01   2.863423E+01
   8.310227E+01   2.863384E+01
   8.310260E+01   2.863352E+01
   8.310312E+01   2.863332E+01
   8.310370E+01   2.863333E+01
   8.310448E+01   2.863335E+01
   8.310567E+01   2.863286E+01
   8.310663E+01   2.863248E+01
   8.310723E+01   2.863236E+01
